#!SbcSavedTrendFile;Version_4;Html5Runtime_V3.0;
#!SBC trends log file generated on: 20.03.2024 08:20:56;
6;
Cpt_Admin	-20	1000000000	255,0,0;
Cpt_CTA	-20	1000000000	0,64,0;
Cpt_Autres Poles	-20	1000000000	0,0,128;
remplissage ef	-20	1000000000	128,0,128;
puisage ef	-20	1000000000	255,255,0;
general ef	-20	1000000000	255,128,128;

#!(s);Date;Time;Cpt_Admin;Cpt_CTA;Cpt_Autres Poles;remplissage ef;puisage ef;general ef;
1701389697;01.12.2023;00:14:57;75.061;84.401;139.451;240.6;8.5;439.9;
1701390598;01.12.2023;00:29:58;75.063;84.417;139.461;240.6;8.5;439.9;
1701391498;01.12.2023;00:44:58;75.064;84.433;139.471;240.6;8.5;439.9;
1701392398;01.12.2023;00:59:58;75.066;84.448;139.482;240.6;8.5;439.9;
1701393298;01.12.2023;01:14:58;75.068;84.464;139.491;240.6;8.5;439.9;
1701394199;01.12.2023;01:29:59;75.069;84.478;139.498;240.6;8.5;439.9;
1701395099;01.12.2023;01:44:59;75.07;84.494;139.506;240.6;8.5;439.9;
1701395999;01.12.2023;01:59:59;75.072;84.509;139.514;240.6;8.5;439.9;
1701396900;01.12.2023;02:15:00;75.074;84.525;139.523;240.6;8.5;439.9;
1701397800;01.12.2023;02:30:00;75.076;84.541;139.533;240.6;8.5;439.9;
1701398700;01.12.2023;02:45:00;75.077;84.556;139.544;240.6;8.5;439.9;
1701399601;01.12.2023;03:00:01;75.079;84.572;139.553;240.6;8.5;439.9;
1701400501;01.12.2023;03:15:01;75.089;84.585;139.571;240.6;8.5;439.9;
1701401401;01.12.2023;03:30:01;75.094;84.602;139.588;240.6;8.5;439.9;
1701402301;01.12.2023;03:45:01;75.099;84.621;139.604;240.6;8.5;439.9;
1701403202;01.12.2023;04:00:02;75.104;84.641;139.619;240.6;8.5;439.9;
1701404102;01.12.2023;04:15:02;75.109;84.66;139.633;240.6;8.5;439.9;
1701405002;01.12.2023;04:30:02;75.114;84.68;139.648;240.6;8.5;439.9;
1701405903;01.12.2023;04:45:03;75.119;84.699;139.663;240.6;8.5;439.9;
1701406803;01.12.2023;05:00:03;75.123;84.718;139.677;240.6;8.5;439.9;
1701407703;01.12.2023;05:15:03;75.128;84.737;139.694;240.6;8.5;439.9;
1701408604;01.12.2023;05:30:04;75.132;84.756;139.709;240.6;8.5;439.9;
1701409504;01.12.2023;05:45:04;75.137;84.776;139.723;240.6;8.5;440;
1701410404;01.12.2023;06:00:04;75.141;84.795;139.737;240.6;8.5;440;
1701411305;01.12.2023;06:15:05;75.145;84.813;139.751;240.6;8.5;440;
1701412205;01.12.2023;06:30:05;75.149;84.831;139.766;240.6;8.5;440.1;
1701413105;01.12.2023;06:45:05;75.152;84.85;139.779;240.6;8.5;440.1;
1701414005;01.12.2023;07:00:05;75.155;84.868;139.793;240.6;8.5;440.1;
1701414906;01.12.2023;07:15:06;75.158;84.886;139.806;240.6;8.5;440.1;
1701415806;01.12.2023;07:30:06;75.161;84.904;139.82;240.6;8.5;440.1;
1701416706;01.12.2023;07:45:06;75.163;84.923;139.834;240.6;8.5;440.1;
1701417607;01.12.2023;08:00:07;75.166;84.941;139.847;240.6;8.5;440.1;
1701418507;01.12.2023;08:15:07;75.17;84.958;139.86;240.6;8.5;440.1;
1701419407;01.12.2023;08:30:07;75.174;84.976;139.872;240.6;8.5;440.1;
1701420308;01.12.2023;08:45:08;75.177;84.994;139.885;240.6;8.5;440.1;
1701421208;01.12.2023;09:00:08;75.18;85.013;139.897;240.6;8.5;440.1;
1701422108;01.12.2023;09:15:08;75.184;85.031;139.909;240.6;8.5;440.1;
1701423009;01.12.2023;09:30:09;75.187;85.05;139.921;240.6;8.5;440.2;
1701423909;01.12.2023;09:45:09;75.191;85.069;139.933;240.6;8.5;440.2;
1701424809;01.12.2023;10:00:09;75.194;85.088;139.946;240.6;8.5;440.2;
1701425709;01.12.2023;10:15:09;75.197;85.106;139.958;240.6;8.5;440.2;
1701426610;01.12.2023;10:30:10;75.2;85.126;139.971;240.6;8.5;440.2;
1701427510;01.12.2023;10:45:10;75.203;85.144;139.983;240.6;8.5;440.2;
1701428410;01.12.2023;11:00:10;75.206;85.163;139.996;240.6;8.5;440.2;
1701429311;01.12.2023;11:15:11;75.209;85.181;140.008;240.6;8.5;440.3;
1701430211;01.12.2023;11:30:11;75.212;85.199;140.02;240.6;8.5;440.3;
1701431111;01.12.2023;11:45:11;75.216;85.217;140.031;240.6;8.5;440.4;
1701432012;01.12.2023;12:00:12;75.221;85.234;140.043;240.6;8.5;440.4;
1701432912;01.12.2023;12:15:12;75.224;85.252;140.054;240.6;8.5;440.4;
1701433812;01.12.2023;12:30:12;75.226;85.27;140.066;240.6;8.5;440.4;
1701434712;01.12.2023;12:45:12;75.228;85.288;140.077;240.6;8.5;440.4;
1701435613;01.12.2023;13:00:13;75.231;85.306;140.089;240.6;8.5;440.5;
1701436513;01.12.2023;13:15:13;75.233;85.323;140.1;240.6;8.5;440.5;
1701437413;01.12.2023;13:30:13;75.237;85.342;140.111;240.6;8.5;440.5;
1701438314;01.12.2023;13:45:14;75.241;85.36;140.123;240.6;8.5;440.6;
1701439214;01.12.2023;14:00:14;75.245;85.378;140.135;240.6;8.5;440.6;
1701440114;01.12.2023;14:15:14;75.249;85.396;140.146;240.6;8.5;440.6;
1701441015;01.12.2023;14:30:15;75.252;85.414;140.156;240.6;8.5;440.7;
1701441915;01.12.2023;14:45:15;75.255;85.434;140.171;240.6;8.5;440.7;
1701442815;01.12.2023;15:00:15;75.258;85.455;140.185;240.6;8.5;440.7;
1701443715;01.12.2023;15:15:15;75.261;85.475;140.2;240.6;8.5;440.8;
1701444616;01.12.2023;15:30:16;75.264;85.496;140.215;240.6;8.5;440.8;
1701445516;01.12.2023;15:45:16;75.268;85.517;140.229;240.6;8.5;440.8;
1701446416;01.12.2023;16:00:16;75.272;85.538;140.244;240.6;8.5;440.9;
1701447317;01.12.2023;16:15:17;75.277;85.559;140.26;240.6;8.5;440.9;
1701448217;01.12.2023;16:30:17;75.281;85.58;140.276;240.6;8.5;441;
1701449117;01.12.2023;16:45:17;75.284;85.6;140.291;240.6;8.5;441;
1701450018;01.12.2023;17:00:18;75.288;85.62;140.305;240.6;8.5;441;
1701450918;01.12.2023;17:15:18;75.291;85.64;140.32;240.6;8.5;441;
1701451818;01.12.2023;17:30:18;75.296;85.659;140.334;240.6;8.5;441.1;
1701452719;01.12.2023;17:45:19;75.301;85.679;140.347;240.6;8.5;441.1;
1701453619;01.12.2023;18:00:19;75.306;85.699;140.361;240.6;8.5;441.1;
1701454519;01.12.2023;18:15:19;75.309;85.719;140.375;240.6;8.5;441.1;
1701455419;01.12.2023;18:30:19;75.312;85.74;140.39;240.6;8.5;441.1;
1701456320;01.12.2023;18:45:20;75.314;85.757;140.405;240.6;8.5;441.1;
1701457220;01.12.2023;19:00:20;75.315;85.774;140.417;240.6;8.5;441.1;
1701458120;01.12.2023;19:15:20;75.316;85.79;140.425;240.6;8.5;441.1;
1701459021;01.12.2023;19:30:21;75.317;85.807;140.433;240.6;8.5;441.1;
1701459921;01.12.2023;19:45:21;75.318;85.825;140.44;240.6;8.5;441.1;
1701460821;01.12.2023;20:00:21;75.32;85.843;140.447;240.6;8.5;441.1;
1701461722;01.12.2023;20:15:22;75.322;85.86;140.458;240.6;8.5;441.1;
1701462622;01.12.2023;20:30:22;75.323;85.877;140.467;240.6;8.5;441.1;
1701463522;01.12.2023;20:45:22;75.325;85.893;140.476;240.6;8.5;441.1;
1701464423;01.12.2023;21:00:23;75.326;85.91;140.484;240.6;8.5;441.1;
1701465323;01.12.2023;21:15:23;75.328;85.926;140.492;240.6;8.5;441.1;
1701466223;01.12.2023;21:30:23;75.33;85.943;140.501;240.6;8.5;441.1;
1701467123;01.12.2023;21:45:23;75.331;85.959;140.514;240.6;8.5;441.1;
1701468024;01.12.2023;22:00:24;75.332;85.976;140.528;240.6;8.5;441.1;
1701468924;01.12.2023;22:15:24;75.334;85.993;140.542;240.6;8.5;441.1;
1701469824;01.12.2023;22:30:24;75.336;86.012;140.554;240.6;8.5;441.1;
1701470725;01.12.2023;22:45:25;75.338;86.029;140.565;240.6;8.5;441.1;
1701471625;01.12.2023;23:00:25;75.34;86.047;140.577;240.6;8.5;441.1;
1701472525;01.12.2023;23:15:25;75.342;86.064;140.59;240.6;8.5;441.1;
1701473426;01.12.2023;23:30:26;75.344;86.083;140.601;240.6;8.5;441.1;
1701474326;01.12.2023;23:45:26;75.346;86.101;140.612;240.6;8.5;441.1;
1701475226;02.12.2023;00:00:26;75.347;86.118;140.624;240.6;8.5;441.1;
1701476127;02.12.2023;00:15:27;75.348;86.136;140.635;240.6;8.5;441.1;
1701477027;02.12.2023;00:30:27;75.35;86.154;140.646;240.6;8.5;441.1;
1701477927;02.12.2023;00:45:27;75.351;86.172;140.657;240.6;8.5;441.1;
1701478827;02.12.2023;01:00:27;75.352;86.19;140.671;240.6;8.5;441.1;
1701479728;02.12.2023;01:15:28;75.355;86.208;140.684;240.6;8.5;441.1;
1701480628;02.12.2023;01:30:28;75.357;86.227;140.697;240.6;8.5;441.1;
1701481528;02.12.2023;01:45:28;75.359;86.245;140.712;240.6;8.5;441.1;
1701482429;02.12.2023;02:00:29;75.362;86.263;140.727;240.6;8.5;441.1;
1701483329;02.12.2023;02:15:29;75.367;86.282;140.74;240.6;8.5;441.1;
1701484229;02.12.2023;02:30:29;75.37;86.3;140.754;240.6;8.5;441.1;
1701485130;02.12.2023;02:45:30;75.372;86.32;140.767;240.6;8.5;441.1;
1701486030;02.12.2023;03:00:30;75.374;86.338;140.78;240.6;8.5;441.1;
1701486930;02.12.2023;03:15:30;75.375;86.357;140.797;240.6;8.5;441.1;
1701487830;02.12.2023;03:30:30;75.376;86.379;140.815;240.7;8.5;441.1;
1701488731;02.12.2023;03:45:31;75.377;86.402;140.831;240.7;8.5;441.1;
1701489631;02.12.2023;04:00:31;75.379;86.425;140.847;240.7;8.5;441.1;
1701490531;02.12.2023;04:15:31;75.38;86.449;140.862;240.8;8.5;441.1;
1701491432;02.12.2023;04:30:32;75.383;86.471;140.877;240.8;8.5;441.1;
1701492332;02.12.2023;04:45:32;75.385;86.495;140.892;240.8;8.5;441.1;
1701493232;02.12.2023;05:00:32;75.389;86.518;140.907;240.8;8.5;441.1;
1701494133;02.12.2023;05:15:33;75.392;86.541;140.922;240.8;8.5;441.1;
1701495033;02.12.2023;05:30:33;75.393;86.565;140.937;240.8;8.5;441.1;
1701495933;02.12.2023;05:45:33;75.395;86.588;140.951;240.8;8.5;441.1;
1701496834;02.12.2023;06:00:34;75.397;86.612;140.966;240.8;8.5;441.1;
1701497734;02.12.2023;06:15:34;75.399;86.635;140.981;240.8;8.5;441.1;
1701498634;02.12.2023;06:30:34;75.4;86.658;140.997;240.8;8.5;441.1;
1701499534;02.12.2023;06:45:34;75.402;86.681;141.012;240.8;8.5;441.1;
1701500435;02.12.2023;07:00:35;75.405;86.705;141.028;240.8;8.5;441.1;
1701501335;02.12.2023;07:15:35;75.409;86.728;141.042;240.8;8.5;441.1;
1701502235;02.12.2023;07:30:35;75.413;86.752;141.058;240.8;8.5;441.1;
1701503136;02.12.2023;07:45:36;75.415;86.776;141.074;240.8;8.5;441.1;
1701504036;02.12.2023;08:00:36;75.417;86.801;141.09;240.8;8.5;441.1;
1701504936;02.12.2023;08:15:36;75.418;86.825;141.106;240.8;8.5;441.1;
1701505837;02.12.2023;08:30:37;75.42;86.848;141.121;240.8;8.5;441.1;
1701506737;02.12.2023;08:45:37;75.421;86.872;141.137;240.8;8.5;441.1;
1701507637;02.12.2023;09:00:37;75.423;86.895;141.152;240.8;8.5;441.1;
1701508537;02.12.2023;09:15:37;75.426;86.918;141.166;240.8;8.5;441.1;
1701509438;02.12.2023;09:30:38;75.43;86.941;141.181;240.8;8.5;441.1;
1701510338;02.12.2023;09:45:38;75.433;86.964;141.196;240.8;8.5;441.1;
1701511238;02.12.2023;10:00:38;75.436;86.988;141.211;240.8;8.5;441.1;
1701512139;02.12.2023;10:15:39;75.438;87.011;141.227;240.8;8.5;441.1;
1701513039;02.12.2023;10:30:39;75.44;87.034;141.241;240.8;8.5;441.1;
1701513939;02.12.2023;10:45:39;75.442;87.057;141.256;240.8;8.5;441.1;
1701514840;02.12.2023;11:00:40;75.444;87.08;141.271;240.8;8.5;441.1;
1701515740;02.12.2023;11:15:40;75.445;87.103;141.286;240.8;8.5;441.1;
1701516640;02.12.2023;11:30:40;75.447;87.126;141.301;240.8;8.5;441.1;
1701517540;02.12.2023;11:45:40;75.45;87.149;141.316;240.8;8.5;441.1;
1701518441;02.12.2023;12:00:41;75.452;87.172;141.33;240.8;8.5;441.1;
1701519341;02.12.2023;12:15:41;75.454;87.196;141.345;240.8;8.5;441.1;
1701520241;02.12.2023;12:30:41;75.457;87.219;141.359;240.8;8.5;441.1;
1701521142;02.12.2023;12:45:42;75.459;87.242;141.375;240.8;8.5;441.1;
1701522042;02.12.2023;13:00:42;75.461;87.265;141.39;240.8;8.5;441.1;
1701522942;02.12.2023;13:15:42;75.462;87.288;141.405;240.8;8.5;441.1;
1701523843;02.12.2023;13:30:43;75.464;87.311;141.419;240.8;8.5;441.1;
1701524743;02.12.2023;13:45:43;75.465;87.334;141.432;240.8;8.5;441.1;
1701525643;02.12.2023;14:00:43;75.467;87.357;141.445;240.8;8.5;441.1;
1701526543;02.12.2023;14:15:43;75.468;87.38;141.459;240.8;8.5;441.1;
1701527444;02.12.2023;14:30:44;75.47;87.403;141.472;240.8;8.5;441.1;
1701528344;02.12.2023;14:45:44;75.472;87.426;141.485;240.8;8.5;441.1;
1701529244;02.12.2023;15:00:44;75.474;87.449;141.498;240.8;8.5;441.1;
1701530145;02.12.2023;15:15:45;75.475;87.473;141.511;240.8;8.5;441.1;
1701531045;02.12.2023;15:30:45;75.476;87.496;141.524;240.8;8.5;441.1;
1701531945;02.12.2023;15:45:45;75.478;87.518;141.537;240.8;8.5;441.1;
1701532846;02.12.2023;16:00:46;75.48;87.541;141.549;240.8;8.5;441.1;
1701533746;02.12.2023;16:15:46;75.485;87.561;141.565;240.8;8.5;441.1;
1701534646;02.12.2023;16:30:46;75.489;87.581;141.576;240.8;8.5;441.1;
1701535546;02.12.2023;16:45:46;75.491;87.599;141.586;240.8;8.5;441.1;
1701536447;02.12.2023;17:00:47;75.494;87.619;141.596;240.8;8.5;441.1;
1701537347;02.12.2023;17:15:47;75.496;87.638;141.607;240.8;8.5;441.1;
1701538247;02.12.2023;17:30:47;75.497;87.658;141.617;240.8;8.5;441.1;
1701539148;02.12.2023;17:45:48;75.499;87.678;141.628;240.8;8.5;441.1;
1701540048;02.12.2023;18:00:48;75.502;87.698;141.638;240.8;8.5;441.1;
1701540948;02.12.2023;18:15:48;75.507;87.718;141.649;240.8;8.5;441.1;
1701541849;02.12.2023;18:30:49;75.512;87.738;141.659;240.8;8.5;441.1;
1701542749;02.12.2023;18:45:49;75.515;87.758;141.67;240.8;8.5;441.1;
1701543649;02.12.2023;19:00:49;75.517;87.779;141.681;240.8;8.5;441.1;
1701544549;02.12.2023;19:15:49;75.519;87.797;141.691;240.8;8.5;441.1;
1701545450;02.12.2023;19:30:50;75.521;87.817;141.706;240.8;8.5;441.1;
1701546350;02.12.2023;19:45:50;75.523;87.838;141.72;240.8;8.5;441.1;
1701547250;02.12.2023;20:00:50;75.526;87.859;141.732;240.8;8.5;441.1;
1701548151;02.12.2023;20:15:51;75.529;87.88;141.744;240.8;8.5;441.1;
1701549051;02.12.2023;20:30:51;75.533;87.901;141.755;240.8;8.5;441.1;
1701549951;02.12.2023;20:45:51;75.537;87.921;141.766;240.8;8.5;441.1;
1701550852;02.12.2023;21:00:52;75.54;87.942;141.777;240.8;8.5;441.1;
1701551752;02.12.2023;21:15:52;75.543;87.962;141.79;240.8;8.5;441.1;
1701552652;02.12.2023;21:30:52;75.545;87.983;141.804;240.8;8.5;441.1;
1701553552;02.12.2023;21:45:52;75.548;88.003;141.818;240.8;8.5;441.1;
1701554453;02.12.2023;22:00:53;75.551;88.024;141.831;240.8;8.5;441.1;
1701555353;02.12.2023;22:15:53;75.556;88.045;141.844;240.8;8.5;441.1;
1701556253;02.12.2023;22:30:53;75.561;88.066;141.856;240.8;8.5;441.1;
1701557154;02.12.2023;22:45:54;75.563;88.087;141.868;240.8;8.5;441.1;
1701558054;02.12.2023;23:00:54;75.566;88.108;141.881;240.8;8.5;441.1;
1701558954;02.12.2023;23:15:54;75.568;88.129;141.896;240.8;8.5;441.1;
1701559855;02.12.2023;23:30:55;75.569;88.15;141.909;240.8;8.5;441.1;
1701560755;02.12.2023;23:45:55;75.573;88.171;141.922;240.8;8.5;441.1;
1701561655;03.12.2023;00:00:55;75.579;88.19;141.937;240.8;8.5;441.1;
1701562556;03.12.2023;00:15:56;75.584;88.211;141.953;240.8;8.5;441.1;
1701563456;03.12.2023;00:30:56;75.588;88.233;141.968;240.8;8.5;441.1;
1701564356;03.12.2023;00:45:56;75.591;88.254;141.984;240.8;8.5;441.1;
1701565256;03.12.2023;01:00:56;75.594;88.274;142.001;240.8;8.5;441.1;
1701566157;03.12.2023;01:15:57;75.597;88.295;142.016;240.8;8.5;441.1;
1701567057;03.12.2023;01:30:57;75.599;88.317;142.029;240.8;8.5;441.1;
1701567957;03.12.2023;01:45:57;75.602;88.338;142.041;240.8;8.5;441.1;
1701568858;03.12.2023;02:00:58;75.607;88.359;142.053;240.8;8.5;441.1;
1701569758;03.12.2023;02:15:58;75.611;88.38;142.064;240.8;8.5;441.1;
1701570658;03.12.2023;02:30:58;75.615;88.4;142.078;240.8;8.5;441.1;
1701571559;03.12.2023;02:45:59;75.618;88.422;142.092;240.8;8.5;441.1;
1701572459;03.12.2023;03:00:59;75.62;88.443;142.108;240.8;8.5;441.1;
1701573359;03.12.2023;03:15:59;75.623;88.464;142.121;240.8;8.5;441.1;
1701574259;03.12.2023;03:30:59;75.627;88.484;142.133;240.8;8.5;441.1;
1701575160;03.12.2023;03:46:00;75.631;88.507;142.144;240.8;8.5;441.1;
1701576060;03.12.2023;04:01:00;75.636;88.532;142.159;240.8;8.5;441.1;
1701576960;03.12.2023;04:16:00;75.64;88.559;142.178;240.8;8.5;441.1;
1701577861;03.12.2023;04:31:01;75.644;88.581;142.197;240.8;8.5;441.1;
1701578761;03.12.2023;04:46:01;75.647;88.603;142.215;240.8;8.5;441.1;
1701579661;03.12.2023;05:01:01;75.65;88.624;142.231;240.8;8.5;441.1;
1701580562;03.12.2023;05:16:02;75.653;88.645;142.246;240.8;8.5;441.1;
1701581462;03.12.2023;05:31:02;75.656;88.666;142.261;240.8;8.5;441.1;
1701582362;03.12.2023;05:46:02;75.661;88.686;142.276;240.8;8.5;441.1;
1701583262;03.12.2023;06:01:02;75.667;88.707;142.292;240.8;8.5;441.1;
1701584163;03.12.2023;06:16:03;75.671;88.729;142.307;240.8;8.5;441.1;
1701585063;03.12.2023;06:31:03;75.675;88.75;142.321;240.8;8.5;441.1;
1701585963;03.12.2023;06:46:03;75.677;88.771;142.335;240.8;8.5;441.1;
1701586864;03.12.2023;07:01:04;75.68;88.794;142.347;240.8;8.5;441.1;
1701587764;03.12.2023;07:16:04;75.682;88.821;142.359;240.8;8.5;441.1;
1701588664;03.12.2023;07:31:04;75.684;88.848;142.374;240.8;8.5;441.1;
1701589565;03.12.2023;07:46:05;75.688;88.873;142.394;240.8;8.5;441.1;
1701590465;03.12.2023;08:01:05;75.694;88.894;142.414;240.8;8.5;441.1;
1701591365;03.12.2023;08:16:05;75.699;88.917;142.434;240.8;8.5;441.1;
1701592266;03.12.2023;08:31:06;75.703;88.939;142.452;240.8;8.5;441.1;
1701593166;03.12.2023;08:46:06;75.707;88.96;142.469;240.8;8.5;441.1;
1701594066;03.12.2023;09:01:06;75.711;88.982;142.484;240.8;8.5;441.1;
1701594966;03.12.2023;09:16:06;75.713;89.003;142.498;240.8;8.5;441.1;
1701595867;03.12.2023;09:31:07;75.715;89.025;142.512;240.8;8.5;441.1;
1701596767;03.12.2023;09:46:07;75.718;89.046;142.524;240.8;8.5;441.1;
1701597667;03.12.2023;10:01:07;75.721;89.066;142.534;240.8;8.5;441.1;
1701598568;03.12.2023;10:16:08;75.722;89.088;142.546;240.8;8.5;441.1;
1701599468;03.12.2023;10:31:08;75.724;89.113;142.559;240.8;8.5;441.1;
1701600368;03.12.2023;10:46:08;75.725;89.135;142.573;240.8;8.5;441.1;
1701601269;03.12.2023;11:01:09;75.728;89.156;142.586;240.8;8.5;441.1;
1701602169;03.12.2023;11:16:09;75.729;89.176;142.597;240.8;8.5;441.1;
1701603069;03.12.2023;11:31:09;75.731;89.195;142.611;240.8;8.5;441.1;
1701603969;03.12.2023;11:46:09;75.732;89.215;142.622;240.8;8.5;441.1;
1701604870;03.12.2023;12:01:10;75.734;89.233;142.632;240.8;8.5;441.1;
1701605770;03.12.2023;12:16:10;75.736;89.252;142.642;240.8;8.5;441.1;
1701606670;03.12.2023;12:31:10;75.741;89.272;142.652;240.8;8.5;441.1;
1701607571;03.12.2023;12:46:11;75.745;89.291;142.663;240.8;8.5;441.1;
1701608471;03.12.2023;13:01:11;75.748;89.31;142.674;240.8;8.5;441.1;
1701609371;03.12.2023;13:16:11;75.75;89.328;142.688;240.8;8.5;441.1;
1701610272;03.12.2023;13:31:12;75.752;89.348;142.701;240.8;8.5;441.1;
1701611172;03.12.2023;13:46:12;75.753;89.365;142.715;240.8;8.5;441.1;
1701612072;03.12.2023;14:01:12;75.755;89.383;142.73;240.8;8.5;441.1;
1701612972;03.12.2023;14:16:12;75.757;89.401;142.744;240.8;8.5;441.1;
1701613873;03.12.2023;14:31:13;75.759;89.42;142.756;240.8;8.5;441.1;
1701614773;03.12.2023;14:46:13;75.762;89.44;142.765;240.8;8.5;441.1;
1701615673;03.12.2023;15:01:13;75.766;89.46;142.776;240.8;8.5;441.1;
1701616574;03.12.2023;15:16:14;75.77;89.478;142.79;240.8;8.5;441.1;
1701617474;03.12.2023;15:31:14;75.773;89.495;142.803;240.8;8.5;441.1;
1701618374;03.12.2023;15:46:14;75.775;89.513;142.814;240.8;8.5;441.1;
1701619275;03.12.2023;16:01:15;75.777;89.529;142.824;240.8;8.5;441.1;
1701620175;03.12.2023;16:16:15;75.78;89.544;142.834;240.8;8.5;441.1;
1701621075;03.12.2023;16:31:15;75.783;89.56;142.845;240.8;8.5;441.1;
1701621975;03.12.2023;16:46:15;75.785;89.577;142.855;240.8;8.5;441.1;
1701622876;03.12.2023;17:01:16;75.787;89.593;142.869;240.8;8.5;441.1;
1701623776;03.12.2023;17:16:16;75.791;89.609;142.881;240.8;8.5;441.1;
1701624676;03.12.2023;17:31:16;75.795;89.624;142.894;240.8;8.5;441.1;
1701625577;03.12.2023;17:46:17;75.798;89.642;142.907;240.8;8.5;441.1;
1701626477;03.12.2023;18:01:17;75.802;89.659;142.92;240.8;8.5;441.1;
1701627377;03.12.2023;18:16:17;75.805;89.676;142.931;240.8;8.5;441.1;
1701628278;03.12.2023;18:31:18;75.807;89.691;142.941;240.8;8.5;441.1;
1701629178;03.12.2023;18:46:18;75.809;89.707;142.953;240.8;8.5;441.1;
1701630078;03.12.2023;19:01:18;75.811;89.726;142.966;240.8;8.5;441.1;
1701630978;03.12.2023;19:16:18;75.816;89.746;142.977;240.8;8.5;441.1;
1701631879;03.12.2023;19:31:19;75.819;89.764;142.994;240.8;8.5;441.1;
1701632779;03.12.2023;19:46:19;75.823;89.782;143.009;240.8;8.5;441.1;
1701633679;03.12.2023;20:01:19;75.826;89.8;143.022;240.8;8.5;441.1;
1701634580;03.12.2023;20:16:20;75.829;89.817;143.035;240.8;8.5;441.1;
1701635480;03.12.2023;20:31:20;75.831;89.834;143.049;240.8;8.5;441.1;
1701636380;03.12.2023;20:46:20;75.834;89.851;143.064;240.8;8.5;441.1;
1701637280;03.12.2023;21:01:20;75.837;89.869;143.077;240.8;8.5;441.1;
1701638181;03.12.2023;21:16:21;75.841;89.886;143.089;240.8;8.5;441.1;
1701639081;03.12.2023;21:31:21;75.846;89.903;143.103;240.8;8.5;441.1;
1701639981;03.12.2023;21:46:21;75.85;89.92;143.119;240.8;8.5;441.1;
1701640882;03.12.2023;22:01:22;75.853;89.939;143.133;240.8;8.5;441.1;
1701641782;03.12.2023;22:16:22;75.855;89.958;143.146;240.8;8.5;441.1;
1701642682;03.12.2023;22:31:22;75.858;89.976;143.159;240.8;8.5;441.1;
1701643583;03.12.2023;22:46:23;75.86;89.994;143.172;240.8;8.5;441.1;
1701644483;03.12.2023;23:01:23;75.863;90.012;143.184;240.8;8.5;441.1;
1701645383;03.12.2023;23:16:23;75.868;90.031;143.195;240.8;8.5;441.1;
1701646284;03.12.2023;23:31:24;75.872;90.055;143.206;240.8;8.5;441.1;
1701647184;03.12.2023;23:46:24;75.875;90.074;143.22;240.8;8.5;441.1;
1701648084;04.12.2023;00:01:24;75.878;90.092;143.236;240.8;8.5;441.1;
1701648984;04.12.2023;00:16:24;75.881;90.111;143.254;240.8;8.5;441.1;
1701649885;04.12.2023;00:31:25;75.884;90.129;143.269;240.8;8.5;441.1;
1701650785;04.12.2023;00:46:25;75.887;90.147;143.284;240.8;8.5;441.1;
1701651685;04.12.2023;01:01:25;75.891;90.164;143.297;240.8;8.5;441.1;
1701652586;04.12.2023;01:16:26;75.896;90.182;143.311;240.8;8.5;441.1;
1701653486;04.12.2023;01:31:26;75.899;90.2;143.327;240.8;8.5;441.1;
1701654386;04.12.2023;01:46:26;75.902;90.218;143.345;240.8;8.5;441.1;
1701655287;04.12.2023;02:01:27;75.905;90.236;143.364;240.8;8.5;441.1;
1701656187;04.12.2023;02:16:27;75.908;90.254;143.381;240.8;8.5;441.1;
1701657087;04.12.2023;02:31:27;75.911;90.272;143.395;240.8;8.5;441.1;
1701657988;04.12.2023;02:46:28;75.914;90.294;143.408;240.8;8.5;441.1;
1701658888;04.12.2023;03:01:28;75.92;90.311;143.421;240.8;8.5;441.1;
1701659788;04.12.2023;03:16:28;75.928;90.33;143.444;240.8;8.5;441.1;
1701660688;04.12.2023;03:31:28;75.934;90.35;143.465;240.8;8.5;441.1;
1701661589;04.12.2023;03:46:29;75.94;90.372;143.485;240.8;8.5;441.1;
1701662489;04.12.2023;04:01:29;75.945;90.393;143.503;240.8;8.5;441.1;
1701663389;04.12.2023;04:16:29;75.951;90.413;143.522;240.8;8.5;441.1;
1701664290;04.12.2023;04:31:30;75.956;90.433;143.541;240.8;8.5;441.1;
1701665190;04.12.2023;04:46:30;75.961;90.453;143.56;240.8;8.5;441.1;
1701666090;04.12.2023;05:01:30;75.966;90.473;143.579;240.8;8.5;441.1;
1701666991;04.12.2023;05:16:31;75.972;90.492;143.597;240.8;8.5;441.2;
1701667891;04.12.2023;05:31:31;75.977;90.512;143.615;240.8;8.5;441.2;
1701668791;04.12.2023;05:46:31;75.982;90.532;143.635;240.8;8.5;441.3;
1701669691;04.12.2023;06:01:31;75.987;90.553;143.654;240.8;8.5;441.3;
1701670592;04.12.2023;06:16:32;75.993;90.572;143.673;240.8;8.5;441.3;
1701671492;04.12.2023;06:31:32;75.998;90.591;143.692;240.8;8.5;441.3;
1701672392;04.12.2023;06:46:32;76.003;90.61;143.712;240.8;8.5;441.3;
1701673293;04.12.2023;07:01:33;76.008;90.629;143.731;240.8;8.5;441.3;
1701674193;04.12.2023;07:16:33;76.013;90.648;143.75;240.8;8.5;441.3;
1701675093;04.12.2023;07:31:33;76.018;90.667;143.77;240.8;8.5;441.3;
1701675994;04.12.2023;07:46:34;76.023;90.687;143.79;240.8;8.5;441.3;
1701676894;04.12.2023;08:01:34;76.028;90.706;143.809;240.8;8.5;441.3;
1701677794;04.12.2023;08:16:34;76.032;90.727;143.827;240.8;8.5;441.3;
1701678695;04.12.2023;08:31:35;76.036;90.748;143.845;240.8;8.5;441.3;
1701679595;04.12.2023;08:46:35;76.042;90.769;143.863;240.8;8.5;441.3;
1701680495;04.12.2023;09:01:35;76.047;90.79;143.881;240.8;8.5;441.3;
1701681395;04.12.2023;09:16:35;76.052;90.811;143.898;240.8;8.5;441.4;
1701682296;04.12.2023;09:31:36;76.057;90.831;143.915;240.8;8.5;441.4;
1701683196;04.12.2023;09:46:36;76.062;90.851;143.933;240.8;8.5;441.4;
1701684096;04.12.2023;10:01:36;76.067;90.872;143.95;240.8;8.5;441.4;
1701684997;04.12.2023;10:16:37;76.072;90.892;143.966;240.8;8.5;441.5;
1701685897;04.12.2023;10:31:37;76.077;90.913;143.981;240.8;8.5;441.5;
1701686797;04.12.2023;10:46:37;76.082;90.932;143.997;240.8;8.5;441.5;
1701687698;04.12.2023;11:01:38;76.087;90.951;144.011;240.8;8.5;441.5;
1701688598;04.12.2023;11:16:38;76.09;90.968;144.026;240.8;8.5;441.6;
1701689498;04.12.2023;11:31:38;76.094;90.986;144.042;240.8;8.5;441.6;
1701690398;04.12.2023;11:46:38;76.098;91.002;144.057;240.8;8.5;441.7;
1701691299;04.12.2023;12:01:39;76.1;91.018;144.07;240.8;8.5;441.8;
1701692199;04.12.2023;12:16:39;76.103;91.034;144.082;240.8;8.5;441.8;
1701693099;04.12.2023;12:31:39;76.105;91.048;144.095;240.8;8.5;441.8;
1701694000;04.12.2023;12:46:40;76.107;91.064;144.108;240.8;8.5;441.9;
1701694900;04.12.2023;13:01:40;76.11;91.08;144.12;240.8;8.5;441.9;
1701695800;04.12.2023;13:16:40;76.112;91.093;144.13;240.8;8.5;442;
1701696701;04.12.2023;13:31:41;76.114;91.106;144.139;240.8;8.5;442.1;
1701697601;04.12.2023;13:46:41;76.117;91.121;144.151;240.8;8.5;442.1;
1701698501;04.12.2023;14:01:41;76.121;91.136;144.163;240.8;8.5;442.2;
1701699401;04.12.2023;14:16:41;76.124;91.148;144.173;240.8;8.5;442.2;
1701700302;04.12.2023;14:31:42;76.127;91.158;144.181;240.8;8.5;442.2;
1701701202;04.12.2023;14:46:42;76.131;91.169;144.189;240.8;8.5;442.3;
1701702102;04.12.2023;15:01:42;76.134;91.181;144.199;240.8;8.5;442.3;
1701703003;04.12.2023;15:16:43;76.138;91.193;144.211;240.8;8.5;442.3;
1701703903;04.12.2023;15:31:43;76.141;91.205;144.224;240.8;8.5;442.4;
1701704803;04.12.2023;15:46:43;76.144;91.217;144.235;240.8;8.5;442.4;
1701705704;04.12.2023;16:01:44;76.146;91.228;144.247;240.8;8.5;442.5;
1701706604;04.12.2023;16:16:44;76.149;91.24;144.259;240.8;8.5;442.5;
1701707504;04.12.2023;16:31:44;76.151;91.252;144.272;240.8;8.5;442.5;
1701708404;04.12.2023;16:46:44;76.154;91.265;144.285;240.8;8.5;442.6;
1701709305;04.12.2023;17:01:45;76.157;91.279;144.298;240.8;8.5;442.6;
1701710205;04.12.2023;17:16:45;76.159;91.292;144.311;240.8;8.5;442.7;
1701711105;04.12.2023;17:31:45;76.162;91.305;144.324;240.8;8.5;442.7;
1701712006;04.12.2023;17:46:46;76.165;91.318;144.336;240.8;8.5;442.7;
1701712906;04.12.2023;18:01:46;76.168;91.332;144.348;240.8;8.5;442.8;
1701713806;04.12.2023;18:16:46;76.171;91.345;144.36;240.8;8.5;442.8;
1701714707;04.12.2023;18:31:47;76.173;91.359;144.371;240.8;8.5;442.8;
1701715607;04.12.2023;18:46:47;76.174;91.371;144.383;240.8;8.5;442.8;
1701716507;04.12.2023;19:01:47;76.175;91.379;144.392;240.8;8.5;442.8;
1701717407;04.12.2023;19:16:47;76.177;91.385;144.396;240.8;8.5;442.9;
1701718308;04.12.2023;19:31:48;76.179;91.393;144.399;240.8;8.5;442.9;
1701719208;04.12.2023;19:46:48;76.18;91.402;144.403;240.8;8.5;442.9;
1701720108;04.12.2023;20:01:48;76.181;91.411;144.408;240.8;8.5;442.9;
1701721009;04.12.2023;20:16:49;76.183;91.419;144.412;240.8;8.5;442.9;
1701721909;04.12.2023;20:31:49;76.184;91.428;144.419;240.8;8.5;442.9;
1701722809;04.12.2023;20:46:49;76.185;91.436;144.427;240.8;8.5;442.9;
1701723710;04.12.2023;21:01:50;76.187;91.446;144.434;240.8;8.5;442.9;
1701724610;04.12.2023;21:16:50;76.188;91.454;144.44;240.8;8.5;442.9;
1701725510;04.12.2023;21:31:50;76.189;91.462;144.447;240.8;8.5;442.9;
1701726411;04.12.2023;21:46:51;76.191;91.47;144.455;240.8;8.5;442.9;
1701727311;04.12.2023;22:01:51;76.192;91.479;144.463;240.8;8.5;442.9;
1701728211;04.12.2023;22:16:51;76.193;91.487;144.47;240.8;8.5;442.9;
1701729111;04.12.2023;22:31:51;76.194;91.494;144.476;240.8;8.5;442.9;
1701730012;04.12.2023;22:46:52;76.196;91.503;144.484;240.8;8.5;442.9;
1701730912;04.12.2023;23:01:52;76.197;91.511;144.493;240.8;8.5;442.9;
1701731812;04.12.2023;23:16:52;76.198;91.52;144.502;240.8;8.5;442.9;
1701732713;04.12.2023;23:31:53;76.199;91.528;144.511;240.8;8.5;442.9;
1701733613;04.12.2023;23:46:53;76.2;91.537;144.523;240.8;8.5;442.9;
1701734513;05.12.2023;00:01:53;76.202;91.546;144.532;240.8;8.5;442.9;
1701735414;05.12.2023;00:16:54;76.203;91.556;144.541;240.8;8.5;442.9;
1701736314;05.12.2023;00:31:54;76.204;91.565;144.55;240.8;8.5;442.9;
1701737214;05.12.2023;00:46:54;76.205;91.574;144.559;240.8;8.5;442.9;
1701738114;05.12.2023;01:01:54;76.207;91.583;144.569;240.8;8.5;442.9;
1701739015;05.12.2023;01:16:55;76.208;91.594;144.579;240.8;8.5;442.9;
1701739915;05.12.2023;01:31:55;76.209;91.604;144.591;240.8;8.5;442.9;
1701740815;05.12.2023;01:46:55;76.21;91.614;144.6;240.8;8.5;442.9;
1701741716;05.12.2023;02:01:56;76.212;91.624;144.607;240.8;8.5;442.9;
1701742616;05.12.2023;02:16:56;76.213;91.634;144.615;240.8;8.5;442.9;
1701743516;05.12.2023;02:31:56;76.215;91.644;144.622;240.8;8.5;442.9;
1701744417;05.12.2023;02:46:57;76.216;91.655;144.629;240.8;8.5;442.9;
1701745317;05.12.2023;03:01:57;76.219;91.664;144.638;240.8;8.5;442.9;
1701746217;05.12.2023;03:16:57;76.229;91.677;144.665;240.8;8.5;442.9;
1701747117;05.12.2023;03:31:57;76.237;91.692;144.685;240.8;8.5;442.9;
1701748018;05.12.2023;03:46:58;76.242;91.707;144.702;240.8;8.5;442.9;
1701748918;05.12.2023;04:01:58;76.247;91.721;144.718;240.8;8.5;442.9;
1701749818;05.12.2023;04:16:58;76.252;91.735;144.734;240.8;8.5;442.9;
1701750719;05.12.2023;04:31:59;76.257;91.749;144.75;240.8;8.5;442.9;
1701751619;05.12.2023;04:46:59;76.262;91.764;144.766;240.8;8.5;442.9;
1701752519;05.12.2023;05:01:59;76.267;91.778;144.784;240.8;8.5;442.9;
1701753419;05.12.2023;05:16:59;76.272;91.793;144.801;240.8;8.5;442.9;
1701754320;05.12.2023;05:32:00;76.277;91.808;144.817;240.8;8.5;442.9;
1701755220;05.12.2023;05:47:00;76.282;91.823;144.833;240.8;8.5;443;
1701756120;05.12.2023;06:02:00;76.287;91.838;144.849;240.8;8.5;443;
1701757021;05.12.2023;06:17:01;76.291;91.852;144.864;240.8;8.5;443;
1701757921;05.12.2023;06:32:01;76.296;91.866;144.881;240.8;8.5;443.1;
1701758821;05.12.2023;06:47:01;76.3;91.88;144.899;240.8;8.5;443.1;
1701759722;05.12.2023;07:02:02;76.305;91.894;144.917;240.8;8.5;443.1;
1701760622;05.12.2023;07:17:02;76.309;91.909;144.934;240.8;8.5;443.1;
1701761522;05.12.2023;07:32:02;76.313;91.923;144.953;240.8;8.5;443.1;
1701762423;05.12.2023;07:47:03;76.317;91.938;144.971;240.8;8.5;443.1;
1701763323;05.12.2023;08:02:03;76.321;91.954;144.989;240.8;8.5;443.1;
1701764223;05.12.2023;08:17:03;76.325;91.971;145.006;240.8;8.5;443.1;
1701765123;05.12.2023;08:32:03;76.328;91.989;145.022;240.8;8.5;443.1;
1701766024;05.12.2023;08:47:04;76.332;92.007;145.038;240.8;8.5;443.1;
1701766924;05.12.2023;09:02:04;76.336;92.023;145.052;240.8;8.5;443.1;
1701767824;05.12.2023;09:17:04;76.339;92.041;145.066;240.8;8.5;443.1;
1701768725;05.12.2023;09:32:05;76.342;92.058;145.08;240.8;8.5;443.2;
1701769625;05.12.2023;09:47:05;76.347;92.076;145.094;240.8;8.5;443.2;
1701770525;05.12.2023;10:02:05;76.351;92.091;145.106;240.8;8.5;443.2;
1701771426;05.12.2023;10:17:06;76.354;92.105;145.115;240.8;8.5;443.2;
1701772326;05.12.2023;10:32:06;76.356;92.12;145.126;240.8;8.5;443.2;
1701773226;05.12.2023;10:47:06;76.358;92.136;145.137;240.8;8.5;443.2;
1701774126;05.12.2023;11:02:06;76.36;92.153;145.148;240.8;8.5;443.2;
1701775027;05.12.2023;11:17:07;76.362;92.169;145.159;240.8;8.5;443.2;
1701775927;05.12.2023;11:32:07;76.364;92.187;145.17;240.8;8.5;443.2;
1701776827;05.12.2023;11:47:07;76.367;92.205;145.182;240.8;8.5;443.2;
1701777728;05.12.2023;12:02:08;76.37;92.22;145.191;240.8;8.5;443.2;
1701778628;05.12.2023;12:17:08;76.372;92.236;145.203;240.8;8.5;443.3;
1701779528;05.12.2023;12:32:08;76.374;92.254;145.216;240.8;8.5;443.3;
1701780429;05.12.2023;12:47:09;76.379;92.273;145.23;240.8;8.5;443.3;
1701781329;05.12.2023;13:02:09;76.385;92.291;145.245;240.8;8.5;443.3;
1701782229;05.12.2023;13:17:09;76.391;92.311;145.263;240.8;8.5;443.3;
1701783129;05.12.2023;13:32:09;76.397;92.329;145.281;240.8;8.5;443.3;
1701784030;05.12.2023;13:47:10;76.402;92.344;145.296;240.8;8.5;443.3;
1701784930;05.12.2023;14:02:10;76.405;92.361;145.311;240.8;8.5;443.3;
1701785830;05.12.2023;14:17:10;76.409;92.377;145.327;240.8;8.5;443.3;
1701786731;05.12.2023;14:32:11;76.412;92.393;145.343;240.8;8.5;443.3;
1701787631;05.12.2023;14:47:11;76.416;92.41;145.359;240.8;8.5;443.3;
1701788531;05.12.2023;15:02:11;76.419;92.426;145.374;240.8;8.5;443.4;
1701789432;05.12.2023;15:17:12;76.423;92.442;145.389;240.8;8.5;443.4;
1701790332;05.12.2023;15:32:12;76.426;92.458;145.405;240.8;8.5;443.4;
1701791232;05.12.2023;15:47:12;76.43;92.474;145.42;240.8;8.5;443.4;
1701792132;05.12.2023;16:02:12;76.433;92.491;145.435;240.8;8.5;443.4;
1701793033;05.12.2023;16:17:13;76.437;92.507;145.449;240.8;8.5;443.4;
1701793933;05.12.2023;16:32:13;76.44;92.523;145.462;240.8;8.5;443.4;
1701794833;05.12.2023;16:47:13;76.444;92.539;145.476;240.8;8.5;443.4;
1701795734;05.12.2023;17:02:14;76.447;92.555;145.489;240.8;8.5;443.4;
1701796634;05.12.2023;17:17:14;76.45;92.57;145.501;240.8;8.5;443.4;
1701797534;05.12.2023;17:32:14;76.453;92.585;145.514;240.8;8.5;443.4;
1701798435;05.12.2023;17:47:15;76.457;92.601;145.527;240.8;8.5;443.4;
1701799335;05.12.2023;18:02:15;76.46;92.616;145.542;240.8;8.5;443.4;
1701800235;05.12.2023;18:17:15;76.463;92.632;145.556;240.8;8.5;443.4;
1701801135;05.12.2023;18:32:15;76.466;92.648;145.57;240.8;8.5;443.5;
1701802036;05.12.2023;18:47:16;76.466;92.661;145.584;240.8;8.5;443.5;
1701802936;05.12.2023;19:02:16;76.467;92.672;145.594;240.8;8.5;443.5;
1701803836;05.12.2023;19:17:16;76.469;92.681;145.601;240.8;8.5;443.5;
1701804737;05.12.2023;19:32:17;76.47;92.693;145.608;240.8;8.5;443.5;
1701805637;05.12.2023;19:47:17;76.471;92.707;145.616;240.8;8.5;443.5;
1701806537;05.12.2023;20:02:17;76.472;92.72;145.623;240.8;8.5;443.5;
1701807438;05.12.2023;20:17:18;76.473;92.732;145.63;240.8;8.5;443.5;
1701808338;05.12.2023;20:32:18;76.475;92.744;145.642;240.8;8.5;443.5;
1701809238;05.12.2023;20:47:18;76.476;92.756;145.651;240.8;8.5;443.5;
1701810138;05.12.2023;21:02:18;76.478;92.768;145.66;240.8;8.5;443.5;
1701811039;05.12.2023;21:17:19;76.48;92.779;145.669;240.8;8.5;443.5;
1701811939;05.12.2023;21:32:19;76.481;92.79;145.678;240.8;8.5;443.5;
1701812839;05.12.2023;21:47:19;76.483;92.802;145.687;240.8;8.5;443.5;
1701813740;05.12.2023;22:02:20;76.484;92.813;145.698;240.8;8.5;443.5;
1701814640;05.12.2023;22:17:20;76.486;92.825;145.709;240.8;8.5;443.5;
1701815540;05.12.2023;22:32:20;76.487;92.836;145.717;240.8;8.5;443.5;
1701816441;05.12.2023;22:47:21;76.489;92.847;145.726;240.8;8.5;443.5;
1701817341;05.12.2023;23:02:21;76.491;92.86;145.734;240.8;8.5;443.5;
1701818241;05.12.2023;23:17:21;76.492;92.871;145.742;240.8;8.5;443.5;
1701819141;05.12.2023;23:32:21;76.493;92.882;145.751;240.8;8.5;443.5;
1701820042;05.12.2023;23:47:22;76.495;92.894;145.76;240.8;8.5;443.5;
1701820942;06.12.2023;00:02:22;76.496;92.906;145.771;240.8;8.5;443.5;
1701821842;06.12.2023;00:17:22;76.498;92.918;145.782;240.8;8.5;443.5;
1701822743;06.12.2023;00:32:23;76.499;92.93;145.793;240.8;8.5;443.5;
1701823643;06.12.2023;00:47:23;76.501;92.942;145.802;240.8;8.5;443.5;
1701824543;06.12.2023;01:02:23;76.503;92.954;145.811;240.8;8.5;443.5;
1701825444;06.12.2023;01:17:24;76.504;92.966;145.82;240.8;8.5;443.5;
1701826344;06.12.2023;01:32:24;76.506;92.977;145.828;240.8;8.5;443.5;
1701827244;06.12.2023;01:47:24;76.507;92.989;145.837;240.8;8.5;443.5;
1701828145;06.12.2023;02:02:25;76.509;93.001;145.847;240.8;8.5;443.5;
1701829045;06.12.2023;02:17:25;76.51;93.014;145.86;240.8;8.5;443.5;
1701829945;06.12.2023;02:32:25;76.512;93.026;145.871;240.8;8.5;443.5;
1701830845;06.12.2023;02:47:25;76.514;93.038;145.881;240.8;8.5;443.5;
1701831746;06.12.2023;03:02:26;76.517;93.049;145.89;240.8;8.5;443.5;
1701832646;06.12.2023;03:17:26;76.527;93.063;145.912;240.8;8.5;443.5;
1701833546;06.12.2023;03:32:26;76.534;93.079;145.936;240.8;8.5;443.5;
1701834447;06.12.2023;03:47:27;76.54;93.096;145.956;240.8;8.5;443.5;
1701835347;06.12.2023;04:02:27;76.545;93.111;145.973;240.8;8.5;443.5;
1701836247;06.12.2023;04:17:27;76.55;93.128;145.99;240.8;8.5;443.5;
1701837148;06.12.2023;04:32:28;76.555;93.143;146.007;240.8;8.5;443.5;
1701838048;06.12.2023;04:47:28;76.559;93.158;146.024;240.8;8.5;443.5;
1701838948;06.12.2023;05:02:28;76.563;93.173;146.041;240.8;8.5;443.5;
1701839848;06.12.2023;05:17:28;76.568;93.189;146.058;240.8;8.5;443.6;
1701840749;06.12.2023;05:32:29;76.573;93.206;146.075;240.8;8.5;443.6;
1701841649;06.12.2023;05:47:29;76.578;93.222;146.093;240.8;8.5;443.6;
1701842549;06.12.2023;06:02:29;76.583;93.238;146.109;240.8;8.5;443.7;
1701843450;06.12.2023;06:17:30;76.587;93.253;146.127;240.8;8.5;443.7;
1701844350;06.12.2023;06:32:30;76.592;93.268;146.145;240.8;8.5;443.7;
1701845250;06.12.2023;06:47:30;76.596;93.284;146.161;240.8;8.5;443.7;
1701846151;06.12.2023;07:02:31;76.599;93.3;146.177;240.8;8.5;443.7;
1701847051;06.12.2023;07:17:31;76.602;93.316;146.191;240.8;8.5;443.7;
1701847951;06.12.2023;07:32:31;76.605;93.331;146.206;240.8;8.5;443.7;
1701848851;06.12.2023;07:47:31;76.608;93.346;146.221;240.8;8.5;443.7;
1701849752;06.12.2023;08:02:32;76.611;93.363;146.236;240.8;8.5;443.7;
1701850652;06.12.2023;08:17:32;76.613;93.38;146.25;240.8;8.5;443.7;
1701851552;06.12.2023;08:32:32;76.617;93.4;146.267;240.8;8.5;443.7;
1701852453;06.12.2023;08:47:33;76.621;93.416;146.281;240.8;8.5;443.7;
1701853353;06.12.2023;09:02:33;76.626;93.432;146.297;240.8;8.5;443.8;
1701854254;06.12.2023;09:17:34;76.631;93.448;146.31;240.8;8.5;443.8;
1701855155;06.12.2023;09:32:35;76.635;93.465;146.323;240.8;8.5;443.8;
1701856055;06.12.2023;09:47:35;76.638;93.482;146.338;240.8;8.5;443.8;
1701856956;06.12.2023;10:02:36;76.642;93.5;146.352;240.8;8.5;443.8;
1701857856;06.12.2023;10:17:36;76.645;93.517;146.366;240.8;8.5;443.8;
1701858756;06.12.2023;10:32:36;76.648;93.535;146.38;240.8;8.5;443.8;
1701859657;06.12.2023;10:47:37;76.651;93.552;146.394;240.8;8.5;443.8;
1701860557;06.12.2023;11:02:37;76.653;93.568;146.41;240.8;8.5;443.9;
1701861457;06.12.2023;11:17:37;76.656;93.585;146.424;240.8;8.5;443.9;
1701862358;06.12.2023;11:32:38;76.659;93.6;146.435;240.8;8.5;443.9;
1701863258;06.12.2023;11:47:38;76.662;93.617;146.446;240.8;8.5;443.9;
1701864158;06.12.2023;12:02:38;76.663;93.635;146.457;240.8;8.5;444;
1701865058;06.12.2023;12:17:38;76.665;93.652;146.468;240.8;8.5;444;
1701865959;06.12.2023;12:32:39;76.667;93.668;146.477;240.8;8.5;444;
1701866859;06.12.2023;12:47:39;76.669;93.684;146.487;240.8;8.5;444.1;
1701867759;06.12.2023;13:02:39;76.671;93.7;146.498;240.8;8.5;444.1;
1701868660;06.12.2023;13:17:40;76.673;93.716;146.507;240.8;8.5;444.2;
1701869560;06.12.2023;13:32:40;76.674;93.732;146.518;240.8;8.5;444.2;
1701870460;06.12.2023;13:47:40;76.677;93.748;146.527;240.8;8.5;444.2;
1701871361;06.12.2023;14:02:41;76.679;93.764;146.536;240.8;8.5;444.3;
1701872261;06.12.2023;14:17:41;76.681;93.779;146.544;240.8;8.5;444.3;
1701873161;06.12.2023;14:32:41;76.684;93.795;146.551;240.8;8.5;444.3;
1701874061;06.12.2023;14:47:41;76.686;93.81;146.56;240.8;8.5;444.4;
1701874962;06.12.2023;15:02:42;76.689;93.826;146.568;240.8;8.5;444.5;
1701875862;06.12.2023;15:17:42;76.691;93.841;146.574;240.8;8.5;444.5;
1701876762;06.12.2023;15:32:42;76.693;93.856;146.581;240.8;8.5;444.5;
1701877663;06.12.2023;15:47:43;76.695;93.872;146.587;240.8;8.5;444.6;
1701878563;06.12.2023;16:02:43;76.697;93.887;146.593;240.8;8.5;444.7;
1701879463;06.12.2023;16:17:43;76.699;93.903;146.599;240.8;8.5;444.7;
1701880364;06.12.2023;16:32:44;76.701;93.92;146.603;240.8;8.5;444.8;
1701881264;06.12.2023;16:47:44;76.703;93.937;146.61;240.8;8.5;444.9;
1701882164;06.12.2023;17:02:44;76.706;93.954;146.62;240.8;8.5;445;
1701883065;06.12.2023;17:17:45;76.71;93.973;146.629;240.8;8.5;445;
1701883965;06.12.2023;17:32:45;76.713;93.992;146.641;240.8;8.5;445.1;
1701884865;06.12.2023;17:47:45;76.717;94.011;146.652;240.8;8.5;445.1;
1701885765;06.12.2023;18:02:45;76.721;94.03;146.662;240.8;8.5;445.2;
1701886666;06.12.2023;18:17:46;76.725;94.049;146.67;240.8;8.5;445.2;
1701887566;06.12.2023;18:32:46;76.726;94.068;146.68;240.8;8.5;445.3;
1701888466;06.12.2023;18:47:46;76.727;94.085;146.692;240.8;8.5;445.4;
1701889367;06.12.2023;19:02:47;76.728;94.101;146.699;240.8;8.5;445.4;
1701890267;06.12.2023;19:17:47;76.73;94.116;146.705;240.8;8.5;445.5;
1701891167;06.12.2023;19:32:47;76.731;94.136;146.71;240.8;8.5;445.5;
1701892068;06.12.2023;19:47:48;76.732;94.154;146.716;240.8;8.5;445.5;
1701892968;06.12.2023;20:02:48;76.733;94.172;146.721;240.8;8.5;445.5;
1701893868;06.12.2023;20:17:48;76.734;94.19;146.726;240.8;8.5;445.6;
1701894769;06.12.2023;20:32:49;76.735;94.208;146.731;240.8;8.5;445.7;
1701895669;06.12.2023;20:47:49;76.736;94.226;146.736;240.8;8.5;445.7;
1701896569;06.12.2023;21:02:49;76.738;94.244;146.741;240.8;8.5;445.8;
1701897469;06.12.2023;21:17:49;76.739;94.262;146.745;240.8;8.5;445.8;
1701898370;06.12.2023;21:32:50;76.74;94.281;146.749;240.8;8.5;445.9;
1701899270;06.12.2023;21:47:50;76.741;94.3;146.754;240.8;8.5;446;
1701900170;06.12.2023;22:02:50;76.743;94.318;146.759;240.8;8.5;446;
1701901071;06.12.2023;22:17:51;76.744;94.337;146.766;240.8;8.5;446.1;
1701901971;06.12.2023;22:32:51;76.746;94.357;146.775;240.8;8.5;446.1;
1701902871;06.12.2023;22:47:51;76.747;94.377;146.781;240.8;8.5;446.2;
1701903772;06.12.2023;23:02:52;76.748;94.396;146.786;240.8;8.5;446.2;
1701904672;06.12.2023;23:17:52;76.749;94.415;146.792;240.8;8.5;446.3;
1701905572;06.12.2023;23:32:52;76.751;94.434;146.799;240.8;8.5;446.3;
1701906472;06.12.2023;23:47:52;76.752;94.453;146.811;240.8;8.5;446.4;
1701907373;07.12.2023;00:02:53;76.753;94.471;146.821;240.8;8.5;446.4;
1701908273;07.12.2023;00:17:53;76.755;94.49;146.832;240.8;8.5;446.4;
1701909173;07.12.2023;00:32:53;76.756;94.508;146.844;240.8;8.5;446.4;
1701910074;07.12.2023;00:47:54;76.758;94.527;146.854;240.8;8.5;446.4;
1701910974;07.12.2023;01:02:54;76.759;94.547;146.862;240.8;8.5;446.4;
1701911874;07.12.2023;01:17:54;76.76;94.566;146.87;240.8;8.5;446.4;
1701912775;07.12.2023;01:32:55;76.761;94.585;146.879;240.8;8.5;446.4;
1701913675;07.12.2023;01:47:55;76.763;94.605;146.887;240.8;8.5;446.4;
1701914575;07.12.2023;02:02:55;76.765;94.625;146.896;240.8;8.5;446.4;
1701915475;07.12.2023;02:17:55;76.767;94.644;146.908;240.8;8.5;446.4;
1701916376;07.12.2023;02:32:56;76.768;94.664;146.922;240.8;8.5;446.4;
1701917276;07.12.2023;02:47:56;76.77;94.684;146.935;240.8;8.5;446.4;
1701918176;07.12.2023;03:02:56;76.774;94.704;146.946;240.8;8.5;446.4;
1701919077;07.12.2023;03:17:57;76.785;94.723;146.968;240.8;8.5;446.4;
1701919977;07.12.2023;03:32:57;76.792;94.747;146.992;240.8;8.5;446.4;
1701920877;07.12.2023;03:47:57;76.798;94.772;147.012;240.8;8.5;446.4;
1701921778;07.12.2023;04:02:58;76.804;94.795;147.029;240.8;8.5;446.4;
1701922678;07.12.2023;04:17:58;76.809;94.819;147.047;240.8;8.5;446.4;
1701923578;07.12.2023;04:32:58;76.814;94.842;147.064;240.8;8.5;446.4;
1701924478;07.12.2023;04:47:58;76.819;94.865;147.08;240.8;8.5;446.4;
1701925379;07.12.2023;05:02:59;76.824;94.889;147.097;240.8;8.5;446.4;
1701926279;07.12.2023;05:17:59;76.829;94.912;147.113;240.8;8.5;446.4;
1701927179;07.12.2023;05:32:59;76.834;94.935;147.13;240.8;8.5;446.4;
1701928080;07.12.2023;05:48:00;76.839;94.958;147.147;240.8;8.5;446.4;
1701928980;07.12.2023;06:03:00;76.844;94.982;147.164;240.8;8.5;446.5;
1701929880;07.12.2023;06:18:00;76.849;95.004;147.181;240.8;8.5;446.5;
1701930781;07.12.2023;06:33:01;76.854;95.027;147.198;240.8;8.5;446.6;
1701931681;07.12.2023;06:48:01;76.859;95.049;147.216;240.8;8.5;446.6;
1701932581;07.12.2023;07:03:01;76.864;95.071;147.233;240.8;8.5;446.6;
1701933481;07.12.2023;07:18:01;76.868;95.093;147.249;240.8;8.5;446.6;
1701934382;07.12.2023;07:33:02;76.873;95.115;147.267;240.8;8.5;446.6;
1701935282;07.12.2023;07:48:02;76.878;95.138;147.285;240.8;8.5;446.6;
1701936182;07.12.2023;08:03:02;76.883;95.16;147.303;240.8;8.5;446.6;
1701937083;07.12.2023;08:18:03;76.887;95.184;147.321;240.8;8.5;446.6;
1701937983;07.12.2023;08:33:03;76.891;95.207;147.338;240.8;8.5;446.6;
1701938883;07.12.2023;08:48:03;76.896;95.23;147.355;240.8;8.5;446.6;
1701939784;07.12.2023;09:03:04;76.901;95.251;147.37;240.8;8.5;446.7;
1701940684;07.12.2023;09:18:04;76.905;95.272;147.386;240.8;8.5;446.7;
1701941584;07.12.2023;09:33:04;76.909;95.294;147.402;240.8;8.5;446.7;
1701942485;07.12.2023;09:48:05;76.914;95.315;147.417;240.8;8.5;446.7;
1701943385;07.12.2023;10:03:05;76.919;95.337;147.433;240.8;8.5;446.8;
1701944285;07.12.2023;10:18:05;76.923;95.358;147.449;240.8;8.5;446.8;
1701945185;07.12.2023;10:33:05;76.928;95.38;147.464;240.8;8.5;446.8;
1701946086;07.12.2023;10:48:06;76.932;95.401;147.478;240.8;8.5;446.9;
1701946986;07.12.2023;11:03:06;76.936;95.422;147.492;240.8;8.5;446.9;
1701947886;07.12.2023;11:18:06;76.94;95.443;147.507;240.8;8.5;446.9;
1701948787;07.12.2023;11:33:07;76.944;95.464;147.522;240.8;8.5;447;
1701949687;07.12.2023;11:48:07;76.947;95.484;147.536;240.8;8.5;447;
1701950587;07.12.2023;12:03:07;76.951;95.505;147.55;240.8;8.5;447;
1701951488;07.12.2023;12:18:08;76.955;95.524;147.565;240.8;8.5;447;
1701952388;07.12.2023;12:33:08;76.959;95.542;147.579;240.8;8.5;447.1;
1701953288;07.12.2023;12:48:08;76.963;95.561;147.595;240.8;8.5;447.1;
1701954188;07.12.2023;13:03:08;76.967;95.58;147.609;240.8;8.5;447.1;
1701955089;07.12.2023;13:18:09;76.972;95.597;147.623;240.8;8.5;447.1;
1701955989;07.12.2023;13:33:09;76.976;95.615;147.635;240.8;8.5;447.2;
1701956889;07.12.2023;13:48:09;76.98;95.632;147.647;240.8;8.5;447.2;
1701957790;07.12.2023;14:03:10;76.984;95.649;147.659;240.8;8.5;447.3;
1701958690;07.12.2023;14:18:10;76.987;95.667;147.671;240.8;8.5;447.3;
1701959590;07.12.2023;14:33:10;76.991;95.683;147.683;240.8;8.5;447.4;
1701960491;07.12.2023;14:48:11;76.995;95.699;147.696;240.8;8.5;447.4;
1701961391;07.12.2023;15:03:11;76.999;95.716;147.709;240.8;8.5;447.4;
1701962291;07.12.2023;15:18:11;77.003;95.732;147.722;240.8;8.5;447.4;
1701963191;07.12.2023;15:33:11;77.008;95.748;147.73;240.8;8.5;447.4;
1701964092;07.12.2023;15:48:12;77.011;95.763;147.738;240.8;8.5;447.5;
1701964992;07.12.2023;16:03:12;77.015;95.778;147.751;240.8;8.5;447.5;
1701965892;07.12.2023;16:18:12;77.019;95.795;147.764;240.8;8.5;447.5;
1701966793;07.12.2023;16:33:13;77.023;95.813;147.777;240.8;8.5;447.5;
1701967693;07.12.2023;16:48:13;77.028;95.83;147.789;240.8;8.5;447.6;
1701968593;07.12.2023;17:03:13;77.032;95.848;147.8;240.8;8.5;447.6;
1701969494;07.12.2023;17:18:14;77.036;95.866;147.811;240.8;8.5;447.6;
1701970394;07.12.2023;17:33:14;77.041;95.884;147.823;240.8;8.5;447.6;
1701971294;07.12.2023;17:48:14;77.045;95.903;147.835;240.8;8.5;447.6;
1701972194;07.12.2023;18:03:14;77.05;95.921;147.846;240.8;8.5;447.6;
1701973095;07.12.2023;18:18:15;77.053;95.94;147.859;240.8;8.5;447.6;
1701973995;07.12.2023;18:33:15;77.056;95.959;147.872;240.8;8.5;447.6;
1701974895;07.12.2023;18:48:15;77.058;95.976;147.884;240.8;8.5;447.6;
1701975796;07.12.2023;19:03:16;77.06;95.991;147.892;240.8;8.5;447.6;
1701976696;07.12.2023;19:18:16;77.062;96.005;147.897;240.8;8.5;447.6;
1701977596;07.12.2023;19:33:16;77.063;96.021;147.903;240.8;8.5;447.6;
1701978497;07.12.2023;19:48:17;77.065;96.038;147.909;240.8;8.5;447.6;
1701979397;07.12.2023;20:03:17;77.066;96.053;147.915;240.8;8.5;447.6;
1701980297;07.12.2023;20:18:17;77.068;96.067;147.923;240.8;8.5;447.6;
1701981198;07.12.2023;20:33:18;77.069;96.082;147.937;240.8;8.5;447.6;
1701982098;07.12.2023;20:48:18;77.071;96.096;147.948;240.8;8.5;447.6;
1701982998;07.12.2023;21:03:18;77.073;96.109;147.957;240.8;8.5;447.6;
1701983898;07.12.2023;21:18:18;77.075;96.122;147.965;240.8;8.5;447.6;
1701984799;07.12.2023;21:33:19;77.076;96.137;147.974;240.8;8.5;447.6;
1701985699;07.12.2023;21:48:19;77.078;96.151;147.982;240.8;8.5;447.6;
1701986599;07.12.2023;22:03:19;77.079;96.164;147.991;240.8;8.5;447.6;
1701987500;07.12.2023;22:18:20;77.081;96.177;148;240.8;8.5;447.6;
1701988400;07.12.2023;22:33:20;77.082;96.191;148.012;240.8;8.5;447.6;
1701989300;07.12.2023;22:48:20;77.084;96.206;148.022;240.8;8.5;447.6;
1701990201;07.12.2023;23:03:21;77.087;96.219;148.03;240.8;8.5;447.6;
1701991101;07.12.2023;23:18:21;77.088;96.233;148.038;240.8;8.5;447.6;
1701992001;07.12.2023;23:33:21;77.09;96.247;148.047;240.8;8.5;447.6;
1701992902;07.12.2023;23:48:22;77.091;96.261;148.056;240.8;8.5;447.6;
1701993802;08.12.2023;00:03:22;77.093;96.276;148.067;240.8;8.5;447.6;
1701994702;08.12.2023;00:18:22;77.095;96.29;148.077;240.8;8.5;447.6;
1701995602;08.12.2023;00:33:22;77.097;96.304;148.089;240.8;8.5;447.6;
1701996503;08.12.2023;00:48:23;77.099;96.319;148.099;240.8;8.5;447.6;
1701997403;08.12.2023;01:03:23;77.101;96.333;148.109;240.8;8.5;447.6;
1701998303;08.12.2023;01:18:23;77.102;96.346;148.118;240.8;8.5;447.6;
1701999204;08.12.2023;01:33:24;77.104;96.359;148.127;240.8;8.5;447.6;
1702000104;08.12.2023;01:48:24;77.106;96.372;148.135;240.8;8.5;447.6;
1702001004;08.12.2023;02:03:24;77.107;96.386;148.144;240.8;8.5;447.6;
1702001904;08.12.2023;02:18:24;77.11;96.398;148.155;240.8;8.5;447.6;
1702002805;08.12.2023;02:33:25;77.111;96.411;148.167;240.8;8.5;447.6;
1702003705;08.12.2023;02:48:25;77.113;96.422;148.177;240.8;8.5;447.6;
1702004605;08.12.2023;03:03:25;77.116;96.434;148.186;240.8;8.5;447.6;
1702005506;08.12.2023;03:18:26;77.125;96.448;148.211;240.8;8.5;447.6;
1702006406;08.12.2023;03:33:26;77.132;96.463;148.232;240.8;8.5;447.6;
1702007306;08.12.2023;03:48:26;77.137;96.478;148.249;240.8;8.5;447.6;
1702008207;08.12.2023;04:03:27;77.142;96.492;148.265;240.8;8.5;447.6;
1702009107;08.12.2023;04:18:27;77.146;96.506;148.28;240.8;8.5;447.6;
1702010007;08.12.2023;04:33:27;77.151;96.52;148.296;240.8;8.5;447.6;
1702010908;08.12.2023;04:48:28;77.155;96.535;148.311;240.8;8.5;447.6;
1702011808;08.12.2023;05:03:28;77.16;96.549;148.327;240.8;8.5;447.6;
1702012708;08.12.2023;05:18:28;77.164;96.565;148.344;240.8;8.5;447.7;
1702013608;08.12.2023;05:33:28;77.169;96.58;148.362;240.8;8.5;447.7;
1702014509;08.12.2023;05:48:29;77.174;96.595;148.38;240.8;8.5;447.7;
1702015409;08.12.2023;06:03:29;77.178;96.608;148.398;240.8;8.5;447.7;
1702016309;08.12.2023;06:18:29;77.182;96.622;148.415;240.8;8.5;447.8;
1702017210;08.12.2023;06:33:30;77.186;96.636;148.432;240.8;8.5;447.8;
1702018110;08.12.2023;06:48:30;77.19;96.649;148.448;240.8;8.5;447.8;
1702019010;08.12.2023;07:03:30;77.194;96.663;148.465;240.8;8.5;447.9;
1702019911;08.12.2023;07:18:31;77.198;96.677;148.481;240.8;8.5;447.9;
1702020811;08.12.2023;07:33:31;77.203;96.69;148.497;240.8;8.5;447.9;
1702021711;08.12.2023;07:48:31;77.207;96.703;148.513;240.8;8.5;447.9;
1702022611;08.12.2023;08:03:31;77.211;96.716;148.528;240.8;8.5;447.9;
1702023512;08.12.2023;08:18:32;77.214;96.728;148.54;240.8;8.5;447.9;
1702024412;08.12.2023;08:33:32;77.218;96.741;148.554;240.8;8.5;447.9;
1702025312;08.12.2023;08:48:32;77.222;96.755;148.568;240.8;8.5;447.9;
1702026213;08.12.2023;09:03:33;77.226;96.768;148.582;240.8;8.5;447.9;
1702027113;08.12.2023;09:18:33;77.23;96.781;148.596;240.8;8.5;447.9;
1702028013;08.12.2023;09:33:33;77.234;96.794;148.609;240.8;8.5;448;
1702028914;08.12.2023;09:48:34;77.238;96.807;148.621;240.8;8.5;448;
1702029814;08.12.2023;10:03:34;77.241;96.82;148.632;240.8;8.5;448.1;
1702030714;08.12.2023;10:18:34;77.245;96.832;148.643;240.8;8.5;448.1;
1702031615;08.12.2023;10:33:35;77.249;96.844;148.654;240.8;8.5;448.1;
1702032515;08.12.2023;10:48:35;77.252;96.856;148.67;240.8;8.5;448.1;
1702033415;08.12.2023;11:03:35;77.257;96.869;148.682;240.8;8.5;448.2;
1702034315;08.12.2023;11:18:35;77.26;96.881;148.691;240.8;8.5;448.2;
1702035216;08.12.2023;11:33:36;77.263;96.891;148.7;240.8;8.5;448.3;
1702036116;08.12.2023;11:48:36;77.266;96.903;148.709;240.8;8.5;448.3;
1702037016;08.12.2023;12:03:36;77.27;96.915;148.719;240.8;8.5;448.3;
1702037917;08.12.2023;12:18:37;77.273;96.926;148.73;240.8;8.5;448.3;
1702038817;08.12.2023;12:33:37;77.277;96.938;148.74;240.8;8.5;448.3;
1702039717;08.12.2023;12:48:37;77.28;96.95;148.749;240.8;8.5;448.4;
1702040618;08.12.2023;13:03:38;77.283;96.96;148.76;240.8;8.5;448.4;
1702041518;08.12.2023;13:18:38;77.285;96.971;148.772;240.8;8.5;448.5;
1702042418;08.12.2023;13:33:38;77.287;96.982;148.784;240.8;8.5;448.5;
1702043318;08.12.2023;13:48:38;77.29;96.992;148.794;240.8;8.5;448.6;
1702044219;08.12.2023;14:03:39;77.292;97.003;148.805;240.8;8.5;448.6;
1702045119;08.12.2023;14:18:39;77.296;97.013;148.815;240.8;8.5;448.7;
1702046019;08.12.2023;14:33:39;77.299;97.023;148.826;240.8;8.5;448.7;
1702046920;08.12.2023;14:48:40;77.302;97.034;148.837;240.8;8.5;448.7;
1702047820;08.12.2023;15:03:40;77.304;97.043;148.845;240.8;8.5;448.8;
1702048720;08.12.2023;15:18:40;77.306;97.053;148.852;240.8;8.5;448.8;
1702049621;08.12.2023;15:33:41;77.307;97.062;148.858;240.8;8.5;448.8;
1702050521;08.12.2023;15:48:41;77.309;97.072;148.865;240.8;8.5;448.9;
1702051421;08.12.2023;16:03:41;77.31;97.082;148.873;240.8;8.5;448.9;
1702052321;08.12.2023;16:18:41;77.313;97.092;148.879;240.8;8.5;448.9;
1702053222;08.12.2023;16:33:42;77.315;97.104;148.886;240.8;8.5;449;
1702054122;08.12.2023;16:48:42;77.318;97.114;148.896;240.8;8.5;449;
1702055022;08.12.2023;17:03:42;77.323;97.124;148.905;240.8;8.5;449.1;
1702055923;08.12.2023;17:18:43;77.327;97.137;148.914;240.8;8.5;449.1;
1702056823;08.12.2023;17:33:43;77.33;97.15;148.925;240.8;8.5;449.1;
1702057723;08.12.2023;17:48:43;77.332;97.163;148.935;240.8;8.5;449.1;
1702058624;08.12.2023;18:03:44;77.334;97.176;148.943;240.8;8.5;449.1;
1702059524;08.12.2023;18:18:44;77.336;97.189;148.952;240.8;8.5;449.2;
1702060424;08.12.2023;18:33:44;77.339;97.202;148.962;240.8;8.5;449.2;
1702061325;08.12.2023;18:48:45;77.341;97.214;148.97;240.8;8.5;449.2;
1702062225;08.12.2023;19:03:45;77.343;97.224;148.977;240.8;8.5;449.2;
1702063125;08.12.2023;19:18:45;77.344;97.232;148.981;240.8;8.5;449.2;
1702064026;08.12.2023;19:33:46;77.344;97.243;148.985;240.8;8.5;449.3;
1702064926;08.12.2023;19:48:46;77.346;97.254;148.99;240.8;8.5;449.3;
1702065826;08.12.2023;20:03:46;77.347;97.265;148.995;240.8;8.5;449.3;
1702066726;08.12.2023;20:18:46;77.349;97.276;149;240.8;8.5;449.3;
1702067627;08.12.2023;20:33:47;77.35;97.286;149.011;240.8;8.5;449.3;
1702068527;08.12.2023;20:48:47;77.351;97.296;149.021;240.8;8.5;449.3;
1702069427;08.12.2023;21:03:47;77.353;97.305;149.029;240.8;8.5;449.3;
1702070328;08.12.2023;21:18:48;77.354;97.314;149.037;240.8;8.5;449.3;
1702071228;08.12.2023;21:33:48;77.355;97.324;149.045;240.8;8.5;449.3;
1702072128;08.12.2023;21:48:48;77.356;97.333;149.055;240.8;8.5;449.3;
1702073029;08.12.2023;22:03:49;77.357;97.343;149.064;240.8;8.5;449.3;
1702073929;08.12.2023;22:18:49;77.359;97.353;149.072;240.8;8.5;449.3;
1702074829;08.12.2023;22:33:49;77.36;97.364;149.08;240.8;8.5;449.3;
1702075730;08.12.2023;22:48:50;77.362;97.373;149.088;240.8;8.5;449.3;
1702076630;08.12.2023;23:03:50;77.364;97.381;149.095;240.8;8.5;449.3;
1702077530;08.12.2023;23:18:50;77.365;97.389;149.102;240.8;8.5;449.3;
1702078430;08.12.2023;23:33:50;77.367;97.399;149.109;240.8;8.5;449.3;
1702079331;08.12.2023;23:48:51;77.368;97.408;149.118;240.8;8.5;449.3;
1702080231;09.12.2023;00:03:51;77.369;97.417;149.126;240.8;8.5;449.3;
1702081131;09.12.2023;00:18:51;77.37;97.427;149.137;240.8;8.5;449.3;
1702082032;09.12.2023;00:33:52;77.372;97.437;149.147;240.8;8.5;449.3;
1702082932;09.12.2023;00:48:52;77.373;97.447;149.155;240.8;8.5;449.3;
1702083832;09.12.2023;01:03:52;77.374;97.457;149.163;240.8;8.5;449.3;
1702084733;09.12.2023;01:18:53;77.377;97.467;149.17;240.8;8.5;449.3;
1702085633;09.12.2023;01:33:53;77.378;97.477;149.179;240.8;8.5;449.3;
1702086533;09.12.2023;01:48:53;77.38;97.489;149.187;240.8;8.5;449.3;
1702087434;09.12.2023;02:03:54;77.381;97.5;149.196;240.8;8.5;449.3;
1702088334;09.12.2023;02:18:54;77.383;97.51;149.203;240.8;8.5;449.3;
1702089234;09.12.2023;02:33:54;77.384;97.519;149.213;240.8;8.5;449.3;
1702090134;09.12.2023;02:48:54;77.385;97.531;149.223;240.8;8.5;449.3;
1702091035;09.12.2023;03:03:55;77.387;97.542;149.233;240.8;8.5;449.3;
1702091935;09.12.2023;03:18:55;77.388;97.555;149.252;240.8;8.5;449.3;
1702092835;09.12.2023;03:33:55;77.39;97.569;149.268;240.8;8.5;449.3;
1702093736;09.12.2023;03:48:56;77.391;97.582;149.281;240.8;8.5;449.3;
1702094636;09.12.2023;04:03:56;77.393;97.595;149.294;240.8;8.5;449.3;
1702095536;09.12.2023;04:18:56;77.395;97.609;149.306;240.8;8.5;449.3;
1702096437;09.12.2023;04:33:57;77.397;97.623;149.32;240.8;8.5;449.3;
1702097337;09.12.2023;04:48:57;77.399;97.637;149.333;240.8;8.5;449.3;
1702098237;09.12.2023;05:03:57;77.4;97.651;149.346;240.8;8.5;449.3;
1702099137;09.12.2023;05:18:57;77.401;97.666;149.36;240.8;8.5;449.3;
1702100038;09.12.2023;05:33:58;77.403;97.68;149.374;240.8;8.5;449.3;
1702100938;09.12.2023;05:48:58;77.405;97.694;149.387;240.8;8.5;449.3;
1702101838;09.12.2023;06:03:58;77.407;97.708;149.4;240.8;8.5;449.3;
1702102739;09.12.2023;06:18:59;77.408;97.721;149.413;240.8;8.5;449.3;
1702103639;09.12.2023;06:33:59;77.409;97.734;149.425;240.8;8.5;449.3;
1702104539;09.12.2023;06:48:59;77.411;97.747;149.437;240.8;8.5;449.3;
1702105440;09.12.2023;07:04:00;77.412;97.759;149.449;240.8;8.5;449.3;
1702106340;09.12.2023;07:19:00;77.414;97.772;149.462;240.8;8.5;449.3;
1702107240;09.12.2023;07:34:00;77.416;97.784;149.474;240.8;8.5;449.3;
1702108141;09.12.2023;07:49:01;77.418;97.797;149.488;240.8;8.5;449.3;
1702109041;09.12.2023;08:04:01;77.419;97.81;149.503;240.8;8.5;449.3;
1702109941;09.12.2023;08:19:01;77.421;97.823;149.515;240.8;8.5;449.3;
1702110841;09.12.2023;08:34:01;77.423;97.835;149.527;240.8;8.5;449.3;
1702111742;09.12.2023;08:49:02;77.424;97.847;149.538;240.8;8.5;449.3;
1702112642;09.12.2023;09:04:02;77.426;97.86;149.55;240.8;8.5;449.3;
1702113542;09.12.2023;09:19:02;77.427;97.872;149.561;240.8;8.5;449.3;
1702114443;09.12.2023;09:34:03;77.428;97.885;149.571;240.8;8.5;449.3;
1702115343;09.12.2023;09:49:03;77.43;97.897;149.584;240.8;8.5;449.3;
1702116243;09.12.2023;10:04:03;77.431;97.91;149.597;240.8;8.5;449.3;
1702117144;09.12.2023;10:19:04;77.433;97.923;149.611;240.8;8.5;449.3;
1702118044;09.12.2023;10:34:04;77.435;97.937;149.625;240.8;8.5;449.3;
1702118944;09.12.2023;10:49:04;77.437;97.95;149.639;240.8;8.5;449.3;
1702119845;09.12.2023;11:04:05;77.438;97.964;149.651;240.8;8.5;449.3;
1702120745;09.12.2023;11:19:05;77.441;97.977;149.663;240.8;8.5;449.3;
1702121645;09.12.2023;11:34:05;77.442;97.99;149.675;240.8;8.5;449.3;
1702122545;09.12.2023;11:49:05;77.444;98.003;149.687;240.8;8.5;449.3;
1702123446;09.12.2023;12:04:06;77.445;98.016;149.7;240.8;8.5;449.3;
1702124346;09.12.2023;12:19:06;77.446;98.029;149.712;240.8;8.5;449.3;
1702125246;09.12.2023;12:34:06;77.448;98.042;149.725;240.8;8.5;449.3;
1702126147;09.12.2023;12:49:07;77.45;98.055;149.738;240.8;8.5;449.3;
1702127047;09.12.2023;13:04:07;77.451;98.068;149.753;240.8;8.5;449.3;
1702127947;09.12.2023;13:19:07;77.453;98.081;149.768;240.8;8.5;449.3;
1702128848;09.12.2023;13:34:08;77.454;98.095;149.782;240.8;8.5;449.3;
1702129748;09.12.2023;13:49:08;77.456;98.107;149.794;240.8;8.5;449.3;
1702130648;09.12.2023;14:04:08;77.458;98.118;149.807;240.8;8.5;449.3;
1702131548;09.12.2023;14:19:08;77.46;98.13;149.819;240.8;8.5;449.3;
1702132449;09.12.2023;14:34:09;77.462;98.141;149.832;240.8;8.5;449.3;
1702133349;09.12.2023;14:49:09;77.463;98.153;149.845;240.8;8.5;449.3;
1702134249;09.12.2023;15:04:09;77.465;98.164;149.857;240.8;8.5;449.3;
1702135150;09.12.2023;15:19:10;77.466;98.175;149.869;240.8;8.5;449.3;
1702136050;09.12.2023;15:34:10;77.467;98.186;149.879;240.8;8.5;449.3;
1702136950;09.12.2023;15:49:10;77.468;98.196;149.891;240.8;8.5;449.3;
1702137851;09.12.2023;16:04:11;77.47;98.206;149.904;240.8;8.5;449.3;
1702138751;09.12.2023;16:19:11;77.471;98.214;149.916;240.8;8.5;449.3;
1702139651;09.12.2023;16:34:11;77.474;98.22;149.927;240.8;8.5;449.3;
1702140552;09.12.2023;16:49:12;77.475;98.227;149.937;240.8;8.5;449.3;
1702141452;09.12.2023;17:04:12;77.476;98.234;149.945;240.8;8.5;449.3;
1702142352;09.12.2023;17:19:12;77.478;98.239;149.953;240.8;8.5;449.3;
1702143252;09.12.2023;17:34:12;77.479;98.244;149.96;240.8;8.5;449.3;
1702144153;09.12.2023;17:49:13;77.481;98.248;149.968;240.8;8.5;449.3;
1702145053;09.12.2023;18:04:13;77.482;98.253;149.977;240.8;8.5;449.3;
1702145953;09.12.2023;18:19:13;77.484;98.26;149.986;240.8;8.5;449.3;
1702146854;09.12.2023;18:34:14;77.486;98.265;149.995;240.8;8.5;449.3;
1702147754;09.12.2023;18:49:14;77.488;98.27;150.004;240.8;8.5;449.3;
1702148654;09.12.2023;19:04:14;77.489;98.274;150.011;240.8;8.5;449.3;
1702149555;09.12.2023;19:19:15;77.49;98.277;150.017;240.8;8.5;449.3;
1702150455;09.12.2023;19:34:15;77.49;98.281;150.024;240.8;8.5;449.3;
1702151355;09.12.2023;19:49:15;77.491;98.286;150.033;240.8;8.5;449.3;
1702152255;09.12.2023;20:04:15;77.493;98.292;150.041;240.8;8.5;449.3;
1702153156;09.12.2023;20:19:16;77.494;98.297;150.049;240.8;8.5;449.3;
1702154056;09.12.2023;20:34:16;77.496;98.302;150.057;240.8;8.5;449.3;
1702154956;09.12.2023;20:49:16;77.498;98.308;150.066;240.8;8.5;449.3;
1702155857;09.12.2023;21:04:17;77.499;98.313;150.075;240.8;8.5;449.3;
1702156757;09.12.2023;21:19:17;77.501;98.32;150.087;240.8;8.5;449.3;
1702157657;09.12.2023;21:34:17;77.503;98.329;150.096;240.8;8.5;449.3;
1702158558;09.12.2023;21:49:18;77.504;98.336;150.105;240.8;8.5;449.3;
1702159458;09.12.2023;22:04:18;77.505;98.342;150.113;240.8;8.5;449.3;
1702160358;09.12.2023;22:19:18;77.506;98.348;150.121;240.8;8.5;449.3;
1702161258;09.12.2023;22:34:18;77.508;98.356;150.129;240.8;8.5;449.3;
1702162159;09.12.2023;22:49:19;77.509;98.363;150.137;240.8;8.5;449.3;
1702163059;09.12.2023;23:04:19;77.51;98.369;150.146;240.8;8.5;449.3;
1702163959;09.12.2023;23:19:19;77.511;98.376;150.155;240.8;8.5;449.3;
1702164860;09.12.2023;23:34:20;77.513;98.384;150.167;240.8;8.5;449.3;
1702165760;09.12.2023;23:49:20;77.515;98.392;150.177;240.8;8.5;449.3;
1702166660;10.12.2023;00:04:20;77.517;98.399;150.188;240.8;8.5;449.3;
1702167561;10.12.2023;00:19:21;77.519;98.406;150.2;240.8;8.5;449.3;
1702168461;10.12.2023;00:34:21;77.52;98.416;150.212;240.8;8.5;449.3;
1702169361;10.12.2023;00:49:21;77.521;98.426;150.222;240.8;8.5;449.3;
1702170262;10.12.2023;01:04:22;77.523;98.433;150.233;240.8;8.5;449.3;
1702171162;10.12.2023;01:19:22;77.524;98.44;150.244;240.8;8.5;449.3;
1702172062;10.12.2023;01:34:22;77.525;98.448;150.256;240.8;8.5;449.3;
1702172962;10.12.2023;01:49:22;77.526;98.456;150.267;240.8;8.5;449.3;
1702173863;10.12.2023;02:04:23;77.529;98.463;150.28;240.8;8.5;449.3;
1702174763;10.12.2023;02:19:23;77.53;98.471;150.291;240.8;8.5;449.3;
1702175663;10.12.2023;02:34:23;77.532;98.479;150.3;240.8;8.5;449.3;
1702176564;10.12.2023;02:49:24;77.533;98.488;150.308;240.8;8.5;449.3;
1702177464;10.12.2023;03:04:24;77.535;98.496;150.317;240.8;8.5;449.3;
1702178364;10.12.2023;03:19:24;77.537;98.504;150.326;240.8;8.5;449.3;
1702179265;10.12.2023;03:34:25;77.538;98.513;150.336;240.8;8.5;449.3;
1702180165;10.12.2023;03:49:25;77.539;98.522;150.345;240.8;8.5;449.3;
1702181065;10.12.2023;04:04:25;77.541;98.53;150.355;240.8;8.5;449.3;
1702181965;10.12.2023;04:19:25;77.543;98.538;150.366;240.8;8.5;449.3;
1702182866;10.12.2023;04:34:26;77.544;98.546;150.378;240.8;8.5;449.3;
1702183766;10.12.2023;04:49:26;77.546;98.555;150.386;240.8;8.5;449.3;
1702184666;10.12.2023;05:04:26;77.547;98.564;150.396;240.8;8.5;449.3;
1702185567;10.12.2023;05:19:27;77.548;98.575;150.408;240.8;8.5;449.3;
1702186467;10.12.2023;05:34:27;77.55;98.584;150.419;240.8;8.5;449.3;
1702187367;10.12.2023;05:49:27;77.553;98.593;150.432;240.8;8.5;449.3;
1702188268;10.12.2023;06:04:28;77.555;98.603;150.445;240.8;8.5;449.3;
1702189168;10.12.2023;06:19:28;77.557;98.613;150.457;240.8;8.5;449.3;
1702190068;10.12.2023;06:34:28;77.558;98.621;150.468;240.8;8.5;449.3;
1702190969;10.12.2023;06:49:29;77.559;98.628;150.479;240.8;8.5;449.3;
1702191869;10.12.2023;07:04:29;77.561;98.638;150.488;240.8;8.5;449.3;
1702192769;10.12.2023;07:19:29;77.562;98.649;150.497;240.8;8.5;449.3;
1702193669;10.12.2023;07:34:29;77.564;98.657;150.507;240.8;8.5;449.3;
1702194570;10.12.2023;07:49:30;77.566;98.665;150.518;240.8;8.5;449.3;
1702195470;10.12.2023;08:04:30;77.567;98.674;150.529;240.8;8.5;449.3;
1702196370;10.12.2023;08:19:30;77.568;98.683;150.539;240.8;8.5;449.3;
1702197271;10.12.2023;08:34:31;77.57;98.692;150.548;240.8;8.5;449.3;
1702198171;10.12.2023;08:49:31;77.572;98.7;150.557;240.8;8.5;449.3;
1702199071;10.12.2023;09:04:31;77.574;98.708;150.568;240.8;8.5;449.3;
1702199972;10.12.2023;09:19:32;77.576;98.718;150.578;240.8;8.5;449.3;
1702200872;10.12.2023;09:34:32;77.577;98.727;150.589;240.8;8.5;449.3;
1702201772;10.12.2023;09:49:32;77.579;98.735;150.598;240.8;8.5;449.3;
1702202673;10.12.2023;10:04:33;77.58;98.742;150.61;240.8;8.5;449.3;
1702203573;10.12.2023;10:19:33;77.581;98.75;150.622;240.8;8.5;449.3;
1702204473;10.12.2023;10:34:33;77.583;98.758;150.632;240.8;8.5;449.3;
1702205373;10.12.2023;10:49:33;77.584;98.764;150.642;240.8;8.5;449.3;
1702206274;10.12.2023;11:04:34;77.586;98.77;150.653;240.8;8.5;449.3;
1702207174;10.12.2023;11:19:34;77.587;98.777;150.662;240.8;8.5;449.3;
1702208074;10.12.2023;11:34:34;77.588;98.783;150.671;240.8;8.5;449.3;
1702208975;10.12.2023;11:49:35;77.59;98.788;150.68;240.8;8.5;449.3;
1702209875;10.12.2023;12:04:35;77.591;98.794;150.688;240.8;8.5;449.3;
1702210775;10.12.2023;12:19:35;77.592;98.799;150.697;240.8;8.5;449.3;
1702211676;10.12.2023;12:34:36;77.593;98.804;150.71;240.8;8.5;449.3;
1702212576;10.12.2023;12:49:36;77.594;98.81;150.723;240.8;8.5;449.3;
1702213476;10.12.2023;13:04:36;77.596;98.816;150.734;240.8;8.5;449.3;
1702214376;10.12.2023;13:19:36;77.597;98.82;150.745;240.8;8.5;449.3;
1702215277;10.12.2023;13:34:37;77.599;98.825;150.755;240.8;8.5;449.3;
1702216177;10.12.2023;13:49:37;77.6;98.83;150.765;240.8;8.5;449.3;
1702217077;10.12.2023;14:04:37;77.602;98.834;150.776;240.8;8.5;449.3;
1702217978;10.12.2023;14:19:38;77.603;98.838;150.787;240.8;8.5;449.3;
1702218878;10.12.2023;14:34:38;77.605;98.843;150.797;240.8;8.5;449.3;
1702219778;10.12.2023;14:49:38;77.606;98.847;150.808;240.8;8.5;449.3;
1702220679;10.12.2023;15:04:39;77.607;98.852;150.818;240.8;8.5;449.3;
1702221579;10.12.2023;15:19:39;77.609;98.857;150.827;240.8;8.5;449.3;
1702222479;10.12.2023;15:34:39;77.61;98.861;150.835;240.8;8.5;449.3;
1702223379;10.12.2023;15:49:39;77.611;98.865;150.846;240.8;8.5;449.3;
1702224280;10.12.2023;16:04:40;77.613;98.869;150.858;240.8;8.5;449.3;
1702225180;10.12.2023;16:19:40;77.615;98.874;150.868;240.8;8.5;449.3;
1702226080;10.12.2023;16:34:40;77.616;98.88;150.878;240.8;8.5;449.3;
1702226981;10.12.2023;16:49:41;77.618;98.885;150.888;240.8;8.5;449.3;
1702227881;10.12.2023;17:04:41;77.619;98.891;150.897;240.8;8.5;449.3;
1702228781;10.12.2023;17:19:41;77.621;98.896;150.909;240.8;8.5;449.3;
1702229682;10.12.2023;17:34:42;77.623;98.902;150.918;240.8;8.5;449.3;
1702230582;10.12.2023;17:49:42;77.625;98.907;150.93;240.8;8.5;449.3;
1702231482;10.12.2023;18:04:42;77.627;98.918;150.942;240.8;8.5;449.3;
1702232383;10.12.2023;18:19:43;77.628;98.925;150.954;240.8;8.5;449.3;
1702233283;10.12.2023;18:34:43;77.63;98.931;150.966;240.8;8.5;449.3;
1702234183;10.12.2023;18:49:43;77.631;98.937;150.978;240.8;8.5;449.3;
1702235083;10.12.2023;19:04:43;77.633;98.942;150.99;240.8;8.5;449.3;
1702235984;10.12.2023;19:19:44;77.634;98.945;150.998;240.8;8.5;449.3;
1702236884;10.12.2023;19:34:44;77.635;98.951;151.006;240.8;8.5;449.3;
1702237784;10.12.2023;19:49:44;77.636;98.958;151.016;240.8;8.5;449.3;
1702238685;10.12.2023;20:04:45;77.637;98.965;151.027;240.8;8.5;449.3;
1702239585;10.12.2023;20:19:45;77.639;98.972;151.037;240.8;8.5;449.3;
1702240485;10.12.2023;20:34:45;77.64;98.978;151.047;240.8;8.5;449.3;
1702241386;10.12.2023;20:49:46;77.642;98.983;151.058;240.8;8.5;449.3;
1702242286;10.12.2023;21:04:46;77.643;98.988;151.068;240.8;8.5;449.3;
1702243186;10.12.2023;21:19:46;77.645;98.993;151.076;240.8;8.5;449.3;
1702244087;10.12.2023;21:34:47;77.647;98.998;151.086;240.8;8.5;449.3;
1702244987;10.12.2023;21:49:47;77.648;99.002;151.095;240.8;8.5;449.3;
1702245887;10.12.2023;22:04:47;77.649;99.006;151.103;240.8;8.5;449.3;
1702246787;10.12.2023;22:19:47;77.65;99.011;151.11;240.8;8.5;449.3;
1702247688;10.12.2023;22:34:48;77.652;99.014;151.119;240.8;8.5;449.3;
1702248588;10.12.2023;22:49:48;77.653;99.017;151.126;240.8;8.5;449.3;
1702249488;10.12.2023;23:04:48;77.654;99.02;151.135;240.8;8.5;449.3;
1702250389;10.12.2023;23:19:49;77.655;99.023;151.144;240.8;8.5;449.3;
1702251289;10.12.2023;23:34:49;77.656;99.026;151.152;240.8;8.5;449.3;
1702252189;10.12.2023;23:49:49;77.657;99.028;151.159;240.8;8.5;449.3;
1702253089;11.12.2023;00:04:49;77.658;99.03;151.167;240.8;8.5;449.3;
1702253990;11.12.2023;00:19:50;77.66;99.033;151.174;240.8;8.5;449.3;
1702254890;11.12.2023;00:34:50;77.661;99.036;151.183;240.8;8.5;449.3;
1702255790;11.12.2023;00:49:50;77.662;99.039;151.192;240.8;8.5;449.3;
1702256691;11.12.2023;01:04:51;77.664;99.042;151.2;240.8;8.5;449.3;
1702257591;11.12.2023;01:19:51;77.665;99.045;151.208;240.8;8.5;449.3;
1702258491;11.12.2023;01:34:51;77.666;99.048;151.215;240.8;8.5;449.3;
1702259392;11.12.2023;01:49:52;77.668;99.052;151.224;240.8;8.5;449.3;
1702260292;11.12.2023;02:04:52;77.669;99.055;151.235;240.8;8.5;449.3;
1702261192;11.12.2023;02:19:52;77.671;99.059;151.248;240.8;8.5;449.3;
1702262093;11.12.2023;02:34:53;77.672;99.064;151.258;240.8;8.5;449.3;
1702262993;11.12.2023;02:49:53;77.673;99.068;151.266;240.8;8.5;449.3;
1702263893;11.12.2023;03:04:53;77.678;99.071;151.274;240.8;8.5;449.3;
1702264794;11.12.2023;03:19:54;77.686;99.078;151.3;240.8;8.5;449.3;
1702265694;11.12.2023;03:34:54;77.693;99.086;151.321;240.8;8.5;449.3;
1702266594;11.12.2023;03:49:54;77.698;99.092;151.337;240.8;8.5;449.3;
1702267494;11.12.2023;04:04:54;77.702;99.098;151.352;240.8;8.5;449.3;
1702268395;11.12.2023;04:19:55;77.706;99.104;151.368;240.8;8.5;449.3;
1702269295;11.12.2023;04:34:55;77.71;99.111;151.384;240.8;8.5;449.3;
1702270195;11.12.2023;04:49:55;77.714;99.118;151.4;240.8;8.5;449.3;
1702271096;11.12.2023;05:04:56;77.717;99.124;151.417;240.8;8.5;449.3;
1702271996;11.12.2023;05:19:56;77.722;99.133;151.438;240.8;8.5;449.3;
1702272896;11.12.2023;05:34:56;77.727;99.14;151.458;240.8;8.5;449.3;
1702273797;11.12.2023;05:49:57;77.733;99.147;151.476;240.8;8.5;449.4;
1702274697;11.12.2023;06:04:57;77.738;99.153;151.493;240.8;8.5;449.4;
1702275597;11.12.2023;06:19:57;77.742;99.158;151.51;240.8;8.5;449.4;
1702276498;11.12.2023;06:34:58;77.746;99.163;151.525;240.8;8.5;449.5;
1702277398;11.12.2023;06:49:58;77.751;99.169;151.542;240.8;8.5;449.5;
1702278298;11.12.2023;07:04:58;77.755;99.175;151.558;240.8;8.5;449.5;
1702279199;11.12.2023;07:19:59;77.758;99.18;151.575;240.8;8.5;449.5;
1702280099;11.12.2023;07:34:59;77.762;99.187;151.594;240.8;8.5;449.5;
1702280999;11.12.2023;07:49:59;77.766;99.193;151.61;240.8;8.5;449.5;
1702281899;11.12.2023;08:04:59;77.77;99.201;151.627;240.8;8.5;449.5;
1702282800;11.12.2023;08:20:00;77.775;99.208;151.642;240.8;8.5;449.5;
1702283700;11.12.2023;08:35:00;77.779;99.216;151.655;240.8;8.5;449.5;
1702284600;11.12.2023;08:50:00;77.783;99.222;151.668;240.8;8.5;449.5;
1702285501;11.12.2023;09:05:01;77.787;99.229;151.68;240.8;8.5;449.7;
1702286401;11.12.2023;09:20:01;77.79;99.237;151.69;240.8;8.5;449.8;
1702287301;11.12.2023;09:35:01;77.794;99.243;151.701;240.8;8.5;450;
1702288202;11.12.2023;09:50:02;77.798;99.251;151.71;240.8;8.5;450.2;
1702289102;11.12.2023;10:05:02;77.802;99.259;151.718;240.8;8.5;450.3;
1702290002;11.12.2023;10:20:02;77.805;99.265;151.727;240.8;8.5;450.5;
1702290902;11.12.2023;10:35:02;77.809;99.272;151.738;240.8;8.5;450.7;
1702291803;11.12.2023;10:50:03;77.812;99.279;151.746;240.8;8.5;450.9;
1702292703;11.12.2023;11:05:03;77.816;99.286;151.754;240.8;8.5;450.9;
1702293603;11.12.2023;11:20:03;77.82;99.292;151.761;240.8;8.5;451;
1702294504;11.12.2023;11:35:04;77.823;99.298;151.768;240.8;8.5;451;
1702295404;11.12.2023;11:50:04;77.826;99.304;151.776;240.8;8.5;451.1;
1702296304;11.12.2023;12:05:04;77.828;99.31;151.784;240.8;8.5;451.1;
1702297205;11.12.2023;12:20:05;77.83;99.317;151.794;240.8;8.5;451.2;
1702298105;11.12.2023;12:35:05;77.831;99.322;151.801;240.8;8.5;451.2;
1702299005;11.12.2023;12:50:05;77.833;99.328;151.807;240.8;8.5;451.3;
1702299906;11.12.2023;13:05:06;77.835;99.333;151.815;240.8;8.5;451.4;
1702300806;11.12.2023;13:20:06;77.836;99.34;151.822;240.8;8.5;451.5;
1702301706;11.12.2023;13:35:06;77.838;99.346;151.83;240.8;8.5;451.6;
1702302606;11.12.2023;13:50:06;77.84;99.352;151.843;240.8;8.5;451.6;
1702303507;11.12.2023;14:05:07;77.842;99.359;151.853;240.8;8.5;451.6;
1702304407;11.12.2023;14:20:07;77.844;99.365;151.862;240.8;8.5;451.7;
1702305307;11.12.2023;14:35:07;77.846;99.371;151.871;240.8;8.5;451.8;
1702306208;11.12.2023;14:50:08;77.848;99.378;151.879;240.8;8.5;451.8;
1702307108;11.12.2023;15:05:08;77.85;99.384;151.886;240.8;8.5;451.8;
1702308008;11.12.2023;15:20:08;77.852;99.391;151.896;240.8;8.5;451.9;
1702308909;11.12.2023;15:35:09;77.856;99.398;151.905;240.8;8.5;452.1;
1702309809;11.12.2023;15:50:09;77.858;99.405;151.912;240.8;8.5;452.2;
1702310709;11.12.2023;16:05:09;77.86;99.412;151.919;240.8;8.5;452.2;
1702311609;11.12.2023;16:20:09;77.862;99.418;151.928;240.8;8.5;452.2;
1702312510;11.12.2023;16:35:10;77.863;99.426;151.936;240.8;8.5;452.3;
1702313410;11.12.2023;16:50:10;77.865;99.435;151.943;240.8;8.5;452.4;
1702314310;11.12.2023;17:05:10;77.867;99.442;151.951;240.8;8.5;452.4;
1702315211;11.12.2023;17:20:11;77.87;99.451;151.96;240.8;8.5;452.4;
1702316111;11.12.2023;17:35:11;77.873;99.46;151.969;240.8;8.5;452.5;
1702317011;11.12.2023;17:50:11;77.876;99.469;151.98;240.8;8.5;452.5;
1702317912;11.12.2023;18:05:12;77.879;99.479;151.991;240.8;8.5;452.6;
1702318812;11.12.2023;18:20:12;77.882;99.489;152;240.8;8.5;452.7;
1702319712;11.12.2023;18:35:12;77.884;99.499;152.009;240.8;8.5;452.7;
1702320613;11.12.2023;18:50:13;77.886;99.507;152.014;240.8;8.5;452.7;
1702321513;11.12.2023;19:05:13;77.888;99.513;152.019;240.8;8.5;452.7;
1702322413;11.12.2023;19:20:13;77.889;99.517;152.022;240.8;8.5;452.8;
1702323313;11.12.2023;19:35:13;77.89;99.523;152.024;240.8;8.5;452.8;
1702324214;11.12.2023;19:50:14;77.891;99.531;152.027;240.8;8.5;452.9;
1702325114;11.12.2023;20:05:14;77.892;99.538;152.03;240.8;8.5;453;
1702326014;11.12.2023;20:20:14;77.893;99.546;152.034;240.8;8.5;453;
1702326915;11.12.2023;20:35:15;77.894;99.552;152.04;240.8;8.5;453;
1702327815;11.12.2023;20:50:15;77.895;99.559;152.049;240.8;8.5;453;
1702328715;11.12.2023;21:05:15;77.896;99.567;152.056;240.8;8.5;453;
1702329616;11.12.2023;21:20:16;77.898;99.574;152.063;240.8;8.5;453;
1702330516;11.12.2023;21:35:16;77.899;99.58;152.069;240.8;8.5;453;
1702331416;11.12.2023;21:50:16;77.9;99.587;152.076;240.8;8.5;453;
1702332316;11.12.2023;22:05:16;77.902;99.595;152.082;240.8;8.5;453;
1702333217;11.12.2023;22:20:17;77.903;99.602;152.088;240.8;8.5;453;
1702334117;11.12.2023;22:35:17;77.904;99.609;152.094;240.8;8.5;453;
1702335017;11.12.2023;22:50:17;77.905;99.615;152.1;240.8;8.5;453;
1702335918;11.12.2023;23:05:18;77.907;99.622;152.107;240.8;8.5;453;
1702336818;11.12.2023;23:20:18;77.908;99.629;152.113;240.8;8.5;453;
1702337718;11.12.2023;23:35:18;77.909;99.634;152.121;240.8;8.5;453;
1702338619;11.12.2023;23:50:19;77.91;99.64;152.128;240.8;8.5;453;
1702339519;12.12.2023;00:05:19;77.911;99.646;152.135;240.8;8.5;453;
1702340419;12.12.2023;00:20:19;77.912;99.653;152.141;240.8;8.5;453;
1702341319;12.12.2023;00:35:19;77.913;99.66;152.147;240.8;8.5;453;
1702342220;12.12.2023;00:50:20;77.915;99.667;152.153;240.8;8.5;453;
1702343120;12.12.2023;01:05:20;77.916;99.674;152.16;240.8;8.5;453;
1702344020;12.12.2023;01:20:20;77.917;99.681;152.166;240.8;8.5;453;
1702344921;12.12.2023;01:35:21;77.919;99.688;152.173;240.8;8.5;453;
1702345821;12.12.2023;01:50:21;77.92;99.693;152.179;240.8;8.5;453;
1702346721;12.12.2023;02:05:21;77.921;99.699;152.184;240.8;8.5;453;
1702347622;12.12.2023;02:20:22;77.922;99.706;152.191;240.8;8.5;453;
1702348522;12.12.2023;02:35:22;77.923;99.712;152.199;240.8;8.5;453;
1702349422;12.12.2023;02:50:22;77.924;99.718;152.207;240.8;8.5;453;
1702350323;12.12.2023;03:05:23;77.928;99.723;152.214;240.8;8.5;453;
1702351223;12.12.2023;03:20:23;77.937;99.729;152.23;240.8;8.5;453;
1702352123;12.12.2023;03:35:23;77.943;99.735;152.242;240.8;8.5;453;
1702353023;12.12.2023;03:50:23;77.947;99.743;152.258;240.8;8.5;453;
1702353924;12.12.2023;04:05:24;77.951;99.753;152.273;240.8;8.5;453;
1702354824;12.12.2023;04:20:24;77.956;99.761;152.286;240.8;8.5;453;
1702355724;12.12.2023;04:35:24;77.96;99.77;152.299;240.8;8.5;453;
1702356625;12.12.2023;04:50:25;77.964;99.778;152.311;240.8;8.5;453;
1702357525;12.12.2023;05:05:25;77.968;99.788;152.325;240.8;8.5;453.1;
1702358425;12.12.2023;05:20:25;77.972;99.799;152.34;240.8;8.5;453.1;
1702359326;12.12.2023;05:35:26;77.977;99.808;152.354;240.8;8.5;453.1;
1702360226;12.12.2023;05:50:26;77.981;99.816;152.366;240.8;8.5;453.1;
1702361126;12.12.2023;06:05:26;77.985;99.823;152.377;240.8;8.5;453.1;
1702362027;12.12.2023;06:20:27;77.989;99.831;152.387;240.8;8.5;453.2;
1702362927;12.12.2023;06:35:27;77.993;99.839;152.397;240.8;8.5;453.2;
1702363827;12.12.2023;06:50:27;77.997;99.846;152.408;240.8;8.5;453.2;
1702364728;12.12.2023;07:05:28;78.001;99.853;152.419;240.8;8.5;453.2;
1702365628;12.12.2023;07:20:28;78.004;99.86;152.429;240.8;8.5;453.2;
1702366528;12.12.2023;07:35:28;78.008;99.867;152.441;240.8;8.5;453.3;
1702367429;12.12.2023;07:50:29;78.011;99.874;152.455;240.8;8.5;453.3;
1702368329;12.12.2023;08:05:29;78.014;99.882;152.466;240.8;8.5;453.3;
1702369229;12.12.2023;08:20:29;78.016;99.888;152.477;240.8;8.5;453.3;
1702370129;12.12.2023;08:35:29;78.018;99.893;152.488;240.8;8.5;453.3;
1702371030;12.12.2023;08:50:30;78.02;99.899;152.499;240.8;8.5;453.3;
1702371930;12.12.2023;09:05:30;78.023;99.904;152.51;240.8;8.5;453.3;
1702372830;12.12.2023;09:20:30;78.025;99.909;152.525;240.8;8.5;453.3;
1702373731;12.12.2023;09:35:31;78.027;99.918;152.539;240.8;8.5;453.4;
1702374631;12.12.2023;09:50:31;78.029;99.927;152.55;240.8;8.5;453.4;
1702375531;12.12.2023;10:05:31;78.032;99.935;152.561;240.8;8.5;453.4;
1702376432;12.12.2023;10:20:32;78.034;99.942;152.571;240.8;8.5;453.5;
1702377332;12.12.2023;10:35:32;78.036;99.948;152.579;240.8;8.5;453.5;
1702378232;12.12.2023;10:50:32;78.039;99.954;152.587;240.8;8.5;453.5;
1702379133;12.12.2023;11:05:33;78.04;99.959;152.596;240.8;8.5;453.6;
1702380033;12.12.2023;11:20:33;78.042;99.962;152.606;240.8;8.5;453.6;
1702380933;12.12.2023;11:35:33;78.044;99.967;152.615;240.8;8.5;453.7;
1702381833;12.12.2023;11:50:33;78.046;99.973;152.626;240.8;8.5;453.7;
1702382734;12.12.2023;12:05:34;78.048;99.977;152.635;240.8;8.5;453.8;
1702383634;12.12.2023;12:20:34;78.05;99.98;152.642;240.8;8.5;453.8;
1702384534;12.12.2023;12:35:34;78.051;99.984;152.649;240.8;8.5;453.8;
1702385435;12.12.2023;12:50:35;78.053;99.988;152.655;240.8;8.5;453.9;
1702386335;12.12.2023;13:05:35;78.056;99.992;152.663;240.8;8.5;454;
1702387235;12.12.2023;13:20:35;78.06;99.998;152.673;240.8;8.5;454;
1702388136;12.12.2023;13:35:36;78.062;100.004;152.681;240.8;8.5;454.1;
1702389036;12.12.2023;13:50:36;78.064;100.008;152.689;240.8;8.5;454.1;
1702389936;12.12.2023;14:05:36;78.065;100.013;152.696;240.8;8.5;454.2;
1702390837;12.12.2023;14:20:37;78.067;100.017;152.703;240.8;8.5;454.2;
1702391737;12.12.2023;14:35:37;78.068;100.022;152.71;240.8;8.5;454.3;
1702392637;12.12.2023;14:50:37;78.069;100.025;152.721;240.8;8.5;454.4;
1702393537;12.12.2023;15:05:37;78.071;100.031;152.733;240.8;8.5;454.4;
1702394438;12.12.2023;15:20:38;78.072;100.037;152.743;240.8;8.5;454.4;
1702395338;12.12.2023;15:35:38;78.074;100.042;152.753;240.8;8.5;454.5;
1702396238;12.12.2023;15:50:38;78.076;100.046;152.763;240.8;8.5;454.5;
1702397139;12.12.2023;16:05:39;78.078;100.051;152.773;240.8;8.5;454.6;
1702398039;12.12.2023;16:20:39;78.079;100.057;152.785;240.8;8.5;454.7;
1702398939;12.12.2023;16:35:39;78.082;100.063;152.797;240.8;8.5;454.7;
1702399840;12.12.2023;16:50:40;78.084;100.07;152.808;240.8;8.5;454.8;
1702400740;12.12.2023;17:05:40;78.086;100.076;152.817;240.8;8.5;454.8;
1702401640;12.12.2023;17:20:40;78.087;100.081;152.827;240.8;8.5;454.8;
1702402540;12.12.2023;17:35:40;78.089;100.087;152.835;240.8;8.5;454.9;
1702403441;12.12.2023;17:50:41;78.091;100.093;152.842;240.8;8.5;454.9;
1702404341;12.12.2023;18:05:41;78.093;100.099;152.851;240.8;8.5;454.9;
1702405241;12.12.2023;18:20:41;78.095;100.106;152.86;240.8;8.5;455;
1702406142;12.12.2023;18:35:42;78.097;100.113;152.867;240.8;8.5;455;
1702407042;12.12.2023;18:50:42;78.098;100.117;152.874;240.8;8.5;455;
1702407942;12.12.2023;19:05:42;78.099;100.12;152.879;240.8;8.5;455;
1702408843;12.12.2023;19:20:43;78.1;100.121;152.882;240.8;8.5;455;
1702409743;12.12.2023;19:35:43;78.101;100.124;152.885;240.8;8.5;455;
1702410643;12.12.2023;19:50:43;78.103;100.129;152.888;240.8;8.5;455;
1702411544;12.12.2023;20:05:44;78.104;100.134;152.892;240.8;8.5;455;
1702412444;12.12.2023;20:20:44;78.105;100.139;152.896;240.8;8.5;455;
1702413344;12.12.2023;20:35:44;78.107;100.143;152.907;240.8;8.5;455;
1702414244;12.12.2023;20:50:44;78.109;100.147;152.915;240.8;8.5;455;
1702415145;12.12.2023;21:05:45;78.111;100.151;152.922;240.8;8.5;455;
1702416045;12.12.2023;21:20:45;78.112;100.154;152.929;240.8;8.5;455;
1702416945;12.12.2023;21:35:45;78.114;100.158;152.937;240.8;8.5;455;
1702417846;12.12.2023;21:50:46;78.115;100.163;152.944;240.8;8.5;455;
1702418746;12.12.2023;22:05:46;78.116;100.168;152.951;240.8;8.5;455;
1702419646;12.12.2023;22:20:46;78.118;100.172;152.958;240.8;8.5;455;
1702420547;12.12.2023;22:35:47;78.119;100.177;152.965;240.8;8.5;455;
1702421447;12.12.2023;22:50:47;78.12;100.181;152.972;240.8;8.5;455;
1702422347;12.12.2023;23:05:47;78.122;100.187;152.98;240.8;8.5;455;
1702423248;12.12.2023;23:20:48;78.123;100.192;152.99;240.8;8.5;455;
1702424148;12.12.2023;23:35:48;78.125;100.197;152.997;240.8;8.5;455;
1702425048;12.12.2023;23:50:48;78.127;100.203;153.004;240.8;8.5;455;
1702425948;13.12.2023;00:05:48;78.129;100.209;153.011;240.8;8.5;455;
1702426849;13.12.2023;00:20:49;78.13;100.215;153.019;240.8;8.5;455;
1702427749;13.12.2023;00:35:49;78.131;100.221;153.026;240.8;8.5;455;
1702428649;13.12.2023;00:50:49;78.133;100.227;153.033;240.8;8.5;455;
1702429550;13.12.2023;01:05:50;78.134;100.233;153.041;240.8;8.5;455;
1702430450;13.12.2023;01:20:50;78.136;100.24;153.049;240.8;8.5;455;
1702431350;13.12.2023;01:35:50;78.137;100.247;153.056;240.8;8.5;455;
1702432251;13.12.2023;01:50:51;78.139;100.254;153.064;240.8;8.5;455;
1702433151;13.12.2023;02:05:51;78.14;100.262;153.073;240.8;8.5;455;
1702434051;13.12.2023;02:20:51;78.142;100.27;153.083;240.8;8.5;455;
1702434951;13.12.2023;02:35:51;78.144;100.277;153.091;240.8;8.5;455;
1702435852;13.12.2023;02:50:52;78.145;100.283;153.098;240.8;8.5;455;
1702436752;13.12.2023;03:05:52;78.15;100.289;153.106;240.8;8.5;455;
1702437652;13.12.2023;03:20:52;78.158;100.298;153.123;240.8;8.5;455;
1702438553;13.12.2023;03:35:53;78.163;100.307;153.135;240.8;8.5;455;
1702439453;13.12.2023;03:50:53;78.167;100.315;153.155;240.8;8.5;455;
1702440353;13.12.2023;04:05:53;78.171;100.326;153.173;240.8;8.5;455;
1702441254;13.12.2023;04:20:54;78.175;100.336;153.189;240.8;8.5;455;
1702442154;13.12.2023;04:35:54;78.179;100.347;153.204;240.8;8.5;455;
1702443054;13.12.2023;04:50:54;78.183;100.357;153.219;240.8;8.5;455;
1702443954;13.12.2023;05:05:54;78.187;100.368;153.234;240.8;8.5;455;
1702444855;13.12.2023;05:20:55;78.192;100.381;153.252;240.8;8.5;455.1;
1702445755;13.12.2023;05:35:55;78.198;100.393;153.27;240.8;8.5;455.1;
1702446655;13.12.2023;05:50:55;78.203;100.405;153.287;240.8;8.5;455.1;
1702447556;13.12.2023;06:05:56;78.207;100.416;153.304;240.8;8.5;455.1;
1702448456;13.12.2023;06:20:56;78.212;100.426;153.319;240.8;8.5;455.2;
1702449356;13.12.2023;06:35:56;78.215;100.437;153.334;240.8;8.5;455.2;
1702450257;13.12.2023;06:50:57;78.219;100.448;153.347;240.8;8.5;455.3;
1702451157;13.12.2023;07:05:57;78.223;100.459;153.359;240.8;8.5;455.3;
1702452057;13.12.2023;07:20:57;78.226;100.47;153.37;240.8;8.5;455.3;
1702452958;13.12.2023;07:35:58;78.23;100.481;153.382;240.8;8.5;455.3;
1702453858;13.12.2023;07:50:58;78.233;100.493;153.394;240.8;8.5;455.3;
1702454758;13.12.2023;08:05:58;78.237;100.506;153.407;240.8;8.5;455.3;
1702455659;13.12.2023;08:20:59;78.24;100.518;153.422;240.8;8.5;455.3;
1702456559;13.12.2023;08:35:59;78.242;100.531;153.437;240.8;8.5;455.3;
1702457459;13.12.2023;08:50:59;78.244;100.544;153.45;240.8;8.5;455.3;
1702458359;13.12.2023;09:05:59;78.247;100.558;153.463;240.8;8.5;455.3;
1702459260;13.12.2023;09:21:00;78.25;100.571;153.476;240.8;8.5;455.3;
1702460160;13.12.2023;09:36:00;78.254;100.585;153.489;240.8;8.5;455.3;
1702461060;13.12.2023;09:51:00;78.257;100.599;153.505;240.8;8.5;455.3;
1702461961;13.12.2023;10:06:01;78.259;100.611;153.515;240.8;8.5;455.4;
1702462861;13.12.2023;10:21:01;78.262;100.623;153.525;240.8;8.5;455.4;
1702463761;13.12.2023;10:36:01;78.264;100.635;153.535;240.8;8.5;455.5;
1702464662;13.12.2023;10:51:02;78.267;100.649;153.546;240.8;8.5;455.5;
1702465562;13.12.2023;11:06:02;78.27;100.662;153.555;240.8;8.5;455.5;
1702466462;13.12.2023;11:21:02;78.273;100.675;153.565;240.8;8.5;455.5;
1702467362;13.12.2023;11:36:02;78.275;100.688;153.575;240.8;8.5;455.6;
1702468263;13.12.2023;11:51:03;78.277;100.701;153.585;240.8;8.5;455.6;
1702469163;13.12.2023;12:06:03;78.279;100.713;153.595;240.8;8.5;455.7;
1702470063;13.12.2023;12:21:03;78.281;100.725;153.606;240.8;8.5;455.8;
1702470964;13.12.2023;12:36:04;78.283;100.738;153.616;240.8;8.5;455.8;
1702471864;13.12.2023;12:51:04;78.285;100.75;153.625;240.8;8.5;455.9;
1702472764;13.12.2023;13:06:04;78.287;100.762;153.634;240.8;8.5;456;
1702473665;13.12.2023;13:21:05;78.29;100.775;153.641;240.8;8.5;456.1;
1702474565;13.12.2023;13:36:05;78.292;100.786;153.647;240.8;8.5;456.1;
1702475465;13.12.2023;13:51:05;78.294;100.798;153.654;240.8;8.5;456.2;
1702476366;13.12.2023;14:06:06;78.295;100.808;153.664;240.8;8.5;456.2;
1702477266;13.12.2023;14:21:06;78.297;100.82;153.676;240.8;8.5;456.2;
1702478166;13.12.2023;14:36:06;78.298;100.832;153.688;240.8;8.5;456.2;
1702479066;13.12.2023;14:51:06;78.301;100.844;153.699;240.8;8.5;456.3;
1702479967;13.12.2023;15:06:07;78.303;100.855;153.708;240.8;8.5;456.3;
1702480867;13.12.2023;15:21:07;78.306;100.867;153.718;240.8;8.5;456.4;
1702481767;13.12.2023;15:36:07;78.308;100.88;153.726;240.8;8.5;456.5;
1702482668;13.12.2023;15:51:08;78.31;100.891;153.734;240.8;8.5;456.6;
1702483568;13.12.2023;16:06:08;78.312;100.903;153.741;240.8;8.5;456.6;
1702484468;13.12.2023;16:21:08;78.314;100.915;153.749;240.8;8.5;456.6;
1702485369;13.12.2023;16:36:09;78.317;100.925;153.756;240.8;8.5;456.6;
1702486269;13.12.2023;16:51:09;78.32;100.939;153.765;240.8;8.5;456.7;
1702487169;13.12.2023;17:06:09;78.323;100.952;153.773;240.8;8.5;456.8;
1702488069;13.12.2023;17:21:09;78.325;100.963;153.78;240.8;8.5;456.8;
1702488970;13.12.2023;17:36:10;78.327;100.975;153.787;240.8;8.5;456.9;
1702489870;13.12.2023;17:51:10;78.33;100.986;153.796;240.8;8.5;457;
1702490770;13.12.2023;18:06:10;78.333;101;153.806;240.8;8.5;457.1;
1702491671;13.12.2023;18:21:11;78.335;101.014;153.814;240.8;8.5;457.1;
1702492571;13.12.2023;18:36:11;78.336;101.026;153.823;240.8;8.5;457.2;
1702493471;13.12.2023;18:51:11;78.338;101.036;153.83;240.8;8.5;457.2;
1702494372;13.12.2023;19:06:12;78.339;101.044;153.834;240.8;8.5;457.2;
1702495272;13.12.2023;19:21:12;78.34;101.051;153.837;240.8;8.5;457.3;
1702496172;13.12.2023;19:36:12;78.341;101.061;153.84;240.8;8.5;457.3;
1702497073;13.12.2023;19:51:13;78.342;101.071;153.844;240.8;8.5;457.3;
1702497973;13.12.2023;20:06:13;78.344;101.082;153.848;240.8;8.5;457.3;
1702498873;13.12.2023;20:21:13;78.346;101.092;153.852;240.8;8.5;457.3;
1702499773;13.12.2023;20:36:13;78.347;101.102;153.856;240.8;8.5;457.3;
1702500674;13.12.2023;20:51:14;78.348;101.113;153.86;240.8;8.5;457.4;
1702501574;13.12.2023;21:06:14;78.349;101.123;153.868;240.8;8.5;457.4;
1702502474;13.12.2023;21:21:14;78.35;101.133;153.874;240.8;8.5;457.4;
1702503375;13.12.2023;21:36:15;78.351;101.142;153.879;240.8;8.5;457.5;
1702504275;13.12.2023;21:51:15;78.353;101.153;153.884;240.8;8.5;457.5;
1702505175;13.12.2023;22:06:15;78.354;101.163;153.889;240.8;8.5;457.5;
1702506075;13.12.2023;22:21:15;78.355;101.173;153.894;240.8;8.5;457.5;
1702506976;13.12.2023;22:36:16;78.356;101.182;153.899;240.8;8.5;457.5;
1702507876;13.12.2023;22:51:16;78.357;101.193;153.904;240.8;8.5;457.5;
1702508776;13.12.2023;23:06:16;78.359;101.203;153.909;240.8;8.5;457.6;
1702509677;13.12.2023;23:21:17;78.36;101.213;153.915;240.8;8.5;457.6;
1702510577;13.12.2023;23:36:17;78.361;101.223;153.926;240.8;8.5;457.6;
1702511477;13.12.2023;23:51:17;78.363;101.234;153.934;240.8;8.5;457.6;
1702512378;14.12.2023;00:06:18;78.364;101.244;153.942;240.8;8.5;457.6;
1702513278;14.12.2023;00:21:18;78.365;101.255;153.95;240.8;8.5;457.6;
1702514178;14.12.2023;00:36:18;78.366;101.266;153.956;240.8;8.5;457.6;
1702515078;14.12.2023;00:51:18;78.368;101.277;153.962;240.8;8.5;457.6;
1702515979;14.12.2023;01:06:19;78.369;101.288;153.968;240.8;8.5;457.6;
1702516879;14.12.2023;01:21:19;78.37;101.299;153.975;240.8;8.5;457.6;
1702517779;14.12.2023;01:36:19;78.372;101.31;153.984;240.8;8.5;457.6;
1702518680;14.12.2023;01:51:20;78.374;101.32;153.992;240.8;8.5;457.6;
1702519580;14.12.2023;02:06:20;78.375;101.332;153.999;240.8;8.5;457.6;
1702520480;14.12.2023;02:21:20;78.376;101.342;154.005;240.8;8.5;457.6;
1702521381;14.12.2023;02:36:21;78.377;101.353;154.011;240.8;8.5;457.6;
1702522281;14.12.2023;02:51:21;78.379;101.364;154.018;240.8;8.5;457.6;
1702523181;14.12.2023;03:06:21;78.384;101.375;154.026;240.8;8.5;457.6;
1702524081;14.12.2023;03:21:21;78.393;101.389;154.052;240.8;8.5;457.6;
1702524982;14.12.2023;03:36:22;78.399;101.405;154.072;240.8;8.5;457.6;
1702525882;14.12.2023;03:51:22;78.403;101.419;154.089;240.8;8.5;457.6;
1702526782;14.12.2023;04:06:22;78.407;101.433;154.104;240.8;8.5;457.6;
1702527683;14.12.2023;04:21:23;78.412;101.446;154.118;240.8;8.5;457.6;
1702528583;14.12.2023;04:36:23;78.417;101.46;154.132;240.8;8.5;457.6;
1702529483;14.12.2023;04:51:23;78.421;101.473;154.145;240.8;8.5;457.6;
1702530384;14.12.2023;05:06:24;78.425;101.487;154.159;240.8;8.5;457.6;
1702531284;14.12.2023;05:21:24;78.429;101.501;154.175;240.8;8.5;457.7;
1702532184;14.12.2023;05:36:24;78.434;101.515;154.19;240.8;8.5;457.7;
1702533085;14.12.2023;05:51:25;78.439;101.528;154.205;240.8;8.5;457.7;
1702533985;14.12.2023;06:06:25;78.444;101.542;154.219;240.8;8.5;457.8;
1702534885;14.12.2023;06:21:25;78.449;101.554;154.233;240.8;8.5;457.8;
1702535785;14.12.2023;06:36:25;78.453;101.567;154.247;240.8;8.5;457.8;
1702536686;14.12.2023;06:51:26;78.456;101.579;154.262;240.8;8.5;457.9;
1702537586;14.12.2023;07:06:26;78.46;101.592;154.276;240.8;8.5;457.9;
1702538486;14.12.2023;07:21:26;78.464;101.604;154.29;240.8;8.5;457.9;
1702539387;14.12.2023;07:36:27;78.468;101.617;154.302;240.8;8.5;457.9;
1702540287;14.12.2023;07:51:27;78.472;101.63;154.314;240.8;8.5;457.9;
1702541187;14.12.2023;08:06:27;78.477;101.644;154.323;240.8;8.5;457.9;
1702542088;14.12.2023;08:21:28;78.482;101.657;154.333;240.8;8.5;457.9;
1702542988;14.12.2023;08:36:28;78.486;101.67;154.345;240.8;8.5;458;
1702543888;14.12.2023;08:51:28;78.491;101.684;154.357;240.8;8.5;458;
1702544788;14.12.2023;09:06:28;78.494;101.697;154.37;240.8;8.5;458;
1702545689;14.12.2023;09:21:29;78.497;101.711;154.38;240.8;8.5;458;
1702546589;14.12.2023;09:36:29;78.5;101.724;154.39;240.8;8.5;458;
1702547489;14.12.2023;09:51:29;78.503;101.737;154.402;240.8;8.5;458.1;
1702548390;14.12.2023;10:06:30;78.506;101.75;154.413;240.8;8.5;458.1;
1702549290;14.12.2023;10:21:30;78.508;101.763;154.424;240.8;8.5;458.1;
1702550190;14.12.2023;10:36:30;78.511;101.776;154.434;240.8;8.5;458.2;
1702551091;14.12.2023;10:51:31;78.514;101.79;154.443;240.8;8.5;458.2;
1702551991;14.12.2023;11:06:31;78.517;101.803;154.453;240.8;8.5;458.2;
1702552891;14.12.2023;11:21:31;78.52;101.816;154.463;240.8;8.5;458.3;
1702553792;14.12.2023;11:36:32;78.522;101.828;154.471;240.8;8.5;458.3;
1702554692;14.12.2023;11:51:32;78.524;101.84;154.478;240.8;8.5;458.4;
1702555592;14.12.2023;12:06:32;78.526;101.851;154.486;240.8;8.5;458.4;
1702556492;14.12.2023;12:21:32;78.529;101.864;154.498;240.8;8.5;458.4;
1702557393;14.12.2023;12:36:33;78.531;101.878;154.509;240.8;8.5;458.4;
1702558293;14.12.2023;12:51:33;78.533;101.89;154.518;240.8;8.5;458.4;
1702559193;14.12.2023;13:06:33;78.535;101.901;154.526;240.8;8.5;458.5;
1702560094;14.12.2023;13:21:34;78.536;101.914;154.533;240.8;8.5;458.6;
1702560994;14.12.2023;13:36:34;78.538;101.927;154.541;240.8;8.5;458.6;
1702561894;14.12.2023;13:51:34;78.54;101.941;154.549;240.8;8.5;458.6;
1702562795;14.12.2023;14:06:35;78.542;101.954;154.558;240.8;8.5;458.6;
1702563695;14.12.2023;14:21:35;78.545;101.968;154.569;240.8;8.5;458.7;
1702564595;14.12.2023;14:36:35;78.548;101.983;154.581;240.8;8.5;458.7;
1702565496;14.12.2023;14:51:36;78.551;101.997;154.594;240.8;8.5;458.7;
1702566396;14.12.2023;15:06:36;78.554;102.012;154.608;240.8;8.5;458.7;
1702567296;14.12.2023;15:21:36;78.556;102.028;154.62;240.8;8.5;458.8;
1702568196;14.12.2023;15:36:36;78.559;102.043;154.631;240.8;8.5;458.8;
1702569097;14.12.2023;15:51:37;78.561;102.056;154.641;240.8;8.5;458.8;
1702569997;14.12.2023;16:06:37;78.564;102.071;154.651;240.8;8.5;458.8;
1702570897;14.12.2023;16:21:37;78.566;102.085;154.663;240.8;8.5;458.8;
1702571798;14.12.2023;16:36:38;78.568;102.099;154.678;240.8;8.5;458.8;
1702572698;14.12.2023;16:51:38;78.57;102.114;154.691;240.8;8.5;458.9;
1702573598;14.12.2023;17:06:38;78.572;102.129;154.701;240.8;8.5;458.9;
1702574499;14.12.2023;17:21:39;78.575;102.145;154.709;240.8;8.5;458.9;
1702575399;14.12.2023;17:36:39;78.577;102.16;154.716;240.8;8.5;458.9;
1702576299;14.12.2023;17:51:39;78.58;102.175;154.723;240.8;8.5;459;
1702577199;14.12.2023;18:06:39;78.584;102.19;154.731;240.8;8.5;459;
1702578100;14.12.2023;18:21:40;78.588;102.204;154.74;240.8;8.5;459;
1702579000;14.12.2023;18:36:40;78.591;102.22;154.748;240.8;8.5;459;
1702579900;14.12.2023;18:51:40;78.593;102.233;154.756;240.8;8.5;459;
1702580801;14.12.2023;19:06:41;78.595;102.244;154.762;240.8;8.5;459.1;
1702581701;14.12.2023;19:21:41;78.596;102.255;154.765;240.8;8.5;459.1;
1702582601;14.12.2023;19:36:41;78.597;102.268;154.77;240.8;8.5;459.1;
1702583502;14.12.2023;19:51:42;78.599;102.281;154.775;240.8;8.5;459.1;
1702584402;14.12.2023;20:06:42;78.601;102.293;154.781;240.8;8.5;459.1;
1702585302;14.12.2023;20:21:42;78.602;102.306;154.787;240.8;8.5;459.1;
1702586202;14.12.2023;20:36:42;78.604;102.319;154.794;240.8;8.5;459.1;
1702587103;14.12.2023;20:51:43;78.605;102.332;154.8;240.8;8.5;459.1;
1702588003;14.12.2023;21:06:43;78.607;102.345;154.805;240.8;8.5;459.1;
1702588903;14.12.2023;21:21:43;78.608;102.357;154.811;240.8;8.5;459.1;
1702589804;14.12.2023;21:36:44;78.61;102.37;154.817;240.8;8.5;459.1;
1702590704;14.12.2023;21:51:44;78.611;102.384;154.823;240.8;8.5;459.1;
1702591604;14.12.2023;22:06:44;78.613;102.397;154.829;240.8;8.5;459.1;
1702592505;14.12.2023;22:21:45;78.614;102.409;154.834;240.8;8.5;459.1;
1702593405;14.12.2023;22:36:45;78.616;102.423;154.839;240.8;8.5;459.1;
1702594305;14.12.2023;22:51:45;78.617;102.436;154.845;240.8;8.5;459.1;
1702595205;14.12.2023;23:06:45;78.619;102.449;154.851;240.8;8.5;459.1;
1702596106;14.12.2023;23:21:46;78.621;102.462;154.859;240.8;8.5;459.1;
1702597006;14.12.2023;23:36:46;78.622;102.475;154.865;240.8;8.5;459.1;
1702597906;14.12.2023;23:51:46;78.624;102.488;154.87;240.8;8.5;459.1;
1702598807;15.12.2023;00:06:47;78.626;102.5;154.876;240.8;8.5;459.1;
1702599707;15.12.2023;00:21:47;78.627;102.513;154.884;240.8;8.5;459.1;
1702600607;15.12.2023;00:36:47;78.629;102.525;154.891;240.8;8.5;459.1;
1702601508;15.12.2023;00:51:48;78.631;102.538;154.897;240.8;8.5;459.1;
1702602408;15.12.2023;01:06:48;78.632;102.551;154.904;240.8;8.5;459.1;
1702603308;15.12.2023;01:21:48;78.634;102.564;154.911;240.8;8.5;459.1;
1702604208;15.12.2023;01:36:48;78.635;102.576;154.917;240.8;8.5;459.1;
1702605109;15.12.2023;01:51:49;78.637;102.59;154.923;240.8;8.5;459.1;
1702606009;15.12.2023;02:06:49;78.638;102.603;154.929;240.8;8.5;459.1;
1702606909;15.12.2023;02:21:49;78.641;102.615;154.934;240.8;8.5;459.1;
1702607810;15.12.2023;02:36:50;78.643;102.628;154.94;240.8;8.5;459.1;
1702608710;15.12.2023;02:51:50;78.644;102.641;154.95;240.8;8.5;459.1;
1702609610;15.12.2023;03:06:50;78.65;102.655;154.96;240.8;8.5;459.1;
1702610511;15.12.2023;03:21:51;78.658;102.67;154.985;240.8;8.5;459.1;
1702611411;15.12.2023;03:36:51;78.664;102.688;155.004;240.8;8.5;459.1;
1702612311;15.12.2023;03:51:51;78.669;102.705;155.019;240.8;8.5;459.1;
1702613211;15.12.2023;04:06:51;78.673;102.721;155.033;240.8;8.5;459.1;
1702614112;15.12.2023;04:21:52;78.678;102.737;155.048;240.8;8.5;459.1;
1702615012;15.12.2023;04:36:52;78.682;102.754;155.063;240.8;8.5;459.1;
1702615912;15.12.2023;04:51:52;78.687;102.77;155.078;240.8;8.5;459.1;
1702616813;15.12.2023;05:06:53;78.691;102.787;155.092;240.8;8.5;459.1;
1702617713;15.12.2023;05:21:53;78.696;102.805;155.108;240.8;8.5;459.1;
1702618613;15.12.2023;05:36:53;78.7;102.821;155.127;240.8;8.5;459.1;
1702619514;15.12.2023;05:51:54;78.704;102.838;155.145;240.8;8.5;459.1;
1702620414;15.12.2023;06:06:54;78.709;102.855;155.162;240.8;8.5;459.2;
1702621314;15.12.2023;06:21:54;78.713;102.87;155.178;240.8;8.5;459.2;
1702622214;15.12.2023;06:36:54;78.717;102.886;155.194;240.8;8.5;459.2;
1702623115;15.12.2023;06:51:55;78.72;102.902;155.21;240.8;8.5;459.3;
1702624015;15.12.2023;07:06:55;78.724;102.917;155.226;240.8;8.5;459.3;
1702624915;15.12.2023;07:21:55;78.728;102.933;155.241;240.8;8.5;459.3;
1702625816;15.12.2023;07:36:56;78.732;102.948;155.257;240.8;8.5;459.3;
1702626716;15.12.2023;07:51:56;78.736;102.964;155.274;240.8;8.5;459.3;
1702627616;15.12.2023;08:06:56;78.74;102.981;155.29;240.8;8.5;459.3;
1702628517;15.12.2023;08:21:57;78.745;102.998;155.305;240.8;8.5;459.4;
1702629417;15.12.2023;08:36:57;78.749;103.014;155.317;240.8;8.5;459.4;
1702630317;15.12.2023;08:51:57;78.752;103.03;155.33;240.8;8.5;459.5;
1702631218;15.12.2023;09:06:58;78.756;103.046;155.343;240.8;8.5;459.5;
1702632118;15.12.2023;09:21:58;78.758;103.061;155.355;240.8;8.5;459.6;
1702633018;15.12.2023;09:36:58;78.76;103.077;155.365;240.8;8.5;459.6;
1702633918;15.12.2023;09:51:58;78.763;103.093;155.376;240.8;8.5;459.6;
1702634819;15.12.2023;10:06:59;78.765;103.109;155.385;240.8;8.5;459.7;
1702635719;15.12.2023;10:21:59;78.768;103.124;155.393;240.8;8.5;459.7;
1702636619;15.12.2023;10:36:59;78.771;103.139;155.402;240.8;8.5;459.8;
1702637520;15.12.2023;10:52:00;78.774;103.154;155.41;240.8;8.5;459.8;
1702638420;15.12.2023;11:07:00;78.776;103.168;155.418;240.8;8.5;459.9;
1702639320;15.12.2023;11:22:00;78.779;103.182;155.428;240.8;8.5;459.9;
1702640221;15.12.2023;11:37:01;78.782;103.196;155.437;240.8;8.5;460;
1702641121;15.12.2023;11:52:01;78.787;103.211;155.445;240.8;8.5;460;
1702642021;15.12.2023;12:07:01;78.791;103.224;155.452;240.8;8.5;460.1;
1702642921;15.12.2023;12:22:01;78.794;103.238;155.458;240.8;8.5;460.1;
1702643822;15.12.2023;12:37:02;78.796;103.251;155.466;240.8;8.5;460.1;
1702644722;15.12.2023;12:52:02;78.798;103.265;155.473;240.8;8.5;460.2;
1702645622;15.12.2023;13:07:02;78.8;103.278;155.481;240.8;8.5;460.2;
1702646523;15.12.2023;13:22:03;78.803;103.29;155.489;240.8;8.5;460.3;
1702647423;15.12.2023;13:37:03;78.805;103.302;155.497;240.8;8.5;460.4;
1702648323;15.12.2023;13:52:03;78.807;103.315;155.504;240.8;8.5;460.4;
1702649224;15.12.2023;14:07:04;78.81;103.328;155.51;240.8;8.5;460.5;
1702650124;15.12.2023;14:22:04;78.814;103.34;155.517;240.8;8.5;460.5;
1702651024;15.12.2023;14:37:04;78.817;103.352;155.523;240.8;8.5;460.6;
1702651924;15.12.2023;14:52:04;78.819;103.363;155.529;240.8;8.5;460.6;
1702652825;15.12.2023;15:07:05;78.821;103.373;155.535;240.8;8.5;460.7;
1702653725;15.12.2023;15:22:05;78.823;103.386;155.541;240.8;8.5;460.7;
1702654625;15.12.2023;15:37:05;78.825;103.398;155.551;240.8;8.5;460.7;
1702655526;15.12.2023;15:52:06;78.827;103.411;155.56;240.8;8.5;460.8;
1702656426;15.12.2023;16:07:06;78.829;103.423;155.566;240.8;8.5;460.9;
1702657326;15.12.2023;16:22:06;78.831;103.435;155.572;240.8;8.5;460.9;
1702658227;15.12.2023;16:37:07;78.833;103.447;155.579;240.8;8.5;460.9;
1702659127;15.12.2023;16:52:07;78.835;103.459;155.585;240.8;8.5;460.9;
1702660027;15.12.2023;17:07:07;78.837;103.471;155.592;240.8;8.5;461;
1702660927;15.12.2023;17:22:07;78.839;103.483;155.605;240.8;8.5;461;
1702661828;15.12.2023;17:37:08;78.841;103.497;155.615;240.8;8.5;461.1;
1702662728;15.12.2023;17:52:08;78.845;103.51;155.623;240.8;8.5;461.2;
1702663628;15.12.2023;18:07:08;78.849;103.523;155.631;240.8;8.5;461.2;
1702664529;15.12.2023;18:22:09;78.853;103.537;155.639;240.8;8.5;461.3;
1702665429;15.12.2023;18:37:09;78.855;103.551;155.646;240.8;8.5;461.3;
1702666329;15.12.2023;18:52:09;78.857;103.562;155.653;240.8;8.5;461.3;
1702667230;15.12.2023;19:07:10;78.858;103.569;155.657;240.8;8.5;461.3;
1702668130;15.12.2023;19:22:10;78.86;103.579;155.66;240.8;8.5;461.3;
1702669030;15.12.2023;19:37:10;78.861;103.59;155.664;240.8;8.5;461.3;
1702669931;15.12.2023;19:52:11;78.862;103.602;155.669;240.8;8.5;461.3;
1702670831;15.12.2023;20:07:11;78.863;103.614;155.673;240.8;8.5;461.3;
1702671731;15.12.2023;20:22:11;78.865;103.625;155.678;240.8;8.5;461.3;
1702672631;15.12.2023;20:37:11;78.866;103.637;155.685;240.8;8.5;461.3;
1702673532;15.12.2023;20:52:12;78.867;103.648;155.696;240.8;8.5;461.3;
1702674432;15.12.2023;21:07:12;78.868;103.659;155.704;240.8;8.5;461.3;
1702675332;15.12.2023;21:22:12;78.87;103.67;155.711;240.8;8.5;461.3;
1702676233;15.12.2023;21:37:13;78.871;103.682;155.718;240.8;8.5;461.3;
1702677133;15.12.2023;21:52:13;78.873;103.694;155.727;240.8;8.5;461.3;
1702678033;15.12.2023;22:07:13;78.874;103.706;155.735;240.8;8.5;461.3;
1702678934;15.12.2023;22:22:14;78.876;103.718;155.743;240.8;8.5;461.3;
1702679834;15.12.2023;22:37:14;78.877;103.731;155.75;240.8;8.5;461.3;
1702680734;15.12.2023;22:52:14;78.878;103.744;155.758;240.8;8.5;461.3;
1702681634;15.12.2023;23:07:14;78.879;103.757;155.765;240.8;8.5;461.3;
1702682535;15.12.2023;23:22:15;78.882;103.771;155.774;240.8;8.5;461.3;
1702683435;15.12.2023;23:37:15;78.883;103.786;155.785;240.8;8.5;461.3;
1702684335;15.12.2023;23:52:15;78.884;103.801;155.796;240.8;8.5;461.3;
1702685236;16.12.2023;00:07:16;78.886;103.814;155.805;240.8;8.5;461.3;
1702686136;16.12.2023;00:22:16;78.887;103.829;155.813;240.8;8.5;461.3;
1702687036;16.12.2023;00:37:16;78.888;103.844;155.821;240.8;8.5;461.3;
1702687937;16.12.2023;00:52:17;78.89;103.86;155.831;240.8;8.5;461.3;
1702688837;16.12.2023;01:07:17;78.892;103.874;155.841;240.8;8.5;461.3;
1702689737;16.12.2023;01:22:17;78.893;103.889;155.85;240.8;8.5;461.3;
1702690638;16.12.2023;01:37:18;78.895;103.904;155.859;240.8;8.5;461.3;
1702691538;16.12.2023;01:52:18;78.896;103.92;155.869;240.8;8.5;461.3;
1702692438;16.12.2023;02:07:18;78.897;103.934;155.879;240.8;8.5;461.3;
1702693338;16.12.2023;02:22:18;78.899;103.949;155.891;240.8;8.5;461.3;
1702694239;16.12.2023;02:37:19;78.901;103.964;155.899;240.8;8.5;461.3;
1702695139;16.12.2023;02:52:19;78.903;103.98;155.907;240.8;8.5;461.3;
1702696039;16.12.2023;03:07:19;78.904;103.995;155.917;240.8;8.5;461.3;
1702696940;16.12.2023;03:22:20;78.905;104.013;155.938;240.9;8.5;461.3;
1702697840;16.12.2023;03:37:20;78.906;104.032;155.954;240.9;8.5;461.3;
1702698740;16.12.2023;03:52:20;78.908;104.05;155.968;240.9;8.5;461.3;
1702699641;16.12.2023;04:07:21;78.91;104.069;155.982;241;8.5;461.3;
1702700541;16.12.2023;04:22:21;78.911;104.088;155.996;241;8.5;461.3;
1702701441;16.12.2023;04:37:21;78.913;104.106;156.01;241;8.5;461.3;
1702702341;16.12.2023;04:52:21;78.914;104.125;156.024;241;8.5;461.3;
1702703242;16.12.2023;05:07:22;78.915;104.145;156.038;241;8.5;461.3;
1702704142;16.12.2023;05:22:22;78.917;104.165;156.052;241;8.5;461.3;
1702705042;16.12.2023;05:37:22;78.919;104.185;156.066;241;8.5;461.3;
1702705943;16.12.2023;05:52:23;78.921;104.204;156.08;241;8.5;461.3;
1702706843;16.12.2023;06:07:23;78.922;104.224;156.093;241;8.5;461.3;
1702707743;16.12.2023;06:22:23;78.924;104.243;156.106;241;8.5;461.3;
1702708644;16.12.2023;06:37:24;78.925;104.262;156.119;241;8.5;461.3;
1702709544;16.12.2023;06:52:24;78.927;104.282;156.133;241;8.5;461.3;
1702710444;16.12.2023;07:07:24;78.928;104.303;156.148;241;8.5;461.3;
1702711344;16.12.2023;07:22:24;78.93;104.323;156.161;241;8.5;461.3;
1702712245;16.12.2023;07:37:25;78.931;104.343;156.176;241;8.5;461.3;
1702713145;16.12.2023;07:52:25;78.933;104.363;156.189;241;8.5;461.3;
1702714045;16.12.2023;08:07:25;78.935;104.384;156.202;241;8.5;461.3;
1702714946;16.12.2023;08:22:26;78.936;104.405;156.215;241;8.5;461.3;
1702715846;16.12.2023;08:37:26;78.938;104.425;156.228;241;8.5;461.3;
1702716746;16.12.2023;08:52:26;78.939;104.446;156.24;241;8.5;461.3;
1702717647;16.12.2023;09:07:27;78.941;104.466;156.255;241;8.5;461.3;
1702718547;16.12.2023;09:22:27;78.942;104.487;156.271;241;8.5;461.3;
1702719447;16.12.2023;09:37:27;78.944;104.508;156.285;241;8.5;461.3;
1702720348;16.12.2023;09:52:28;78.946;104.528;156.3;241;8.5;461.3;
1702721248;16.12.2023;10:07:28;78.956;104.547;156.319;241;8.5;461.4;
1702722148;16.12.2023;10:22:28;78.963;104.569;156.337;241;8.5;461.4;
1702723048;16.12.2023;10:37:28;78.97;104.592;156.353;241;8.5;461.4;
1702723949;16.12.2023;10:52:29;78.976;104.614;156.368;241;8.5;461.4;
1702724849;16.12.2023;11:07:29;78.981;104.635;156.38;241;8.5;461.4;
1702725749;16.12.2023;11:22:29;78.986;104.656;156.392;241;8.5;461.4;
1702726650;16.12.2023;11:37:30;78.99;104.676;156.403;241;8.5;461.4;
1702727550;16.12.2023;11:52:30;78.995;104.696;156.414;241;8.5;461.4;
1702728450;16.12.2023;12:07:30;79;104.715;156.426;241;8.5;461.4;
1702729351;16.12.2023;12:22:31;79.005;104.734;156.437;241;8.5;461.4;
1702730251;16.12.2023;12:37:31;79.009;104.752;156.446;241;8.5;461.4;
1702731151;16.12.2023;12:52:31;79.014;104.77;156.455;241;8.5;461.4;
1702732052;16.12.2023;13:07:32;79.018;104.786;156.463;241;8.5;461.4;
1702732952;16.12.2023;13:22:32;79.021;104.802;156.47;241;8.5;461.4;
1702733852;16.12.2023;13:37:32;79.025;104.818;156.475;241;8.5;461.5;
1702734752;16.12.2023;13:52:32;79.029;104.833;156.481;241;8.5;461.5;
1702735653;16.12.2023;14:07:33;79.032;104.848;156.486;241;8.5;461.5;
1702736553;16.12.2023;14:22:33;79.035;104.863;156.492;241;8.5;461.5;
1702737453;16.12.2023;14:37:33;79.037;104.878;156.498;241;8.5;461.5;
1702738354;16.12.2023;14:52:34;79.04;104.893;156.504;241;8.5;461.5;
1702739254;16.12.2023;15:07:34;79.043;104.908;156.509;241;8.5;461.5;
1702740154;16.12.2023;15:22:34;79.046;104.923;156.515;241;8.5;461.5;
1702741055;16.12.2023;15:37:35;79.048;104.938;156.521;241;8.5;461.5;
1702741955;16.12.2023;15:52:35;79.051;104.953;156.526;241;8.5;461.5;
1702742855;16.12.2023;16:07:35;79.053;104.967;156.532;241;8.5;461.5;
1702743756;16.12.2023;16:22:36;79.055;104.978;156.541;241;8.5;461.5;
1702744656;16.12.2023;16:37:36;79.057;104.99;156.546;241;8.5;461.5;
1702745556;16.12.2023;16:52:36;79.058;105.001;156.553;241;8.5;461.5;
1702746456;16.12.2023;17:07:36;79.06;105.014;156.559;241;8.5;461.5;
1702747357;16.12.2023;17:22:37;79.062;105.027;156.565;241;8.5;461.5;
1702748257;16.12.2023;17:37:37;79.063;105.04;156.57;241;8.5;461.5;
1702749157;16.12.2023;17:52:37;79.065;105.054;156.575;241;8.5;461.5;
1702750058;16.12.2023;18:07:38;79.066;105.068;156.582;241;8.5;461.5;
1702750958;16.12.2023;18:22:38;79.068;105.082;156.59;241;8.5;461.5;
1702751858;16.12.2023;18:37:38;79.07;105.097;156.598;241;8.5;461.5;
1702752759;16.12.2023;18:52:39;79.071;105.112;156.605;241;8.5;461.5;
1702753659;16.12.2023;19:07:39;79.073;105.127;156.61;241;8.5;461.5;
1702754559;16.12.2023;19:22:39;79.074;105.143;156.616;241;8.5;461.5;
1702755460;16.12.2023;19:37:40;79.076;105.159;156.624;241;8.5;461.5;
1702756360;16.12.2023;19:52:40;79.078;105.175;156.632;241;8.5;461.5;
1702757260;16.12.2023;20:07:40;79.08;105.19;156.638;241;8.5;461.5;
1702758160;16.12.2023;20:22:40;79.081;105.206;156.644;241;8.5;461.5;
1702759061;16.12.2023;20:37:41;79.083;105.221;156.651;241;8.5;461.5;
1702759961;16.12.2023;20:52:41;79.084;105.236;156.658;241;8.5;461.5;
1702760861;16.12.2023;21:07:41;79.086;105.252;156.668;241;8.5;461.5;
1702761762;16.12.2023;21:22:42;79.087;105.269;156.676;241;8.5;461.5;
1702762662;16.12.2023;21:37:42;79.089;105.285;156.683;241;8.5;461.5;
1702763562;16.12.2023;21:52:42;79.091;105.301;156.69;241;8.5;461.5;
1702764463;16.12.2023;22:07:43;79.092;105.317;156.697;241;8.5;461.5;
1702765363;16.12.2023;22:22:43;79.094;105.335;156.704;241;8.5;461.5;
1702766263;16.12.2023;22:37:43;79.096;105.351;156.71;241;8.5;461.5;
1702767164;16.12.2023;22:52:44;79.097;105.368;156.717;241;8.5;461.5;
1702768064;16.12.2023;23:07:44;79.099;105.384;156.723;241;8.5;461.5;
1702768964;16.12.2023;23:22:44;79.1;105.401;156.73;241;8.5;461.5;
1702769864;16.12.2023;23:37:44;79.102;105.419;156.74;241;8.5;461.5;
1702770765;16.12.2023;23:52:45;79.103;105.436;156.749;241;8.5;461.5;
1702771665;17.12.2023;00:07:45;79.105;105.453;156.757;241;8.5;461.5;
1702772565;17.12.2023;00:22:45;79.107;105.469;156.763;241;8.5;461.5;
1702773466;17.12.2023;00:37:46;79.108;105.487;156.769;241;8.5;461.5;
1702774366;17.12.2023;00:52:46;79.111;105.503;156.776;241;8.5;461.5;
1702775266;17.12.2023;01:07:46;79.113;105.52;156.783;241;8.5;461.5;
1702776167;17.12.2023;01:22:47;79.116;105.537;156.79;241;8.5;461.5;
1702777067;17.12.2023;01:37:47;79.118;105.556;156.798;241;8.5;461.5;
1702777967;17.12.2023;01:52:47;79.12;105.573;156.807;241;8.5;461.5;
1702778868;17.12.2023;02:07:48;79.122;105.59;156.817;241;8.5;461.5;
1702779768;17.12.2023;02:22:48;79.124;105.608;156.826;241;8.5;461.5;
1702780668;17.12.2023;02:37:48;79.126;105.626;156.834;241;8.5;461.5;
1702781568;17.12.2023;02:52:48;79.128;105.644;156.841;241;8.5;461.5;
1702782469;17.12.2023;03:07:49;79.129;105.662;156.848;241;8.5;461.5;
1702783369;17.12.2023;03:22:49;79.131;105.68;156.855;241;8.5;461.5;
1702784269;17.12.2023;03:37:49;79.133;105.697;156.862;241;8.5;461.5;
1702785170;17.12.2023;03:52:50;79.134;105.716;156.869;241;8.5;461.5;
1702786070;17.12.2023;04:07:50;79.136;105.733;156.877;241;8.5;461.5;
1702786970;17.12.2023;04:22:50;79.137;105.751;156.89;241;8.5;461.5;
1702787871;17.12.2023;04:37:51;79.139;105.77;156.9;241;8.5;461.5;
1702788771;17.12.2023;04:52:51;79.141;105.789;156.91;241;8.5;461.5;
1702789671;17.12.2023;05:07:51;79.142;105.808;156.917;241;8.5;461.5;
1702790571;17.12.2023;05:22:51;79.145;105.827;156.925;241;8.5;461.5;
1702791472;17.12.2023;05:37:52;79.148;105.846;156.933;241;8.5;461.5;
1702792372;17.12.2023;05:52:52;79.15;105.865;156.941;241;8.5;461.5;
1702793272;17.12.2023;06:07:52;79.152;105.884;156.95;241;8.5;461.5;
1702794173;17.12.2023;06:22:53;79.154;105.903;156.963;241;8.5;461.5;
1702795073;17.12.2023;06:37:53;79.156;105.922;156.973;241;8.5;461.5;
1702795973;17.12.2023;06:52:53;79.158;105.941;156.981;241;8.5;461.5;
1702796873;17.12.2023;07:07:53;79.16;105.962;156.989;241;8.5;461.5;
1702797774;17.12.2023;07:22:54;79.162;105.981;156.998;241;8.5;461.5;
1702798674;17.12.2023;07:37:54;79.164;106;157.007;241;8.5;461.5;
1702799574;17.12.2023;07:52:54;79.165;106.021;157.015;241;8.5;461.5;
1702800475;17.12.2023;08:07:55;79.167;106.043;157.025;241;8.5;461.5;
1702801375;17.12.2023;08:22:55;79.169;106.065;157.037;241;8.5;461.5;
1702802275;17.12.2023;08:37:55;79.171;106.086;157.052;241;8.5;461.5;
1702803176;17.12.2023;08:52:56;79.173;106.107;157.063;241;8.5;461.5;
1702804076;17.12.2023;09:07:56;79.175;106.127;157.071;241;8.5;461.5;
1702804976;17.12.2023;09:22:56;79.178;106.147;157.079;241;8.5;461.5;
1702805876;17.12.2023;09:37:56;79.18;106.168;157.087;241;8.5;461.5;
1702806777;17.12.2023;09:52:57;79.182;106.188;157.096;241;8.5;461.5;
1702807677;17.12.2023;10:07:57;79.184;106.208;157.105;241;8.5;461.5;
1702808577;17.12.2023;10:22:57;79.186;106.229;157.112;241;8.5;461.5;
1702809478;17.12.2023;10:37:58;79.188;106.25;157.121;241;8.5;461.5;
1702810378;17.12.2023;10:52:58;79.19;106.27;157.131;241;8.5;461.5;
1702811278;17.12.2023;11:07:58;79.192;106.29;157.137;241;8.5;461.5;
1702812179;17.12.2023;11:22:59;79.194;106.311;157.143;241;8.5;461.5;
1702813079;17.12.2023;11:37:59;79.196;106.33;157.15;241;8.5;461.5;
1702813979;17.12.2023;11:52:59;79.197;106.349;157.156;241;8.5;461.5;
1702814879;17.12.2023;12:07:59;79.199;106.366;157.161;241;8.5;461.5;
1702815780;17.12.2023;12:23:00;79.2;106.383;157.168;241;8.5;461.5;
1702816680;17.12.2023;12:38:00;79.201;106.402;157.173;241;8.5;461.5;
1702817580;17.12.2023;12:53:00;79.203;106.418;157.178;241;8.5;461.5;
1702818481;17.12.2023;13:08:01;79.204;106.434;157.183;241;8.5;461.5;
1702819381;17.12.2023;13:23:01;79.205;106.45;157.187;241;8.5;461.5;
1702820281;17.12.2023;13:38:01;79.207;106.467;157.193;241;8.5;461.5;
1702821182;17.12.2023;13:53:02;79.208;106.482;157.2;241;8.5;461.5;
1702822082;17.12.2023;14:08:02;79.21;106.497;157.206;241;8.5;461.5;
1702822982;17.12.2023;14:23:02;79.211;106.511;157.211;241;8.5;461.5;
1702823882;17.12.2023;14:38:02;79.213;106.526;157.216;241;8.5;461.5;
1702824783;17.12.2023;14:53:03;79.214;106.54;157.221;241;8.5;461.5;
1702825683;17.12.2023;15:08:03;79.215;106.553;157.225;241;8.5;461.5;
1702826583;17.12.2023;15:23:03;79.217;106.566;157.229;241;8.5;461.5;
1702827484;17.12.2023;15:38:04;79.218;106.579;157.234;241;8.5;461.5;
1702828384;17.12.2023;15:53:04;79.22;106.593;157.239;241;8.5;461.5;
1702829284;17.12.2023;16:08:04;79.221;106.607;157.246;241;8.5;461.5;
1702830185;17.12.2023;16:23:05;79.223;106.62;157.254;241;8.5;461.5;
1702831085;17.12.2023;16:38:05;79.224;106.635;157.26;241;8.5;461.5;
1702831985;17.12.2023;16:53:05;79.226;106.65;157.265;241;8.5;461.5;
1702832885;17.12.2023;17:08:05;79.228;106.664;157.27;241;8.5;461.5;
1702833786;17.12.2023;17:23:06;79.229;106.678;157.275;241;8.5;461.5;
1702834686;17.12.2023;17:38:06;79.231;106.693;157.28;241;8.5;461.5;
1702835586;17.12.2023;17:53:06;79.232;106.71;157.286;241;8.5;461.6;
1702836487;17.12.2023;18:08:07;79.234;106.726;157.292;241;8.5;461.6;
1702837387;17.12.2023;18:23:07;79.236;106.742;157.301;241;8.5;461.6;
1702838287;17.12.2023;18:38:07;79.238;106.758;157.309;241;8.5;461.6;
1702839187;17.12.2023;18:53:07;79.241;106.776;157.315;241;8.5;461.6;
1702840088;17.12.2023;19:08:08;79.243;106.792;157.32;241;8.5;461.6;
1702840988;17.12.2023;19:23:08;79.245;106.808;157.325;241;8.5;461.6;
1702841888;17.12.2023;19:38:08;79.247;106.827;157.332;241;8.5;461.6;
1702842789;17.12.2023;19:53:09;79.249;106.845;157.34;241;8.5;461.6;
1702843689;17.12.2023;20:08:09;79.251;106.865;157.348;241;8.5;461.6;
1702844589;17.12.2023;20:23:09;79.253;106.883;157.359;241;8.5;461.6;
1702845490;17.12.2023;20:38:10;79.256;106.902;157.369;241;8.5;461.6;
1702846390;17.12.2023;20:53:10;79.258;106.92;157.376;241;8.5;461.6;
1702847290;17.12.2023;21:08:10;79.259;106.94;157.382;241;8.5;461.6;
1702848191;17.12.2023;21:23:11;79.261;106.96;157.389;241;8.5;461.6;
1702849091;17.12.2023;21:38:11;79.262;106.98;157.397;241;8.5;461.6;
1702849991;17.12.2023;21:53:11;79.265;106.999;157.403;241;8.5;461.6;
1702850891;17.12.2023;22:08:11;79.269;107.018;157.411;241;8.5;461.6;
1702851792;17.12.2023;22:23:12;79.272;107.038;157.422;241;8.5;461.6;
1702852692;17.12.2023;22:38:12;79.274;107.058;157.431;241;8.5;461.6;
1702853592;17.12.2023;22:53:12;79.277;107.078;157.439;241;8.5;461.6;
1702854493;17.12.2023;23:08:13;79.28;107.097;157.446;241;8.5;461.6;
1702855393;17.12.2023;23:23:13;79.282;107.118;157.455;241;8.5;461.6;
1702856293;17.12.2023;23:38:13;79.285;107.138;157.465;241;8.5;461.6;
1702857194;17.12.2023;23:53:14;79.287;107.158;157.476;241;8.5;461.6;
1702858094;18.12.2023;00:08:14;79.289;107.178;157.487;241;8.5;461.6;
1702858994;18.12.2023;00:23:14;79.291;107.199;157.499;241;8.5;461.6;
1702859894;18.12.2023;00:38:14;79.295;107.219;157.511;241;8.5;461.6;
1702860795;18.12.2023;00:53:15;79.299;107.24;157.52;241;8.5;461.6;
1702861695;18.12.2023;01:08:15;79.303;107.26;157.529;241;8.5;461.6;
1702862595;18.12.2023;01:23:15;79.305;107.28;157.538;241;8.5;461.6;
1702863496;18.12.2023;01:38:16;79.308;107.301;157.547;241;8.5;461.6;
1702864396;18.12.2023;01:53:16;79.31;107.321;157.557;241;8.5;461.6;
1702865296;18.12.2023;02:08:16;79.312;107.341;157.568;241;8.5;461.6;
1702866197;18.12.2023;02:23:17;79.314;107.361;157.58;241;8.5;461.6;
1702867097;18.12.2023;02:38:17;79.316;107.382;157.592;241;8.5;461.6;
1702867997;18.12.2023;02:53:17;79.318;107.402;157.603;241;8.5;461.6;
1702868897;18.12.2023;03:08:17;79.326;107.421;157.616;241;8.5;461.6;
1702869798;18.12.2023;03:23:18;79.333;107.442;157.646;241;8.5;461.6;
1702870698;18.12.2023;03:38:18;79.339;107.466;157.67;241;8.5;461.6;
1702871598;18.12.2023;03:53:18;79.345;107.491;157.69;241;8.5;461.6;
1702872499;18.12.2023;04:08:19;79.351;107.514;157.708;241;8.5;461.6;
1702873399;18.12.2023;04:23:19;79.356;107.538;157.727;241;8.5;461.6;
1702874299;18.12.2023;04:38:19;79.361;107.561;157.745;241;8.5;461.6;
1702875200;18.12.2023;04:53:20;79.366;107.585;157.762;241;8.5;461.6;
1702876100;18.12.2023;05:08:20;79.371;107.608;157.779;241;8.5;461.6;
1702877000;18.12.2023;05:23:20;79.375;107.631;157.797;241;8.5;461.6;
1702877900;18.12.2023;05:38:20;79.38;107.654;157.814;241;8.5;461.7;
1702878801;18.12.2023;05:53:21;79.385;107.677;157.832;241;8.5;461.8;
1702879701;18.12.2023;06:08:21;79.39;107.701;157.849;241;8.5;461.8;
1702880601;18.12.2023;06:23:21;79.394;107.724;157.865;241;8.5;461.8;
1702881502;18.12.2023;06:38:22;79.398;107.747;157.879;241;8.5;461.8;
1702882402;18.12.2023;06:53:22;79.402;107.769;157.893;241;8.5;461.8;
1702883302;18.12.2023;07:08:22;79.406;107.79;157.905;241;8.5;461.8;
1702884203;18.12.2023;07:23:23;79.409;107.809;157.916;241;8.5;461.8;
1702885103;18.12.2023;07:38:23;79.411;107.826;157.924;241;8.5;461.8;
1702886003;18.12.2023;07:53:23;79.413;107.841;157.933;241;8.5;461.8;
1702886904;18.12.2023;08:08:24;79.415;107.857;157.94;241;8.5;461.8;
1702887804;18.12.2023;08:23:24;79.416;107.872;157.949;241;8.5;461.8;
1702888704;18.12.2023;08:38:24;79.418;107.886;157.956;241.1;8.5;461.8;
1702889604;18.12.2023;08:53:24;79.419;107.9;157.964;241.1;8.5;461.8;
1702890505;18.12.2023;09:08:25;79.422;107.918;157.975;241.1;8.5;461.9;
1702891405;18.12.2023;09:23:25;79.425;107.938;157.989;241.1;8.5;461.9;
1702892305;18.12.2023;09:38:25;79.43;107.959;158.006;241.1;8.5;461.9;
1702893206;18.12.2023;09:53:26;79.435;107.981;158.022;241.1;8.5;462;
1702894106;18.12.2023;10:08:26;79.439;108;158.037;241.1;8.5;462;
1702895006;18.12.2023;10:23:26;79.443;108.021;158.051;241.1;8.5;462.1;
1702895907;18.12.2023;10:38:27;79.448;108.043;158.069;241.1;8.5;462.1;
1702896807;18.12.2023;10:53:27;79.453;108.067;158.088;241.1;8.5;462.1;
1702897707;18.12.2023;11:08:27;79.458;108.089;158.107;241.1;8.5;462.2;
1702898607;18.12.2023;11:23:27;79.463;108.111;158.125;241.1;8.5;462.2;
1702899508;18.12.2023;11:38:28;79.468;108.134;158.143;241.1;8.5;462.3;
1702900408;18.12.2023;11:53:28;79.473;108.158;158.164;241.1;8.5;462.4;
1702901308;18.12.2023;12:08:28;79.479;108.183;158.183;241.1;8.5;462.4;
1702902209;18.12.2023;12:23:29;79.484;108.207;158.198;241.1;8.5;462.4;
1702903109;18.12.2023;12:38:29;79.489;108.228;158.211;241.1;8.5;462.5;
1702904009;18.12.2023;12:53:29;79.493;108.249;158.226;241.1;8.5;462.6;
1702904910;18.12.2023;13:08:30;79.497;108.271;158.24;241.1;8.5;462.6;
1702905810;18.12.2023;13:23:30;79.5;108.293;158.254;241.1;8.5;462.7;
1702906710;18.12.2023;13:38:30;79.504;108.314;158.267;241.1;8.5;462.7;
1702907611;18.12.2023;13:53:31;79.508;108.335;158.281;241.1;8.5;462.8;
1702908511;18.12.2023;14:08:31;79.512;108.356;158.294;241.1;8.5;462.8;
1702909411;18.12.2023;14:23:31;79.516;108.377;158.308;241.1;8.5;462.9;
1702910311;18.12.2023;14:38:31;79.52;108.398;158.32;241.1;8.5;462.9;
1702911212;18.12.2023;14:53:32;79.524;108.417;158.33;241.1;8.5;462.9;
1702912112;18.12.2023;15:08:32;79.527;108.437;158.341;241.1;8.5;463;
1702913012;18.12.2023;15:23:32;79.531;108.458;158.352;241.1;8.5;463.1;
1702913913;18.12.2023;15:38:33;79.535;108.478;158.363;241.1;8.5;463.2;
1702914813;18.12.2023;15:53:33;79.539;108.499;158.377;241.1;8.5;463.2;
1702915713;18.12.2023;16:08:33;79.541;108.517;158.388;241.1;8.5;463.3;
1702916614;18.12.2023;16:23:34;79.543;108.535;158.398;241.1;8.5;463.3;
1702917514;18.12.2023;16:38:34;79.545;108.555;158.411;241.1;8.5;463.4;
1702918414;18.12.2023;16:53:34;79.547;108.577;158.424;241.1;8.5;463.4;
1702919315;18.12.2023;17:08:35;79.55;108.598;158.437;241.1;8.5;463.5;
1702920215;18.12.2023;17:23:35;79.553;108.617;158.448;241.1;8.5;463.5;
1702921115;18.12.2023;17:38:35;79.557;108.637;158.459;241.1;8.5;463.5;
1702922016;18.12.2023;17:53:36;79.562;108.657;158.471;241.1;8.5;463.6;
1702922916;18.12.2023;18:08:36;79.568;108.679;158.484;241.1;8.5;463.6;
1702923816;18.12.2023;18:23:36;79.573;108.7;158.497;241.1;8.5;463.7;
1702924716;18.12.2023;18:38:36;79.573;108.722;158.511;241.1;8.5;463.7;
1702925617;18.12.2023;18:53:37;79.575;108.741;158.522;241.1;8.5;463.7;
1702926517;18.12.2023;19:08:37;79.576;108.757;158.53;241.1;8.5;463.7;
1702927417;18.12.2023;19:23:37;79.578;108.773;158.535;241.1;8.5;463.7;
1702928318;18.12.2023;19:38:38;79.579;108.791;158.54;241.1;8.5;463.7;
1702929218;18.12.2023;19:53:38;79.58;108.81;158.546;241.1;8.5;463.8;
1702930118;18.12.2023;20:08:38;79.582;108.829;158.551;241.1;8.5;463.8;
1702931019;18.12.2023;20:23:39;79.584;108.847;158.556;241.1;8.5;463.8;
1702931919;18.12.2023;20:38:39;79.586;108.863;158.566;241.1;8.5;463.8;
1702932819;18.12.2023;20:53:39;79.587;108.88;158.577;241.1;8.5;463.8;
1702933720;18.12.2023;21:08:40;79.588;108.898;158.586;241.1;8.5;463.8;
1702934620;18.12.2023;21:23:40;79.589;108.915;158.597;241.1;8.5;463.8;
1702935520;18.12.2023;21:38:40;79.59;108.933;158.607;241.1;8.5;463.8;
1702936421;18.12.2023;21:53:41;79.592;108.95;158.616;241.1;8.5;463.8;
1702937321;18.12.2023;22:08:41;79.593;108.968;158.624;241.1;8.5;463.8;
1702938221;18.12.2023;22:23:41;79.594;108.985;158.633;241.1;8.5;463.8;
1702939121;18.12.2023;22:38:41;79.595;109.003;158.642;241.1;8.5;463.8;
1702940022;18.12.2023;22:53:42;79.597;109.02;158.652;241.1;8.5;463.8;
1702940922;18.12.2023;23:08:42;79.598;109.038;158.661;241.1;8.5;463.8;
1702941822;18.12.2023;23:23:42;79.599;109.055;158.672;241.1;8.5;463.8;
1702942723;18.12.2023;23:38:43;79.6;109.074;158.682;241.1;8.5;463.8;
1702943623;18.12.2023;23:53:43;79.601;109.092;158.692;241.1;8.5;463.8;
1702944523;19.12.2023;00:08:43;79.603;109.11;158.701;241.1;8.5;463.8;
1702945423;19.12.2023;00:23:43;79.604;109.128;158.711;241.1;8.5;463.8;
1702946324;19.12.2023;00:38:44;79.606;109.146;158.722;241.1;8.5;463.8;
1702947224;19.12.2023;00:53:44;79.607;109.164;158.734;241.1;8.5;463.8;
1702948124;19.12.2023;01:08:44;79.609;109.182;158.747;241.1;8.5;463.8;
1702949025;19.12.2023;01:23:45;79.61;109.2;158.763;241.1;8.5;463.8;
1702949925;19.12.2023;01:38:45;79.611;109.219;158.776;241.1;8.5;463.8;
1702950825;19.12.2023;01:53:45;79.612;109.237;158.791;241.1;8.5;463.8;
1702951726;19.12.2023;02:08:46;79.614;109.254;158.803;241.1;8.5;463.8;
1702952626;19.12.2023;02:23:46;79.615;109.273;158.815;241.1;8.5;463.8;
1702953526;19.12.2023;02:38:46;79.617;109.291;158.827;241.1;8.5;463.8;
1702954427;19.12.2023;02:53:47;79.618;109.309;158.839;241.1;8.5;463.8;
1702955327;19.12.2023;03:08:47;79.627;109.325;158.853;241.1;8.5;463.8;
1702956227;19.12.2023;03:23:47;79.635;109.342;158.874;241.1;8.5;463.8;
1702957127;19.12.2023;03:38:47;79.641;109.363;158.893;241.1;8.5;463.8;
1702958028;19.12.2023;03:53:48;79.647;109.383;158.913;241.1;8.5;463.8;
1702958928;19.12.2023;04:08:48;79.652;109.405;158.933;241.1;8.5;463.8;
1702959828;19.12.2023;04:23:48;79.657;109.427;158.952;241.1;8.5;463.8;
1702960729;19.12.2023;04:38:49;79.662;109.448;158.97;241.1;8.5;463.8;
1702961629;19.12.2023;04:53:49;79.667;109.47;158.987;241.1;8.5;463.8;
1702962529;19.12.2023;05:08:49;79.672;109.491;159.005;241.1;8.5;463.8;
1702963430;19.12.2023;05:23:50;79.676;109.512;159.022;241.1;8.5;463.8;
1702964330;19.12.2023;05:38:50;79.681;109.534;159.038;241.1;8.5;463.9;
1702965230;19.12.2023;05:53:50;79.686;109.555;159.056;241.1;8.5;464;
1702966130;19.12.2023;06:08:50;79.691;109.576;159.072;241.1;8.5;464.3;
1702967031;19.12.2023;06:23:51;79.695;109.596;159.086;241.1;8.5;464.4;
1702967931;19.12.2023;06:38:51;79.7;109.616;159.1;241.1;8.5;464.6;
1702968831;19.12.2023;06:53:51;79.704;109.636;159.116;241.1;8.5;464.8;
1702969732;19.12.2023;07:08:52;79.708;109.656;159.133;241.1;8.5;465;
1702970632;19.12.2023;07:23:52;79.712;109.675;159.148;241.1;8.5;465.1;
1702971532;19.12.2023;07:38:52;79.716;109.694;159.164;241.1;8.5;465.3;
1702972433;19.12.2023;07:53:53;79.719;109.713;159.181;241.1;8.5;465.4;
1702973333;19.12.2023;08:08:53;79.724;109.735;159.198;241.1;8.5;465.6;
1702974233;19.12.2023;08:23:53;79.73;109.758;159.218;241.1;8.5;465.7;
1702975134;19.12.2023;08:38:54;79.736;109.782;159.234;241.1;8.5;465.9;
1702976034;19.12.2023;08:53:54;79.741;109.805;159.251;241.1;8.5;465.9;
1702976934;19.12.2023;09:08:54;79.747;109.829;159.268;241.1;8.5;466;
1702977835;19.12.2023;09:23:55;79.752;109.85;159.283;241.1;8.5;466;
1702978735;19.12.2023;09:38:55;79.757;109.87;159.297;241.1;8.5;466;
1702979635;19.12.2023;09:53:55;79.762;109.891;159.311;241.1;8.5;466;
1702980535;19.12.2023;10:08:55;79.766;109.913;159.325;241.1;8.5;466;
1702981436;19.12.2023;10:23:56;79.771;109.934;159.341;241.1;8.5;466;
1702982336;19.12.2023;10:38:56;79.776;109.955;159.358;241.1;8.5;466.1;
1702983236;19.12.2023;10:53:56;79.781;109.976;159.375;241.1;8.5;466.2;
1702984137;19.12.2023;11:08:57;79.786;109.998;159.391;241.1;8.5;466.2;
1702985037;19.12.2023;11:23:57;79.791;110.018;159.407;241.1;8.5;466.2;
1702985937;19.12.2023;11:38:57;79.795;110.039;159.422;241.1;8.5;466.2;
1702986838;19.12.2023;11:53:58;79.8;110.059;159.438;241.1;8.5;466.3;
1702987738;19.12.2023;12:08:58;79.804;110.079;159.453;241.1;8.5;466.3;
1702988638;19.12.2023;12:23:58;79.809;110.099;159.468;241.1;8.5;466.3;
1702989539;19.12.2023;12:38:59;79.813;110.119;159.483;241.1;8.5;466.4;
1702990439;19.12.2023;12:53:59;79.816;110.139;159.498;241.1;8.5;466.5;
1702991339;19.12.2023;13:08:59;79.82;110.16;159.512;241.1;8.5;466.5;
1702992239;19.12.2023;13:23:59;79.825;110.179;159.526;241.1;8.5;466.6;
1702993140;19.12.2023;13:39:00;79.83;110.198;159.54;241.1;8.5;466.7;
1702994040;19.12.2023;13:54:00;79.835;110.216;159.553;241.1;8.5;466.8;
1702994940;19.12.2023;14:09:00;79.839;110.234;159.566;241.1;8.5;466.8;
1702995841;19.12.2023;14:24:01;79.843;110.255;159.58;241.1;8.5;467;
1702996741;19.12.2023;14:39:01;79.847;110.275;159.594;241.1;8.5;467.1;
1702997641;19.12.2023;14:54:01;79.851;110.293;159.606;241.1;8.5;467.1;
1702998542;19.12.2023;15:09:02;79.856;110.311;159.617;241.1;8.5;467.1;
1702999442;19.12.2023;15:24:02;79.859;110.329;159.629;241.1;8.5;467.2;
1703000342;19.12.2023;15:39:02;79.863;110.347;159.644;241.1;8.5;467.2;
1703001242;19.12.2023;15:54:02;79.867;110.364;159.658;241.1;8.5;467.2;
1703002143;19.12.2023;16:09:03;79.871;110.381;159.67;241.1;8.5;467.3;
1703003043;19.12.2023;16:24:03;79.873;110.399;159.68;241.1;8.5;467.4;
1703003943;19.12.2023;16:39:03;79.877;110.418;159.695;241.1;8.5;467.4;
1703004844;19.12.2023;16:54:04;79.88;110.438;159.71;241.1;8.5;467.4;
1703005744;19.12.2023;17:09:04;79.883;110.458;159.727;241.1;8.5;467.4;
1703006644;19.12.2023;17:24:04;79.887;110.476;159.743;241.1;8.5;467.5;
1703007545;19.12.2023;17:39:05;79.89;110.493;159.759;241.1;8.5;467.5;
1703008445;19.12.2023;17:54:05;79.894;110.51;159.772;241.1;8.5;467.5;
1703009345;19.12.2023;18:09:05;79.898;110.527;159.784;241.1;8.5;467.5;
1703010245;19.12.2023;18:24:05;79.903;110.544;159.796;241.1;8.5;467.5;
1703011146;19.12.2023;18:39:06;79.904;110.562;159.809;241.1;8.5;467.5;
1703012046;19.12.2023;18:54:06;79.905;110.576;159.822;241.1;8.5;467.5;
1703012946;19.12.2023;19:09:06;79.907;110.587;159.83;241.1;8.5;467.5;
1703013847;19.12.2023;19:24:07;79.909;110.599;159.834;241.1;8.5;467.5;
1703014747;19.12.2023;19:39:07;79.91;110.612;159.839;241.1;8.5;467.6;
1703015647;19.12.2023;19:54:07;79.912;110.627;159.845;241.1;8.5;467.6;
1703016548;19.12.2023;20:09:08;79.913;110.64;159.85;241.1;8.5;467.6;
1703017448;19.12.2023;20:24:08;79.915;110.652;159.86;241.1;8.5;467.6;
1703018348;19.12.2023;20:39:08;79.916;110.664;159.87;241.1;8.5;467.6;
1703019248;19.12.2023;20:54:08;79.917;110.677;159.879;241.1;8.5;467.6;
1703020149;19.12.2023;21:09:09;79.919;110.688;159.887;241.1;8.5;467.6;
1703021049;19.12.2023;21:24:09;79.92;110.701;159.895;241.1;8.5;467.6;
1703021949;19.12.2023;21:39:09;79.921;110.712;159.904;241.1;8.5;467.6;
1703022850;19.12.2023;21:54:10;79.923;110.725;159.918;241.1;8.5;467.6;
1703023750;19.12.2023;22:09:10;79.924;110.737;159.93;241.1;8.5;467.6;
1703024650;19.12.2023;22:24:10;79.925;110.748;159.94;241.1;8.5;467.6;
1703025551;19.12.2023;22:39:11;79.927;110.759;159.948;241.1;8.5;467.6;
1703026451;19.12.2023;22:54:11;79.928;110.77;159.956;241.1;8.5;467.6;
1703027351;19.12.2023;23:09:11;79.929;110.781;159.963;241.1;8.5;467.6;
1703028251;19.12.2023;23:24:11;79.93;110.792;159.971;241.1;8.5;467.6;
1703029152;19.12.2023;23:39:12;79.931;110.803;159.979;241.1;8.5;467.6;
1703030052;19.12.2023;23:54:12;79.933;110.814;159.989;241.1;8.5;467.6;
1703030952;20.12.2023;00:09:12;79.934;110.825;159.999;241.1;8.5;467.6;
1703031853;20.12.2023;00:24:13;79.935;110.835;160.007;241.1;8.5;467.6;
1703032753;20.12.2023;00:39:13;79.936;110.845;160.016;241.1;8.5;467.6;
1703033653;20.12.2023;00:54:13;79.938;110.855;160.026;241.1;8.5;467.6;
1703034554;20.12.2023;01:09:14;79.939;110.865;160.035;241.1;8.5;467.6;
1703035454;20.12.2023;01:24:14;79.94;110.874;160.043;241.1;8.5;467.6;
1703036354;20.12.2023;01:39:14;79.941;110.883;160.051;241.1;8.5;467.6;
1703037254;20.12.2023;01:54:14;79.942;110.893;160.062;241.1;8.5;467.6;
1703038155;20.12.2023;02:09:15;79.944;110.903;160.073;241.1;8.5;467.6;
1703039055;20.12.2023;02:24:15;79.945;110.914;160.083;241.1;8.5;467.6;
1703039955;20.12.2023;02:39:15;79.946;110.923;160.091;241.1;8.5;467.6;
1703040856;20.12.2023;02:54:16;79.948;110.933;160.1;241.1;8.5;467.6;
1703041756;20.12.2023;03:09:16;79.956;110.942;160.112;241.1;8.5;467.6;
1703042656;20.12.2023;03:24:16;79.963;110.956;160.14;241.1;8.5;467.6;
1703043557;20.12.2023;03:39:17;79.97;110.971;160.163;241.1;8.5;467.6;
1703044457;20.12.2023;03:54:17;79.975;110.984;160.181;241.1;8.5;467.6;
1703045357;20.12.2023;04:09:17;79.98;110.998;160.199;241.1;8.5;467.6;
1703046258;20.12.2023;04:24:18;79.985;111.011;160.217;241.1;8.5;467.6;
1703047158;20.12.2023;04:39:18;79.99;111.025;160.234;241.1;8.5;467.6;
1703048058;20.12.2023;04:54:18;79.994;111.039;160.251;241.1;8.5;467.6;
1703048958;20.12.2023;05:09:18;79.998;111.054;160.267;241.1;8.5;467.6;
1703049859;20.12.2023;05:24:19;80.003;111.071;160.285;241.1;8.5;467.6;
1703050759;20.12.2023;05:39:19;80.008;111.087;160.303;241.1;8.5;467.6;
1703051659;20.12.2023;05:54:19;80.012;111.104;160.321;241.1;8.5;467.7;
1703052560;20.12.2023;06:09:20;80.017;111.121;160.339;241.1;8.5;467.7;
1703053460;20.12.2023;06:24:20;80.021;111.138;160.356;241.1;8.5;467.7;
1703054360;20.12.2023;06:39:20;80.026;111.155;160.373;241.1;8.5;467.7;
1703055261;20.12.2023;06:54:21;80.03;111.171;160.389;241.1;8.5;467.7;
1703056161;20.12.2023;07:09:21;80.034;111.187;160.406;241.1;8.5;467.7;
1703057061;20.12.2023;07:24:21;80.037;111.204;160.423;241.1;8.5;467.7;
1703057961;20.12.2023;07:39:21;80.041;111.221;160.439;241.1;8.5;467.7;
1703058862;20.12.2023;07:54:22;80.045;111.24;160.456;241.1;8.5;467.7;
1703059762;20.12.2023;08:09:22;80.049;111.259;160.473;241.1;8.5;467.7;
1703060662;20.12.2023;08:24:22;80.054;111.278;160.487;241.1;8.5;467.7;
1703061563;20.12.2023;08:39:23;80.059;111.299;160.504;241.1;8.5;467.7;
1703062463;20.12.2023;08:54:23;80.065;111.32;160.522;241.1;8.5;467.8;
1703063363;20.12.2023;09:09:23;80.071;111.341;160.538;241.1;8.5;467.8;
1703064264;20.12.2023;09:24:24;80.076;111.359;160.554;241.1;8.5;467.8;
1703065164;20.12.2023;09:39:24;80.08;111.377;160.571;241.1;8.5;467.8;
1703066064;20.12.2023;09:54:24;80.084;111.395;160.588;241.1;8.5;467.9;
1703066964;20.12.2023;10:09:24;80.088;111.413;160.603;241.1;8.5;467.9;
1703067865;20.12.2023;10:24:25;80.091;111.429;160.616;241.1;8.5;467.9;
1703068765;20.12.2023;10:39:25;80.093;111.446;160.629;241.1;8.5;468;
1703069665;20.12.2023;10:54:25;80.094;111.462;160.642;241.1;8.5;468.1;
1703070566;20.12.2023;11:09:26;80.096;111.479;160.659;241.1;8.5;468.3;
1703071466;20.12.2023;11:24:26;80.098;111.495;160.674;241.1;8.5;468.5;
1703072366;20.12.2023;11:39:26;80.101;111.51;160.688;241.1;8.5;468.7;
1703073267;20.12.2023;11:54:27;80.103;111.525;160.7;241.1;8.5;468.8;
1703074167;20.12.2023;12:09:27;80.104;111.539;160.709;241.1;8.5;469;
1703075067;20.12.2023;12:24:27;80.105;111.554;160.717;241.1;8.5;469.1;
1703075968;20.12.2023;12:39:28;80.107;111.57;160.724;241.1;8.5;469.2;
1703076868;20.12.2023;12:54:28;80.108;111.584;160.731;241.1;8.5;469.3;
1703077768;20.12.2023;13:09:28;80.11;111.598;160.739;241.1;8.5;469.4;
1703078668;20.12.2023;13:24:28;80.112;111.611;160.747;241.1;8.5;469.5;
1703079569;20.12.2023;13:39:29;80.113;111.626;160.755;241.1;8.5;469.5;
1703080469;20.12.2023;13:54:29;80.115;111.64;160.762;241.1;8.5;469.5;
1703081369;20.12.2023;14:09:29;80.116;111.654;160.768;241.1;8.5;469.6;
1703082270;20.12.2023;14:24:30;80.118;111.667;160.774;241.1;8.5;469.7;
1703083170;20.12.2023;14:39:30;80.119;111.68;160.783;241.1;8.5;469.8;
1703084070;20.12.2023;14:54:30;80.121;111.694;160.791;241.1;8.5;469.8;
1703084971;20.12.2023;15:09:31;80.123;111.706;160.802;241.1;8.5;469.9;
1703085871;20.12.2023;15:24:31;80.124;111.721;160.815;241.1;8.5;470;
1703086771;20.12.2023;15:39:31;80.126;111.735;160.826;241.1;8.5;470;
1703087671;20.12.2023;15:54:31;80.128;111.747;160.837;241.1;8.5;470.1;
1703088572;20.12.2023;16:09:32;80.131;111.762;160.848;241.1;8.5;470.1;
1703089472;20.12.2023;16:24:32;80.133;111.776;160.858;241.1;8.5;470.1;
1703090372;20.12.2023;16:39:32;80.135;111.789;160.868;241.1;8.5;470.2;
1703091273;20.12.2023;16:54:33;80.137;111.802;160.878;241.1;8.5;470.2;
1703092173;20.12.2023;17:09:33;80.139;111.817;160.89;241.1;8.5;470.3;
1703093073;20.12.2023;17:24:33;80.141;111.832;160.901;241.1;8.5;470.3;
1703093974;20.12.2023;17:39:34;80.143;111.846;160.911;241.1;8.5;470.3;
1703094874;20.12.2023;17:54:34;80.144;111.86;160.92;241.1;8.5;470.4;
1703095774;20.12.2023;18:09:34;80.146;111.874;160.93;241.1;8.5;470.4;
1703096674;20.12.2023;18:24:34;80.148;111.888;160.939;241.1;8.5;470.4;
1703097575;20.12.2023;18:39:35;80.149;111.902;160.95;241.1;8.5;470.5;
1703098475;20.12.2023;18:54:35;80.15;111.914;160.959;241.1;8.5;470.5;
1703099375;20.12.2023;19:09:35;80.152;111.923;160.964;241.1;8.5;470.5;
1703100276;20.12.2023;19:24:36;80.153;111.932;160.967;241.1;8.5;470.6;
1703101176;20.12.2023;19:39:36;80.155;111.944;160.97;241.1;8.5;470.6;
1703102076;20.12.2023;19:54:36;80.156;111.956;160.973;241.1;8.5;470.6;
1703102977;20.12.2023;20:09:37;80.157;111.967;160.976;241.1;8.5;470.7;
1703103877;20.12.2023;20:24:37;80.158;111.978;160.979;241.1;8.5;470.7;
1703104777;20.12.2023;20:39:37;80.16;111.989;160.983;241.1;8.5;470.7;
1703105678;20.12.2023;20:54:38;80.161;112;160.986;241.1;8.5;470.8;
1703106578;20.12.2023;21:09:38;80.162;112.011;160.99;241.1;8.5;470.9;
1703107478;20.12.2023;21:24:38;80.163;112.021;160.993;241.1;8.5;470.9;
1703108378;20.12.2023;21:39:38;80.164;112.032;160.997;241.1;8.5;471;
1703109279;20.12.2023;21:54:39;80.165;112.044;161;241.1;8.5;471.1;
1703110179;20.12.2023;22:09:39;80.167;112.054;161.004;241.1;8.5;471.2;
1703111079;20.12.2023;22:24:39;80.169;112.065;161.007;241.1;8.5;471.2;
1703111980;20.12.2023;22:39:40;80.17;112.075;161.011;241.1;8.5;471.3;
1703112880;20.12.2023;22:54:40;80.172;112.086;161.014;241.1;8.5;471.3;
1703113780;20.12.2023;23:09:40;80.173;112.097;161.02;241.1;8.5;471.4;
1703114681;20.12.2023;23:24:41;80.175;112.108;161.026;241.1;8.5;471.5;
1703115581;20.12.2023;23:39:41;80.176;112.119;161.03;241.1;8.5;471.6;
1703116481;20.12.2023;23:54:41;80.178;112.13;161.036;241.1;8.5;471.6;
1703117381;21.12.2023;00:09:41;80.179;112.141;161.042;241.1;8.5;471.7;
1703118282;21.12.2023;00:24:42;80.18;112.151;161.049;241.1;8.5;471.8;
1703119182;21.12.2023;00:39:42;80.182;112.16;161.056;241.1;8.5;471.8;
1703120082;21.12.2023;00:54:42;80.183;112.169;161.067;241.1;8.5;471.8;
1703120983;21.12.2023;01:09:43;80.185;112.18;161.079;241.1;8.5;471.8;
1703121883;21.12.2023;01:24:43;80.186;112.19;161.09;241.1;8.5;471.8;
1703122783;21.12.2023;01:39:43;80.188;112.2;161.098;241.1;8.5;471.8;
1703123684;21.12.2023;01:54:44;80.189;112.209;161.106;241.1;8.5;471.8;
1703124584;21.12.2023;02:09:44;80.191;112.219;161.113;241.1;8.5;471.8;
1703125484;21.12.2023;02:24:44;80.192;112.229;161.121;241.1;8.5;471.8;
1703126384;21.12.2023;02:39:44;80.194;112.239;161.13;241.1;8.5;471.8;
1703127285;21.12.2023;02:54:45;80.195;112.248;161.138;241.1;8.5;471.8;
1703128185;21.12.2023;03:09:45;80.203;112.257;161.15;241.1;8.5;471.8;
1703129085;21.12.2023;03:24:45;80.21;112.27;161.176;241.1;8.5;471.8;
1703129986;21.12.2023;03:39:46;80.216;112.285;161.196;241.1;8.5;471.8;
1703130886;21.12.2023;03:54:46;80.221;112.297;161.211;241.1;8.5;471.8;
1703131786;21.12.2023;04:09:46;80.225;112.31;161.224;241.1;8.5;471.8;
1703132686;21.12.2023;04:24:46;80.229;112.323;161.238;241.1;8.5;471.8;
1703133587;21.12.2023;04:39:47;80.234;112.336;161.252;241.1;8.5;471.8;
1703134487;21.12.2023;04:54:47;80.238;112.349;161.266;241.1;8.5;471.8;
1703135387;21.12.2023;05:09:47;80.243;112.362;161.281;241.1;8.5;471.8;
1703136288;21.12.2023;05:24:48;80.247;112.376;161.296;241.1;8.5;471.8;
1703137188;21.12.2023;05:39:48;80.252;112.389;161.314;241.1;8.5;471.8;
1703138088;21.12.2023;05:54:48;80.256;112.402;161.331;241.1;8.5;471.9;
1703138989;21.12.2023;06:09:49;80.26;112.415;161.346;241.1;8.5;471.9;
1703139889;21.12.2023;06:24:49;80.265;112.427;161.361;241.1;8.5;472;
1703140789;21.12.2023;06:39:49;80.269;112.439;161.376;241.1;8.5;472.1;
1703141690;21.12.2023;06:54:50;80.273;112.452;161.391;241.1;8.5;472.1;
1703142590;21.12.2023;07:09:50;80.277;112.464;161.406;241.1;8.5;472.1;
1703143490;21.12.2023;07:24:50;80.281;112.475;161.419;241.1;8.5;472.1;
1703144390;21.12.2023;07:39:50;80.285;112.487;161.433;241.1;8.5;472.1;
1703145291;21.12.2023;07:54:51;80.29;112.499;161.449;241.1;8.5;472.1;
1703146191;21.12.2023;08:09:51;80.294;112.512;161.465;241.1;8.5;472.1;
1703147091;21.12.2023;08:24:51;80.298;112.524;161.479;241.1;8.5;472.2;
1703147992;21.12.2023;08:39:52;80.302;112.536;161.494;241.1;8.5;472.2;
1703148892;21.12.2023;08:54:52;80.306;112.548;161.508;241.1;8.5;472.2;
1703149792;21.12.2023;09:09:52;80.309;112.56;161.523;241.1;8.5;472.2;
1703150693;21.12.2023;09:24:53;80.312;112.571;161.536;241.1;8.5;472.2;
1703151593;21.12.2023;09:39:53;80.315;112.582;161.55;241.1;8.5;472.2;
1703152493;21.12.2023;09:54:53;80.318;112.594;161.562;241.1;8.5;472.3;
1703153393;21.12.2023;10:09:53;80.32;112.605;161.574;241.1;8.5;472.3;
1703154294;21.12.2023;10:24:54;80.323;112.615;161.586;241.1;8.5;472.3;
1703155194;21.12.2023;10:39:54;80.326;112.626;161.598;241.1;8.5;472.3;
1703156094;21.12.2023;10:54:54;80.328;112.636;161.609;241.1;8.5;472.4;
1703156995;21.12.2023;11:09:55;80.33;112.646;161.623;241.1;8.5;472.4;
1703157895;21.12.2023;11:24:55;80.332;112.656;161.635;241.1;8.5;472.4;
1703158795;21.12.2023;11:39:55;80.334;112.666;161.648;241.1;8.5;472.5;
1703159696;21.12.2023;11:54:56;80.336;112.676;161.66;241.1;8.5;472.5;
1703160596;21.12.2023;12:09:56;80.338;112.685;161.674;241.1;8.5;472.5;
1703161496;21.12.2023;12:24:56;80.341;112.694;161.686;241.1;8.5;472.5;
1703162397;21.12.2023;12:39:57;80.343;112.705;161.698;241.1;8.5;472.6;
1703163297;21.12.2023;12:54:57;80.345;112.714;161.709;241.1;8.5;472.6;
1703164197;21.12.2023;13:09:57;80.348;112.722;161.72;241.1;8.5;472.7;
1703165098;21.12.2023;13:24:58;80.351;112.73;161.735;241.1;8.5;472.7;
1703165998;21.12.2023;13:39:58;80.356;112.739;161.748;241.1;8.5;472.7;
1703166898;21.12.2023;13:54:58;80.359;112.748;161.761;241.1;8.5;472.8;
1703167798;21.12.2023;14:09:58;80.362;112.757;161.774;241.1;8.5;472.8;
1703168699;21.12.2023;14:24:59;80.364;112.765;161.785;241.1;8.5;472.9;
1703169599;21.12.2023;14:39:59;80.367;112.773;161.796;241.1;8.5;472.9;
1703170499;21.12.2023;14:54:59;80.369;112.78;161.808;241.1;8.5;472.9;
1703171400;21.12.2023;15:10:00;80.371;112.787;161.821;241.1;8.5;473;
1703172300;21.12.2023;15:25:00;80.373;112.796;161.836;241.1;8.5;473;
1703173200;21.12.2023;15:40:00;80.375;112.805;161.85;241.1;8.5;473;
1703174101;21.12.2023;15:55:01;80.377;112.814;161.863;241.1;8.5;473;
1703175001;21.12.2023;16:10:01;80.38;112.824;161.875;241.1;8.5;473;
1703175901;21.12.2023;16:25:01;80.383;112.834;161.887;241.1;8.5;473;
1703176801;21.12.2023;16:40:01;80.385;112.843;161.899;241.1;8.5;473;
1703177702;21.12.2023;16:55:02;80.388;112.853;161.911;241.1;8.5;473;
1703178602;21.12.2023;17:10:02;80.39;112.862;161.924;241.1;8.5;473;
1703179502;21.12.2023;17:25:02;80.393;112.872;161.935;241.1;8.5;473;
1703180403;21.12.2023;17:40:03;80.396;112.882;161.949;241.1;8.5;473;
1703181303;21.12.2023;17:55:03;80.401;112.891;161.962;241.1;8.5;473;
1703182203;21.12.2023;18:10:03;80.405;112.901;161.975;241.1;8.5;473.1;
1703183104;21.12.2023;18:25:04;80.41;112.911;161.987;241.1;8.5;473.1;
1703184004;21.12.2023;18:40:04;80.412;112.92;161.999;241.1;8.5;473.1;
1703184904;21.12.2023;18:55:04;80.414;112.926;162.008;241.1;8.5;473.1;
1703185805;21.12.2023;19:10:05;80.416;112.929;162.014;241.1;8.5;473.1;
1703186705;21.12.2023;19:25:05;80.417;112.932;162.02;241.1;8.5;473.1;
1703187605;21.12.2023;19:40:05;80.418;112.938;162.028;241.1;8.5;473.1;
1703188505;21.12.2023;19:55:05;80.419;112.945;162.036;241.1;8.5;473.1;
1703189406;21.12.2023;20:10:06;80.421;112.952;162.043;241.1;8.5;473.1;
1703190306;21.12.2023;20:25:06;80.422;112.958;162.05;241.1;8.5;473.1;
1703191206;21.12.2023;20:40:06;80.424;112.964;162.058;241.1;8.5;473.1;
1703192107;21.12.2023;20:55:07;80.425;112.97;162.066;241.1;8.5;473.1;
1703193007;21.12.2023;21:10:07;80.427;112.975;162.074;241.1;8.5;473.1;
1703193907;21.12.2023;21:25:07;80.428;112.981;162.082;241.1;8.5;473.1;
1703194808;21.12.2023;21:40:08;80.43;112.987;162.09;241.1;8.5;473.1;
1703195708;21.12.2023;21:55:08;80.431;112.993;162.1;241.1;8.5;473.1;
1703196608;21.12.2023;22:10:08;80.433;112.999;162.11;241.1;8.5;473.1;
1703197508;21.12.2023;22:25:08;80.434;113.005;162.117;241.1;8.5;473.1;
1703198409;21.12.2023;22:40:09;80.436;113.01;162.126;241.1;8.5;473.1;
1703199309;21.12.2023;22:55:09;80.437;113.016;162.135;241.1;8.5;473.1;
1703200209;21.12.2023;23:10:09;80.439;113.022;162.144;241.1;8.5;473.1;
1703201110;21.12.2023;23:25:10;80.44;113.028;162.152;241.1;8.5;473.1;
1703202010;21.12.2023;23:40:10;80.442;113.033;162.16;241.1;8.5;473.1;
1703202910;21.12.2023;23:55:10;80.443;113.04;162.17;241.1;8.5;473.1;
1703203811;22.12.2023;00:10:11;80.445;113.047;162.18;241.1;8.5;473.1;
1703204711;22.12.2023;00:25:11;80.446;113.053;162.189;241.1;8.5;473.1;
1703205611;22.12.2023;00:40:11;80.448;113.058;162.198;241.1;8.5;473.1;
1703206512;22.12.2023;00:55:12;80.449;113.065;162.206;241.1;8.5;473.1;
1703207412;22.12.2023;01:10:12;80.45;113.071;162.214;241.1;8.5;473.1;
1703208312;22.12.2023;01:25:12;80.452;113.078;162.222;241.1;8.5;473.1;
1703209212;22.12.2023;01:40:12;80.453;113.085;162.231;241.1;8.5;473.1;
1703210113;22.12.2023;01:55:13;80.455;113.091;162.24;241.1;8.5;473.1;
1703211013;22.12.2023;02:10:13;80.456;113.099;162.251;241.1;8.5;473.1;
1703211913;22.12.2023;02:25:13;80.458;113.107;162.261;241.1;8.5;473.1;
1703212814;22.12.2023;02:40:14;80.46;113.115;162.269;241.1;8.5;473.1;
1703213714;22.12.2023;02:55:14;80.461;113.122;162.277;241.1;8.5;473.1;
1703214614;22.12.2023;03:10:14;80.469;113.128;162.289;241.1;8.5;473.1;
1703215515;22.12.2023;03:25:15;80.474;113.134;162.312;241.1;8.5;473.1;
1703216415;22.12.2023;03:40:15;80.478;113.145;162.328;241.1;8.5;473.1;
1703217315;22.12.2023;03:55:15;80.481;113.156;162.344;241.1;8.5;473.1;
1703218215;22.12.2023;04:10:15;80.485;113.166;162.36;241.1;8.5;473.1;
1703219116;22.12.2023;04:25:16;80.489;113.177;162.375;241.1;8.5;473.1;
1703220016;22.12.2023;04:40:16;80.493;113.188;162.389;241.1;8.5;473.1;
1703220916;22.12.2023;04:55:16;80.497;113.198;162.403;241.1;8.5;473.1;
1703221817;22.12.2023;05:10:17;80.501;113.209;162.417;241.1;8.5;473.1;
1703222717;22.12.2023;05:25:17;80.505;113.219;162.429;241.1;8.5;473.1;
1703223617;22.12.2023;05:40:17;80.507;113.228;162.44;241.1;8.5;473.1;
1703224518;22.12.2023;05:55:18;80.51;113.237;162.45;241.1;8.5;473.2;
1703225418;22.12.2023;06:10:18;80.512;113.245;162.458;241.1;8.5;473.2;
1703226318;22.12.2023;06:25:18;80.514;113.254;162.466;241.1;8.5;473.2;
1703227219;22.12.2023;06:40:19;80.516;113.266;162.478;241.1;8.5;473.2;
1703228119;22.12.2023;06:55:19;80.519;113.277;162.489;241.1;8.5;473.2;
1703229019;22.12.2023;07:10:19;80.522;113.287;162.499;241.1;8.5;473.2;
1703229919;22.12.2023;07:25:19;80.524;113.296;162.508;241.1;8.5;473.2;
1703230820;22.12.2023;07:40:20;80.527;113.306;162.517;241.1;8.5;473.2;
1703231720;22.12.2023;07:55:20;80.53;113.319;162.532;241.1;8.5;473.2;
1703232620;22.12.2023;08:10:20;80.534;113.33;162.543;241.1;8.5;473.2;
1703233521;22.12.2023;08:25:21;80.538;113.343;162.559;241.1;8.5;473.2;
1703234421;22.12.2023;08:40:21;80.542;113.356;162.574;241.1;8.5;473.2;
1703235321;22.12.2023;08:55:21;80.546;113.367;162.588;241.1;8.5;473.2;
1703236222;22.12.2023;09:10:22;80.55;113.38;162.605;241.1;8.5;473.2;
1703237122;22.12.2023;09:25:22;80.554;113.391;162.62;241.1;8.5;473.2;
1703238022;22.12.2023;09:40:22;80.558;113.402;162.635;241.1;8.5;473.2;
1703238923;22.12.2023;09:55:23;80.562;113.413;162.651;241.1;8.5;473.3;
1703239823;22.12.2023;10:10:23;80.565;113.424;162.666;241.1;8.5;473.3;
1703240723;22.12.2023;10:25:23;80.568;113.434;162.682;241.1;8.5;473.3;
1703241624;22.12.2023;10:40:24;80.571;113.444;162.697;241.1;8.5;473.3;
1703242524;22.12.2023;10:55:24;80.574;113.454;162.713;241.1;8.5;473.3;
1703243424;22.12.2023;11:10:24;80.577;113.465;162.729;241.1;8.5;473.3;
1703244324;22.12.2023;11:25:24;80.579;113.474;162.743;241.1;8.5;473.3;
1703245225;22.12.2023;11:40:25;80.582;113.484;162.758;241.1;8.5;473.3;
1703246125;22.12.2023;11:55:25;80.585;113.493;162.772;241.1;8.5;473.3;
1703247025;22.12.2023;12:10:25;80.588;113.503;162.788;241.1;8.5;473.3;
1703247926;22.12.2023;12:25:26;80.592;113.512;162.803;241.1;8.5;473.3;
1703248826;22.12.2023;12:40:26;80.595;113.519;162.815;241.1;8.5;473.3;
1703249726;22.12.2023;12:55:26;80.599;113.527;162.826;241.1;8.5;473.3;
1703250627;22.12.2023;13:10:27;80.603;113.536;162.837;241.1;8.5;473.3;
1703251527;22.12.2023;13:25:27;80.606;113.545;162.849;241.1;8.5;473.3;
1703252427;22.12.2023;13:40:27;80.609;113.555;162.861;241.1;8.5;473.3;
1703253327;22.12.2023;13:55:27;80.612;113.565;162.874;241.1;8.5;473.3;
1703254228;22.12.2023;14:10:28;80.615;113.573;162.886;241.1;8.5;473.3;
1703255128;22.12.2023;14:25:28;80.617;113.579;162.896;241.1;8.5;473.3;
1703256028;22.12.2023;14:40:28;80.619;113.585;162.907;241.1;8.5;473.3;
1703256929;22.12.2023;14:55:29;80.62;113.593;162.919;241.1;8.5;473.3;
1703257829;22.12.2023;15:10:29;80.623;113.601;162.931;241.1;8.5;473.3;
1703258729;22.12.2023;15:25:29;80.625;113.61;162.942;241.1;8.5;473.3;
1703259630;22.12.2023;15:40:30;80.628;113.62;162.954;241.1;8.5;473.3;
1703260530;22.12.2023;15:55:30;80.631;113.63;162.964;241.1;8.5;473.3;
1703261430;22.12.2023;16:10:30;80.633;113.637;162.973;241.1;8.5;473.3;
1703262330;22.12.2023;16:25:30;80.636;113.646;162.983;241.1;8.5;473.3;
1703263231;22.12.2023;16:40:31;80.638;113.654;162.996;241.1;8.5;473.3;
1703264131;22.12.2023;16:55:31;80.642;113.662;163.007;241.1;8.5;473.3;
1703265031;22.12.2023;17:10:31;80.646;113.669;163.016;241.1;8.5;473.3;
1703265932;22.12.2023;17:25:32;80.648;113.677;163.024;241.1;8.5;473.3;
1703266832;22.12.2023;17:40:32;80.652;113.689;163.037;241.1;8.5;473.3;
1703267732;22.12.2023;17:55:32;80.654;113.699;163.049;241.1;8.5;473.3;
1703268633;22.12.2023;18:10:33;80.657;113.712;163.064;241.1;8.5;473.3;
1703269533;22.12.2023;18:25:33;80.661;113.724;163.08;241.1;8.5;473.3;
1703270433;22.12.2023;18:40:33;80.665;113.736;163.097;241.1;8.5;473.3;
1703271334;22.12.2023;18:55:34;80.668;113.747;163.115;241.1;8.5;473.3;
1703272234;22.12.2023;19:10:34;80.67;113.751;163.125;241.1;8.5;473.3;
1703273134;22.12.2023;19:25:34;80.671;113.755;163.129;241.1;8.5;473.3;
1703274034;22.12.2023;19:40:34;80.672;113.762;163.135;241.1;8.5;473.3;
1703274935;22.12.2023;19:55:35;80.673;113.771;163.142;241.1;8.5;473.3;
1703275835;22.12.2023;20:10:35;80.675;113.779;163.15;241.1;8.5;473.3;
1703276735;22.12.2023;20:25:35;80.676;113.787;163.159;241.1;8.5;473.3;
1703277636;22.12.2023;20:40:36;80.678;113.794;163.166;241.1;8.5;473.3;
1703278536;22.12.2023;20:55:36;80.679;113.802;163.174;241.1;8.5;473.3;
1703279436;22.12.2023;21:10:36;80.681;113.811;163.182;241.1;8.5;473.3;
1703280337;22.12.2023;21:25:37;80.683;113.819;163.19;241.1;8.5;473.3;
1703281237;22.12.2023;21:40:37;80.684;113.827;163.198;241.1;8.5;473.3;
1703282137;22.12.2023;21:55:37;80.686;113.834;163.205;241.1;8.5;473.3;
1703283037;22.12.2023;22:10:37;80.687;113.842;163.213;241.1;8.5;473.3;
1703283938;22.12.2023;22:25:38;80.689;113.85;163.223;241.1;8.5;473.3;
1703284838;22.12.2023;22:40:38;80.69;113.858;163.233;241.1;8.5;473.3;
1703285738;22.12.2023;22:55:38;80.692;113.866;163.241;241.1;8.5;473.3;
1703286639;22.12.2023;23:10:39;80.693;113.874;163.249;241.1;8.5;473.3;
1703287539;22.12.2023;23:25:39;80.695;113.882;163.257;241.1;8.5;473.3;
1703288439;22.12.2023;23:40:39;80.696;113.89;163.266;241.1;8.5;473.3;
1703289340;22.12.2023;23:55:40;80.698;113.899;163.275;241.1;8.5;473.3;
1703290240;23.12.2023;00:10:40;80.699;113.907;163.283;241.1;8.5;473.3;
1703291140;23.12.2023;00:25:40;80.701;113.915;163.288;241.1;8.5;473.3;
1703292041;23.12.2023;00:40:41;80.702;113.922;163.292;241.1;8.5;473.3;
1703292941;23.12.2023;00:55:41;80.703;113.931;163.296;241.1;8.5;473.3;
1703293841;23.12.2023;01:10:41;80.704;113.939;163.3;241.1;8.5;473.3;
1703294741;23.12.2023;01:25:41;80.706;113.947;163.305;241.1;8.5;473.3;
1703295642;23.12.2023;01:40:42;80.707;113.955;163.309;241.1;8.5;473.3;
1703296542;23.12.2023;01:55:42;80.708;113.964;163.313;241.1;8.5;473.3;
1703297442;23.12.2023;02:10:42;80.71;113.972;163.317;241.1;8.5;473.3;
1703298343;23.12.2023;02:25:43;80.711;113.98;163.322;241.1;8.5;473.3;
1703299243;23.12.2023;02:40:43;80.712;113.989;163.326;241.1;8.5;473.3;
1703300143;23.12.2023;02:55:43;80.713;113.997;163.33;241.1;8.5;473.3;
1703301043;23.12.2023;03:10:43;80.715;114.005;163.335;241.1;8.5;473.3;
1703301944;23.12.2023;03:25:44;80.717;114.014;163.34;241.1;8.5;473.3;
1703302844;23.12.2023;03:40:44;80.719;114.022;163.345;241.1;8.5;473.3;
1703303744;23.12.2023;03:55:44;80.72;114.03;163.35;241.1;8.5;473.3;
1703304645;23.12.2023;04:10:45;80.721;114.039;163.355;241.1;8.5;473.3;
1703305545;23.12.2023;04:25:45;80.722;114.048;163.359;241.1;8.5;473.3;
1703306445;23.12.2023;04:40:45;80.724;114.057;163.364;241.1;8.5;473.3;
1703307346;23.12.2023;04:55:46;80.725;114.066;163.369;241.1;8.5;473.3;
1703308246;23.12.2023;05:10:46;80.726;114.077;163.375;241.1;8.5;473.3;
1703309146;23.12.2023;05:25:46;80.728;114.086;163.381;241.1;8.5;473.3;
1703310047;23.12.2023;05:40:47;80.73;114.096;163.387;241.1;8.5;473.3;
1703310947;23.12.2023;05:55:47;80.732;114.105;163.392;241.1;8.5;473.3;
1703311847;23.12.2023;06:10:47;80.734;114.114;163.398;241.1;8.5;473.3;
1703312747;23.12.2023;06:25:47;80.735;114.123;163.403;241.1;8.5;473.3;
1703313648;23.12.2023;06:40:48;80.736;114.131;163.407;241.1;8.5;473.3;
1703314548;23.12.2023;06:55:48;80.738;114.14;163.413;241.1;8.5;473.3;
1703315448;23.12.2023;07:10:48;80.739;114.149;163.419;241.1;8.5;473.3;
1703316349;23.12.2023;07:25:49;80.74;114.159;163.424;241.1;8.5;473.3;
1703317249;23.12.2023;07:40:49;80.742;114.167;163.429;241.1;8.5;473.3;
1703318149;23.12.2023;07:55:49;80.744;114.176;163.435;241.1;8.5;473.3;
1703319050;23.12.2023;08:10:50;80.746;114.184;163.44;241.1;8.5;473.3;
1703319950;23.12.2023;08:25:50;80.747;114.194;163.447;241.1;8.5;473.3;
1703320850;23.12.2023;08:40:50;80.748;114.203;163.453;241.1;8.5;473.3;
1703321750;23.12.2023;08:55:50;80.75;114.212;163.458;241.1;8.5;473.3;
1703322651;23.12.2023;09:10:51;80.751;114.221;163.463;241.1;8.5;473.3;
1703323551;23.12.2023;09:25:51;80.752;114.229;163.468;241.1;8.5;473.3;
1703324451;23.12.2023;09:40:51;80.754;114.238;163.473;241.1;8.5;473.3;
1703325352;23.12.2023;09:55:52;80.755;114.246;163.479;241.1;8.5;473.3;
1703326252;23.12.2023;10:10:52;80.757;114.254;163.485;241.1;8.5;473.3;
1703327152;23.12.2023;10:25:52;80.759;114.263;163.491;241.1;8.5;473.3;
1703328053;23.12.2023;10:40:53;80.76;114.272;163.497;241.1;8.5;473.3;
1703328953;23.12.2023;10:55:53;80.762;114.28;163.502;241.1;8.5;473.3;
1703329853;23.12.2023;11:10:53;80.763;114.288;163.508;241.1;8.5;473.3;
1703330753;23.12.2023;11:25:53;80.764;114.296;163.513;241.1;8.5;473.3;
1703331654;23.12.2023;11:40:54;80.766;114.305;163.518;241.1;8.5;473.3;
1703332554;23.12.2023;11:55:54;80.767;114.313;163.523;241.1;8.5;473.3;
1703333454;23.12.2023;12:10:54;80.768;114.321;163.528;241.1;8.5;473.3;
1703334355;23.12.2023;12:25:55;80.77;114.329;163.533;241.1;8.5;473.3;
1703335255;23.12.2023;12:40:55;80.772;114.337;163.538;241.1;8.5;473.3;
1703336155;23.12.2023;12:55:55;80.773;114.349;163.543;241.1;8.5;473.3;
1703337056;23.12.2023;13:10:56;80.774;114.358;163.549;241.1;8.5;473.3;
1703337956;23.12.2023;13:25:56;80.776;114.365;163.555;241.1;8.5;473.3;
1703338856;23.12.2023;13:40:56;80.777;114.373;163.56;241.1;8.5;473.3;
1703339756;23.12.2023;13:55:56;80.779;114.38;163.565;241.1;8.5;473.3;
1703340657;23.12.2023;14:10:57;80.78;114.387;163.571;241.1;8.5;473.3;
1703341557;23.12.2023;14:25:57;80.781;114.394;163.576;241.1;8.5;473.3;
1703342457;23.12.2023;14:40:57;80.782;114.402;163.583;241.1;8.5;473.3;
1703343358;23.12.2023;14:55:58;80.784;114.41;163.588;241.1;8.5;473.3;
1703344258;23.12.2023;15:10:58;80.786;114.417;163.593;241.1;8.5;473.3;
1703345158;23.12.2023;15:25:58;80.787;114.424;163.597;241.1;8.5;473.3;
1703346059;23.12.2023;15:40:59;80.789;114.433;163.602;241.1;8.5;473.3;
1703346959;23.12.2023;15:55:59;80.79;114.443;163.608;241.1;8.5;473.3;
1703347859;23.12.2023;16:10:59;80.792;114.449;163.616;241.1;8.5;473.3;
1703348759;23.12.2023;16:25:59;80.793;114.456;163.626;241.1;8.5;473.3;
1703349660;23.12.2023;16:41:00;80.795;114.462;163.632;241.1;8.5;473.3;
1703350560;23.12.2023;16:56:00;80.796;114.468;163.638;241.1;8.5;473.3;
1703351460;23.12.2023;17:11:00;80.797;114.478;163.643;241.1;8.5;473.3;
1703352361;23.12.2023;17:26:01;80.799;114.487;163.649;241.1;8.5;473.3;
1703353261;23.12.2023;17:41:01;80.801;114.495;163.656;241.1;8.5;473.3;
1703354161;23.12.2023;17:56:01;80.803;114.501;163.664;241.1;8.5;473.3;
1703355062;23.12.2023;18:11:02;80.804;114.507;163.67;241.1;8.5;473.3;
1703355962;23.12.2023;18:26:02;80.805;114.512;163.676;241.1;8.5;473.3;
1703356862;23.12.2023;18:41:02;80.806;114.518;163.681;241.1;8.5;473.3;
1703357762;23.12.2023;18:56:02;80.807;114.525;163.686;241.1;8.5;473.3;
1703358663;23.12.2023;19:11:03;80.808;114.531;163.691;241.1;8.5;473.3;
1703359563;23.12.2023;19:26:03;80.81;114.537;163.695;241.1;8.5;473.3;
1703360463;23.12.2023;19:41:03;80.811;114.543;163.7;241.1;8.5;473.3;
1703361364;23.12.2023;19:56:04;80.813;114.551;163.706;241.1;8.5;473.3;
1703362264;23.12.2023;20:11:04;80.815;114.558;163.711;241.1;8.5;473.3;
1703363164;23.12.2023;20:26:04;80.816;114.567;163.716;241.1;8.5;473.3;
1703364065;23.12.2023;20:41:05;80.817;114.576;163.723;241.1;8.5;473.3;
1703364965;23.12.2023;20:56:05;80.818;114.584;163.729;241.1;8.5;473.3;
1703365865;23.12.2023;21:11:05;80.82;114.59;163.734;241.1;8.5;473.3;
1703366765;23.12.2023;21:26:05;80.821;114.597;163.739;241.1;8.5;473.3;
1703367666;23.12.2023;21:41:06;80.822;114.604;163.745;241.1;8.5;473.3;
1703368566;23.12.2023;21:56:06;80.824;114.611;163.75;241.1;8.5;473.3;
1703369466;23.12.2023;22:11:06;80.826;114.618;163.757;241.1;8.5;473.3;
1703370367;23.12.2023;22:26:07;80.827;114.625;163.763;241.1;8.5;473.3;
1703371267;23.12.2023;22:41:07;80.828;114.632;163.769;241.1;8.5;473.3;
1703372167;23.12.2023;22:56:07;80.83;114.639;163.775;241.1;8.5;473.3;
1703373068;23.12.2023;23:11:08;80.831;114.645;163.78;241.1;8.5;473.3;
1703373968;23.12.2023;23:26:08;80.832;114.651;163.785;241.1;8.5;473.3;
1703374868;23.12.2023;23:41:08;80.833;114.662;163.79;241.1;8.5;473.3;
1703375768;23.12.2023;23:56:08;80.835;114.67;163.796;241.1;8.5;473.3;
1703376669;24.12.2023;00:11:09;80.837;114.677;163.803;241.1;8.5;473.3;
1703377569;24.12.2023;00:26:09;80.839;114.683;163.81;241.1;8.5;473.3;
1703378469;24.12.2023;00:41:09;80.841;114.69;163.816;241.1;8.5;473.3;
1703379370;24.12.2023;00:56:10;80.842;114.697;163.822;241.1;8.5;473.3;
1703380270;24.12.2023;01:11:10;80.843;114.704;163.828;241.1;8.5;473.3;
1703381170;24.12.2023;01:26:10;80.844;114.71;163.834;241.1;8.5;473.3;
1703382071;24.12.2023;01:41:11;80.846;114.716;163.84;241.1;8.5;473.3;
1703382971;24.12.2023;01:56:11;80.847;114.723;163.845;241.1;8.5;473.3;
1703383871;24.12.2023;02:11:11;80.848;114.73;163.851;241.1;8.5;473.3;
1703384771;24.12.2023;02:26:11;80.849;114.736;163.856;241.1;8.5;473.3;
1703385672;24.12.2023;02:41:12;80.851;114.742;163.862;241.1;8.5;473.3;
1703386572;24.12.2023;02:56:12;80.853;114.751;163.867;241.1;8.5;473.3;
1703387472;24.12.2023;03:11:12;80.854;114.759;163.873;241.1;8.5;473.3;
1703388373;24.12.2023;03:26:13;80.856;114.766;163.879;241.1;8.5;473.3;
1703389273;24.12.2023;03:41:13;80.857;114.772;163.885;241.1;8.5;473.3;
1703390173;24.12.2023;03:56:13;80.858;114.777;163.891;241.1;8.5;473.3;
1703391073;24.12.2023;04:11:13;80.859;114.784;163.897;241.1;8.5;473.3;
1703391974;24.12.2023;04:26:14;80.861;114.791;163.902;241.1;8.5;473.3;
1703392874;24.12.2023;04:41:14;80.862;114.797;163.908;241.1;8.5;473.3;
1703393774;24.12.2023;04:56:14;80.864;114.803;163.913;241.1;8.5;473.3;
1703394675;24.12.2023;05:11:15;80.866;114.812;163.919;241.1;8.5;473.3;
1703395575;24.12.2023;05:26:15;80.868;114.819;163.927;241.1;8.5;473.3;
1703396475;24.12.2023;05:41:15;80.869;114.825;163.934;241.1;8.5;473.3;
1703397375;24.12.2023;05:56:15;80.871;114.831;163.941;241.1;8.5;473.3;
1703398276;24.12.2023;06:11:16;80.872;114.841;163.948;241.1;8.5;473.3;
1703399176;24.12.2023;06:26:16;80.874;114.849;163.955;241.1;8.5;473.3;
1703400076;24.12.2023;06:41:16;80.875;114.856;163.962;241.1;8.5;473.3;
1703400977;24.12.2023;06:56:17;80.877;114.861;163.969;241.1;8.5;473.3;
1703401877;24.12.2023;07:11:17;80.878;114.867;163.975;241.1;8.5;473.3;
1703402777;24.12.2023;07:26:17;80.88;114.873;163.981;241.1;8.5;473.3;
1703403678;24.12.2023;07:41:18;80.882;114.88;163.987;241.1;8.5;473.3;
1703404578;24.12.2023;07:56:18;80.883;114.886;163.993;241.1;8.5;473.3;
1703405478;24.12.2023;08:11:18;80.884;114.892;164;241.1;8.5;473.3;
1703406378;24.12.2023;08:26:18;80.885;114.902;164.005;241.1;8.5;473.3;
1703407279;24.12.2023;08:41:19;80.887;114.91;164.012;241.1;8.5;473.3;
1703408179;24.12.2023;08:56:19;80.888;114.918;164.019;241.1;8.5;473.3;
1703409079;24.12.2023;09:11:19;80.89;114.924;164.025;241.1;8.5;473.3;
1703409980;24.12.2023;09:26:20;80.892;114.93;164.032;241.1;8.5;473.3;
1703410880;24.12.2023;09:41:20;80.893;114.936;164.038;241.1;8.5;473.3;
1703411780;24.12.2023;09:56:20;80.895;114.943;164.044;241.1;8.5;473.3;
1703412681;24.12.2023;10:11:21;80.896;114.95;164.05;241.1;8.5;473.3;
1703413581;24.12.2023;10:26:21;80.898;114.958;164.055;241.1;8.5;473.3;
1703414481;24.12.2023;10:41:21;80.899;114.969;164.061;241.1;8.5;473.3;
1703415381;24.12.2023;10:56:21;80.9;114.977;164.068;241.1;8.5;473.3;
1703416282;24.12.2023;11:11:22;80.902;114.983;164.075;241.1;8.5;473.3;
1703417182;24.12.2023;11:26:22;80.903;114.99;164.081;241.1;8.5;473.3;
1703418082;24.12.2023;11:41:22;80.905;114.996;164.087;241.1;8.5;473.3;
1703418983;24.12.2023;11:56:23;80.907;115.002;164.093;241.1;8.5;473.3;
1703419883;24.12.2023;12:11:23;80.909;115.009;164.1;241.1;8.5;473.3;
1703420783;24.12.2023;12:26:23;80.91;115.014;164.107;241.1;8.5;473.3;
1703421683;24.12.2023;12:41:23;80.911;115.021;164.112;241.1;8.5;473.3;
1703422584;24.12.2023;12:56:24;80.912;115.028;164.118;241.1;8.5;473.3;
1703423484;24.12.2023;13:11:24;80.914;115.035;164.125;241.1;8.5;473.3;
1703424384;24.12.2023;13:26:24;80.915;115.041;164.132;241.1;8.5;473.3;
1703425285;24.12.2023;13:41:25;80.917;115.046;164.138;241.1;8.5;473.3;
1703426185;24.12.2023;13:56:25;80.918;115.05;164.144;241.1;8.5;473.3;
1703427085;24.12.2023;14:11:25;80.92;115.054;164.149;241.1;8.5;473.3;
1703427986;24.12.2023;14:26:26;80.921;115.058;164.156;241.1;8.5;473.3;
1703428886;24.12.2023;14:41:26;80.923;115.063;164.161;241.1;8.5;473.3;
1703429786;24.12.2023;14:56:26;80.924;115.072;164.167;241.1;8.5;473.3;
1703430686;24.12.2023;15:11:26;80.926;115.077;164.174;241.1;8.5;473.3;
1703431587;24.12.2023;15:26:27;80.927;115.081;164.18;241.1;8.5;473.3;
1703432487;24.12.2023;15:41:27;80.928;115.085;164.186;241.1;8.5;473.3;
1703433387;24.12.2023;15:56:27;80.93;115.088;164.192;241.1;8.5;473.3;
1703434288;24.12.2023;16:11:28;80.931;115.092;164.198;241.1;8.5;473.3;
1703435188;24.12.2023;16:26:28;80.932;115.095;164.204;241.1;8.5;473.3;
1703436088;24.12.2023;16:41:28;80.934;115.098;164.209;241.1;8.5;473.3;
1703436988;24.12.2023;16:56:28;80.935;115.103;164.215;241.1;8.5;473.3;
1703437889;24.12.2023;17:11:29;80.937;115.11;164.221;241.1;8.5;473.3;
1703438789;24.12.2023;17:26:29;80.939;115.115;164.229;241.1;8.5;473.3;
1703439689;24.12.2023;17:41:29;80.94;115.12;164.236;241.1;8.5;473.3;
1703440590;24.12.2023;17:56:30;80.942;115.124;164.243;241.1;8.5;473.3;
1703441490;24.12.2023;18:11:30;80.943;115.127;164.249;241.1;8.5;473.3;
1703442390;24.12.2023;18:26:30;80.944;115.131;164.255;241.1;8.5;473.3;
1703443291;24.12.2023;18:41:31;80.946;115.135;164.261;241.1;8.5;473.3;
1703444191;24.12.2023;18:56:31;80.947;115.139;164.268;241.1;8.5;473.3;
1703445091;24.12.2023;19:11:31;80.948;115.145;164.274;241.1;8.5;473.3;
1703445992;24.12.2023;19:26:32;80.95;115.151;164.279;241.1;8.5;473.3;
1703446892;24.12.2023;19:41:32;80.951;115.156;164.285;241.1;8.5;473.3;
1703447792;24.12.2023;19:56:32;80.952;115.162;164.291;241.1;8.5;473.3;
1703448692;24.12.2023;20:11:32;80.954;115.168;164.297;241.1;8.5;473.3;
1703449593;24.12.2023;20:26:33;80.955;115.173;164.303;241.1;8.5;473.3;
1703450493;24.12.2023;20:41:33;80.956;115.178;164.309;241.1;8.5;473.3;
1703451393;24.12.2023;20:56:33;80.957;115.184;164.315;241.1;8.5;473.3;
1703452294;24.12.2023;21:11:34;80.959;115.19;164.321;241.1;8.5;473.3;
1703453194;24.12.2023;21:26:34;80.96;115.201;164.326;241.1;8.5;473.3;
1703454094;24.12.2023;21:41:34;80.962;115.208;164.333;241.1;8.5;473.3;
1703454995;24.12.2023;21:56:35;80.964;115.213;164.339;241.1;8.5;473.3;
1703455895;24.12.2023;22:11:35;80.965;115.219;164.344;241.1;8.5;473.3;
1703456795;24.12.2023;22:26:35;80.966;115.225;164.35;241.1;8.5;473.3;
1703457695;24.12.2023;22:41:35;80.967;115.231;164.356;241.1;8.5;473.3;
1703458596;24.12.2023;22:56:36;80.969;115.238;164.362;241.1;8.5;473.3;
1703459496;24.12.2023;23:11:36;80.97;115.243;164.368;241.1;8.5;473.3;
1703460396;24.12.2023;23:26:36;80.971;115.251;164.374;241.1;8.5;473.3;
1703461297;24.12.2023;23:41:37;80.973;115.26;164.38;241.1;8.5;473.3;
1703462197;24.12.2023;23:56:37;80.975;115.267;164.386;241.1;8.5;473.3;
1703463097;25.12.2023;00:11:37;80.977;115.272;164.393;241.1;8.5;473.3;
1703463997;25.12.2023;00:26:37;80.979;115.278;164.4;241.1;8.5;473.3;
1703464898;25.12.2023;00:41:38;80.98;115.284;164.406;241.1;8.5;473.3;
1703465798;25.12.2023;00:56:38;80.981;115.291;164.413;241.1;8.5;473.3;
1703466698;25.12.2023;01:11:38;80.983;115.296;164.418;241.1;8.5;473.3;
1703467599;25.12.2023;01:26:39;80.984;115.303;164.424;241.1;8.5;473.3;
1703468499;25.12.2023;01:41:39;80.985;115.312;164.429;241.1;8.5;473.3;
1703469399;25.12.2023;01:56:39;80.986;115.322;164.436;241.1;8.5;473.3;
1703470300;25.12.2023;02:11:40;80.988;115.329;164.441;241.1;8.5;473.3;
1703471200;25.12.2023;02:26:40;80.99;115.334;164.447;241.1;8.5;473.3;
1703472100;25.12.2023;02:41:40;80.991;115.342;164.452;241.1;8.5;473.3;
1703473001;25.12.2023;02:56:41;80.993;115.349;164.459;241.1;8.5;473.3;
1703473901;25.12.2023;03:11:41;80.994;115.356;164.465;241.1;8.5;473.3;
1703474801;25.12.2023;03:26:41;80.995;115.366;164.471;241.1;8.5;473.3;
1703475702;25.12.2023;03:41:42;80.997;115.377;164.476;241.1;8.5;473.3;
1703476602;25.12.2023;03:56:42;80.998;115.387;164.48;241.1;8.5;473.3;
1703477502;25.12.2023;04:11:42;80.999;115.397;164.485;241.1;8.5;473.3;
1703478403;25.12.2023;04:26:43;81.001;115.407;164.49;241.1;8.5;473.3;
1703479303;25.12.2023;04:41:43;81.002;115.417;164.495;241.1;8.5;473.3;
1703480203;25.12.2023;04:56:43;81.003;115.428;164.5;241.1;8.5;473.3;
1703481103;25.12.2023;05:11:43;81.005;115.439;164.505;241.1;8.5;473.3;
1703482004;25.12.2023;05:26:44;81.006;115.45;164.511;241.1;8.5;473.3;
1703482904;25.12.2023;05:41:44;81.008;115.461;164.518;241.1;8.5;473.3;
1703483804;25.12.2023;05:56:44;81.009;115.472;164.523;241.1;8.5;473.3;
1703484705;25.12.2023;06:11:45;81.011;115.483;164.529;241.1;8.5;473.3;
1703485605;25.12.2023;06:26:45;81.012;115.494;164.536;241.1;8.5;473.3;
1703486505;25.12.2023;06:41:45;81.014;115.504;164.541;241.1;8.5;473.3;
1703487406;25.12.2023;06:56:46;81.015;115.514;164.546;241.1;8.5;473.3;
1703488306;25.12.2023;07:11:46;81.016;115.525;164.551;241.1;8.5;473.3;
1703489206;25.12.2023;07:26:46;81.018;115.535;164.556;241.1;8.5;473.3;
1703490107;25.12.2023;07:41:47;81.019;115.546;164.561;241.1;8.5;473.3;
1703491007;25.12.2023;07:56:47;81.02;115.557;164.566;241.1;8.5;473.3;
1703491907;25.12.2023;08:11:47;81.022;115.568;164.571;241.1;8.5;473.3;
1703492808;25.12.2023;08:26:48;81.023;115.579;164.576;241.1;8.5;473.3;
1703493708;25.12.2023;08:41:48;81.025;115.59;164.58;241.1;8.5;473.3;
1703494608;25.12.2023;08:56:48;81.026;115.601;164.585;241.1;8.5;473.3;
1703495509;25.12.2023;09:11:49;81.027;115.612;164.59;241.1;8.5;473.3;
1703496409;25.12.2023;09:26:49;81.028;115.622;164.595;241.1;8.5;473.3;
1703497309;25.12.2023;09:41:49;81.029;115.633;164.6;241.1;8.5;473.3;
1703498209;25.12.2023;09:56:49;81.031;115.645;164.605;241.1;8.5;473.3;
1703499110;25.12.2023;10:11:50;81.032;115.656;164.61;241.1;8.5;473.3;
1703500010;25.12.2023;10:26:50;81.034;115.668;164.615;241.1;8.5;473.3;
1703500910;25.12.2023;10:41:50;81.036;115.678;164.62;241.1;8.5;473.3;
1703501811;25.12.2023;10:56:51;81.037;115.687;164.624;241.1;8.5;473.3;
1703502711;25.12.2023;11:11:51;81.038;115.698;164.629;241.1;8.5;473.3;
1703503611;25.12.2023;11:26:51;81.04;115.706;164.634;241.1;8.5;473.3;
1703504512;25.12.2023;11:41:52;81.041;115.715;164.639;241.1;8.5;473.3;
1703505412;25.12.2023;11:56:52;81.042;115.724;164.643;241.1;8.5;473.3;
1703506312;25.12.2023;12:11:52;81.043;115.734;164.648;241.1;8.5;473.3;
1703507213;25.12.2023;12:26:53;81.044;115.742;164.652;241.1;8.5;473.3;
1703508113;25.12.2023;12:41:53;81.045;115.75;164.655;241.1;8.5;473.3;
1703509013;25.12.2023;12:56:53;81.046;115.759;164.659;241.1;8.5;473.3;
1703509914;25.12.2023;13:11:54;81.048;115.769;164.663;241.1;8.5;473.3;
1703510814;25.12.2023;13:26:54;81.049;115.779;164.667;241.1;8.5;473.3;
1703511714;25.12.2023;13:41:54;81.05;115.789;164.671;241.1;8.5;473.3;
1703512615;25.12.2023;13:56:55;81.051;115.798;164.675;241.1;8.5;473.3;
1703513515;25.12.2023;14:11:55;81.052;115.808;164.679;241.1;8.5;473.3;
1703514415;25.12.2023;14:26:55;81.054;115.818;164.682;241.1;8.5;473.3;
1703515315;25.12.2023;14:41:55;81.055;115.828;164.686;241.1;8.5;473.3;
1703516216;25.12.2023;14:56:56;81.056;115.839;164.691;241.1;8.5;473.3;
1703517116;25.12.2023;15:11:56;81.057;115.849;164.695;241.1;8.5;473.3;
1703518016;25.12.2023;15:26:56;81.059;115.859;164.699;241.1;8.5;473.3;
1703518917;25.12.2023;15:41:57;81.06;115.869;164.703;241.1;8.5;473.3;
1703519817;25.12.2023;15:56:57;81.061;115.878;164.708;241.1;8.5;473.3;
1703520717;25.12.2023;16:11:57;81.062;115.889;164.714;241.1;8.5;473.3;
1703521618;25.12.2023;16:26:58;81.064;115.899;164.719;241.1;8.5;473.3;
1703522518;25.12.2023;16:41:58;81.065;115.909;164.724;241.1;8.5;473.3;
1703523418;25.12.2023;16:56:58;81.066;115.92;164.729;241.1;8.5;473.3;
1703524319;25.12.2023;17:11:59;81.068;115.931;164.734;241.1;8.5;473.3;
1703525219;25.12.2023;17:26:59;81.069;115.941;164.738;241.1;8.5;473.3;
1703526119;25.12.2023;17:41:59;81.07;115.951;164.743;241.1;8.5;473.3;
1703527020;25.12.2023;17:57:00;81.071;115.961;164.748;241.1;8.5;473.3;
1703527920;25.12.2023;18:12:00;81.073;115.972;164.754;241.1;8.5;473.3;
1703528820;25.12.2023;18:27:00;81.074;115.982;164.76;241.1;8.5;473.3;
1703529721;25.12.2023;18:42:01;81.075;115.991;164.765;241.1;8.5;473.3;
1703530621;25.12.2023;18:57:01;81.077;115.998;164.771;241.1;8.5;473.3;
1703531521;25.12.2023;19:12:01;81.079;116.003;164.777;241.1;8.5;473.3;
1703532422;25.12.2023;19:27:02;81.08;116.009;164.782;241.1;8.5;473.3;
1703533322;25.12.2023;19:42:02;81.082;116.016;164.788;241.1;8.5;473.3;
1703534222;25.12.2023;19:57:02;81.083;116.024;164.794;241.1;8.5;473.3;
1703535123;25.12.2023;20:12:03;81.085;116.031;164.801;241.1;8.5;473.3;
1703536023;25.12.2023;20:27:03;81.086;116.038;164.807;241.1;8.5;473.3;
1703536923;25.12.2023;20:42:03;81.088;116.045;164.813;241.1;8.5;473.3;
1703537823;25.12.2023;20:57:03;81.089;116.052;164.818;241.1;8.5;473.3;
1703538724;25.12.2023;21:12:04;81.09;116.061;164.824;241.1;8.5;473.3;
1703539624;25.12.2023;21:27:04;81.092;116.07;164.831;241.1;8.5;473.3;
1703540524;25.12.2023;21:42:04;81.094;116.077;164.837;241.1;8.5;473.3;
1703541425;25.12.2023;21:57:05;81.095;116.082;164.844;241.1;8.5;473.3;
1703542325;25.12.2023;22:12:05;81.096;116.089;164.85;241.1;8.5;473.3;
1703543225;25.12.2023;22:27:05;81.098;116.095;164.856;241.1;8.5;473.3;
1703544126;25.12.2023;22:42:06;81.099;116.101;164.862;241.1;8.5;473.3;
1703545026;25.12.2023;22:57:06;81.101;116.107;164.867;241.1;8.5;473.3;
1703545926;25.12.2023;23:12:06;81.102;116.113;164.873;241.1;8.5;473.3;
1703546827;25.12.2023;23:27:07;81.104;116.124;164.879;241.1;8.5;473.3;
1703547727;25.12.2023;23:42:07;81.105;116.131;164.886;241.1;8.5;473.3;
1703548627;25.12.2023;23:57:07;81.107;116.136;164.893;241.1;8.5;473.3;
1703549528;26.12.2023;00:12:08;81.108;116.142;164.901;241.1;8.5;473.3;
1703550428;26.12.2023;00:27:08;81.109;116.148;164.908;241.1;8.5;473.3;
1703551328;26.12.2023;00:42:08;81.111;116.154;164.914;241.1;8.5;473.3;
1703552229;26.12.2023;00:57:09;81.112;116.16;164.919;241.1;8.5;473.3;
1703553129;26.12.2023;01:12:09;81.113;116.166;164.925;241.1;8.5;473.3;
1703554029;26.12.2023;01:27:09;81.115;116.174;164.931;241.1;8.5;473.3;
1703554929;26.12.2023;01:42:09;81.116;116.184;164.936;241.1;8.5;473.3;
1703555830;26.12.2023;01:57:10;81.118;116.19;164.943;241.1;8.5;473.3;
1703556730;26.12.2023;02:12:10;81.12;116.196;164.949;241.1;8.5;473.3;
1703557630;26.12.2023;02:27:10;81.121;116.202;164.955;241.1;8.5;473.3;
1703558531;26.12.2023;02:42:11;81.122;116.208;164.961;241.1;8.5;473.3;
1703559431;26.12.2023;02:57:11;81.124;116.215;164.967;241.1;8.5;473.3;
1703560331;26.12.2023;03:12:11;81.125;116.223;164.974;241.1;8.5;473.3;
1703561232;26.12.2023;03:27:12;81.126;116.233;164.98;241.1;8.5;473.3;
1703562132;26.12.2023;03:42:12;81.127;116.244;164.986;241.1;8.5;473.3;
1703563032;26.12.2023;03:57:12;81.128;116.254;164.991;241.1;8.5;473.3;
1703563933;26.12.2023;04:12:13;81.13;116.263;164.998;241.1;8.5;473.3;
1703564833;26.12.2023;04:27:13;81.131;116.273;165.004;241.1;8.5;473.3;
1703565733;26.12.2023;04:42:13;81.132;116.283;165.01;241.1;8.5;473.3;
1703566634;26.12.2023;04:57:14;81.133;116.293;165.015;241.1;8.5;473.3;
1703567534;26.12.2023;05:12:14;81.134;116.305;165.021;241.1;8.5;473.3;
1703568434;26.12.2023;05:27:14;81.136;116.317;165.028;241.1;8.5;473.3;
1703569335;26.12.2023;05:42:15;81.137;116.328;165.034;241.1;8.5;473.3;
1703570235;26.12.2023;05:57:15;81.139;116.339;165.039;241.1;8.5;473.3;
1703571135;26.12.2023;06:12:15;81.14;116.349;165.045;241.1;8.5;473.3;
1703572036;26.12.2023;06:27:16;81.141;116.359;165.052;241.1;8.5;473.3;
1703572936;26.12.2023;06:42:16;81.143;116.369;165.058;241.1;8.5;473.3;
1703573836;26.12.2023;06:57:16;81.144;116.381;165.064;241.1;8.5;473.3;
1703574736;26.12.2023;07:12:16;81.145;116.391;165.069;241.1;8.5;473.3;
1703575637;26.12.2023;07:27:17;81.146;116.401;165.074;241.1;8.5;473.3;
1703576537;26.12.2023;07:42:17;81.148;116.412;165.079;241.1;8.5;473.3;
1703577437;26.12.2023;07:57:17;81.149;116.423;165.084;241.1;8.5;473.3;
1703578338;26.12.2023;08:12:18;81.15;116.433;165.09;241.1;8.5;473.3;
1703579238;26.12.2023;08:27:18;81.151;116.444;165.096;241.1;8.5;473.3;
1703580138;26.12.2023;08:42:18;81.153;116.454;165.102;241.1;8.5;473.3;
1703581039;26.12.2023;08:57:19;81.154;116.464;165.108;241.1;8.5;473.3;
1703581939;26.12.2023;09:12:19;81.155;116.476;165.113;241.1;8.5;473.3;
1703582839;26.12.2023;09:27:19;81.157;116.487;165.119;241.1;8.5;473.3;
1703583740;26.12.2023;09:42:20;81.158;116.498;165.124;241.1;8.5;473.3;
1703584640;26.12.2023;09:57:20;81.159;116.507;165.131;241.1;8.5;473.3;
1703585540;26.12.2023;10:12:20;81.16;116.517;165.136;241.1;8.5;473.3;
1703586441;26.12.2023;10:27:21;81.162;116.528;165.141;241.1;8.5;473.3;
1703587341;26.12.2023;10:42:21;81.163;116.539;165.146;241.1;8.5;473.3;
1703588241;26.12.2023;10:57:21;81.165;116.548;165.151;241.1;8.5;473.3;
1703589142;26.12.2023;11:12:22;81.166;116.556;165.155;241.1;8.5;473.3;
1703590042;26.12.2023;11:27:22;81.167;116.566;165.158;241.1;8.5;473.3;
1703590942;26.12.2023;11:42:22;81.168;116.576;165.162;241.1;8.5;473.3;
1703591843;26.12.2023;11:57:23;81.169;116.585;165.166;241.1;8.5;473.3;
1703592743;26.12.2023;12:12:23;81.171;116.596;165.171;241.1;8.5;473.3;
1703593643;26.12.2023;12:27:23;81.172;116.606;165.175;241.1;8.5;473.3;
1703594543;26.12.2023;12:42:23;81.173;116.616;165.179;241.1;8.5;473.3;
1703595444;26.12.2023;12:57:24;81.175;116.627;165.183;241.1;8.5;473.3;
1703596344;26.12.2023;13:12:24;81.176;116.637;165.187;241.1;8.5;473.3;
1703597244;26.12.2023;13:27:24;81.177;116.646;165.191;241.1;8.5;473.3;
1703598145;26.12.2023;13:42:25;81.179;116.655;165.195;241.1;8.5;473.3;
1703599045;26.12.2023;13:57:25;81.18;116.663;165.199;241.1;8.5;473.3;
1703599945;26.12.2023;14:12:25;81.181;116.673;165.204;241.1;8.5;473.3;
1703600846;26.12.2023;14:27:26;81.182;116.681;165.21;241.1;8.5;473.3;
1703601746;26.12.2023;14:42:26;81.183;116.691;165.215;241.1;8.5;473.3;
1703602646;26.12.2023;14:57:26;81.184;116.701;165.22;241.1;8.5;473.3;
1703603547;26.12.2023;15:12:27;81.186;116.709;165.227;241.1;8.5;473.3;
1703604447;26.12.2023;15:27:27;81.187;116.719;165.234;241.1;8.5;473.3;
1703605347;26.12.2023;15:42:27;81.188;116.728;165.239;241.1;8.5;473.3;
1703606248;26.12.2023;15:57:28;81.19;116.737;165.244;241.1;8.5;473.3;
1703607148;26.12.2023;16:12:28;81.191;116.747;165.248;241.1;8.5;473.3;
1703608048;26.12.2023;16:27:28;81.192;116.755;165.253;241.1;8.5;473.3;
1703608949;26.12.2023;16:42:29;81.194;116.763;165.258;241.1;8.5;473.3;
1703609849;26.12.2023;16:57:29;81.195;116.772;165.263;241.1;8.5;473.3;
1703610749;26.12.2023;17:12:29;81.196;116.781;165.269;241.1;8.5;473.3;
1703611649;26.12.2023;17:27:29;81.197;116.789;165.276;241.1;8.5;473.3;
1703612550;26.12.2023;17:42:30;81.198;116.799;165.281;241.1;8.5;473.3;
1703613450;26.12.2023;17:57:30;81.2;116.81;165.287;241.1;8.5;473.3;
1703614351;26.12.2023;18:12:31;81.201;116.819;165.292;241.1;8.5;473.3;
1703615251;26.12.2023;18:27:31;81.202;116.829;165.298;241.1;8.5;473.3;
1703616151;26.12.2023;18:42:31;81.204;116.838;165.303;241.1;8.5;473.3;
1703617051;26.12.2023;18:57:31;81.205;116.844;165.309;241.1;8.5;473.3;
1703617952;26.12.2023;19:12:32;81.207;116.848;165.315;241.1;8.5;473.3;
1703618852;26.12.2023;19:27:32;81.209;116.852;165.32;241.1;8.5;473.3;
1703619752;26.12.2023;19:42:32;81.21;116.858;165.326;241.1;8.5;473.3;
1703620653;26.12.2023;19:57:33;81.211;116.867;165.333;241.1;8.5;473.3;
1703621553;26.12.2023;20:12:33;81.213;116.877;165.34;241.1;8.5;473.3;
1703622453;26.12.2023;20:27:33;81.214;116.883;165.346;241.1;8.5;473.3;
1703623354;26.12.2023;20:42:34;81.216;116.89;165.351;241.1;8.5;473.3;
1703624254;26.12.2023;20:57:34;81.217;116.897;165.357;241.1;8.5;473.3;
1703625154;26.12.2023;21:12:34;81.219;116.904;165.363;241.1;8.5;473.3;
1703626055;26.12.2023;21:27:35;81.22;116.911;165.369;241.1;8.5;473.3;
1703626955;26.12.2023;21:42:35;81.222;116.918;165.376;241.1;8.5;473.3;
1703627855;26.12.2023;21:57:35;81.224;116.925;165.382;241.1;8.5;473.3;
1703628756;26.12.2023;22:12:36;81.225;116.937;165.388;241.1;8.5;473.3;
1703629656;26.12.2023;22:27:36;81.227;116.945;165.394;241.1;8.5;473.3;
1703630556;26.12.2023;22:42:36;81.228;116.952;165.4;241.1;8.5;473.3;
1703631456;26.12.2023;22:57:36;81.23;116.96;165.406;241.1;8.5;473.3;
1703632357;26.12.2023;23:12:37;81.231;116.968;165.412;241.1;8.5;473.3;
1703633257;26.12.2023;23:27:37;81.233;116.977;165.419;241.1;8.5;473.3;
1703634157;26.12.2023;23:42:37;81.234;116.985;165.426;241.1;8.5;473.3;
1703635058;26.12.2023;23:57:38;81.236;116.994;165.432;241.1;8.5;473.3;
1703635958;27.12.2023;00:12:38;81.237;117.003;165.44;241.1;8.5;473.3;
1703636858;27.12.2023;00:27:38;81.24;117.017;165.448;241.1;8.5;473.3;
1703637759;27.12.2023;00:42:39;81.241;117.027;165.454;241.1;8.5;473.3;
1703638659;27.12.2023;00:57:39;81.243;117.036;165.46;241.1;8.5;473.3;
1703639559;27.12.2023;01:12:39;81.244;117.046;165.466;241.1;8.5;473.3;
1703640460;27.12.2023;01:27:40;81.245;117.055;165.472;241.1;8.5;473.3;
1703641360;27.12.2023;01:42:40;81.247;117.065;165.478;241.1;8.5;473.3;
1703642260;27.12.2023;01:57:40;81.248;117.074;165.485;241.1;8.5;473.3;
1703643161;27.12.2023;02:12:41;81.25;117.084;165.492;241.1;8.5;473.3;
1703644061;27.12.2023;02:27:41;81.251;117.096;165.498;241.1;8.5;473.3;
1703644961;27.12.2023;02:42:41;81.253;117.109;165.504;241.1;8.5;473.3;
1703645861;27.12.2023;02:57:41;81.255;117.118;165.511;241.1;8.5;473.3;
1703646762;27.12.2023;03:12:42;81.257;117.13;165.517;241.1;8.5;473.3;
1703647662;27.12.2023;03:27:42;81.258;117.142;165.523;241.1;8.5;473.3;
1703648562;27.12.2023;03:42:42;81.259;117.155;165.529;241.1;8.5;473.3;
1703649463;27.12.2023;03:57:43;81.26;117.169;165.536;241.1;8.5;473.3;
1703650363;27.12.2023;04:12:43;81.262;117.183;165.541;241.1;8.5;473.3;
1703651263;27.12.2023;04:27:43;81.263;117.197;165.547;241.1;8.5;473.3;
1703652164;27.12.2023;04:42:44;81.264;117.212;165.552;241.1;8.5;473.3;
1703653064;27.12.2023;04:57:44;81.266;117.226;165.557;241.1;8.5;473.3;
1703653964;27.12.2023;05:12:44;81.267;117.241;165.562;241.1;8.5;473.4;
1703654865;27.12.2023;05:27:45;81.268;117.256;165.568;241.1;8.5;473.4;
1703655765;27.12.2023;05:42:45;81.269;117.27;165.574;241.1;8.5;473.4;
1703656665;27.12.2023;05:57:45;81.271;117.285;165.58;241.1;8.5;473.4;
1703657566;27.12.2023;06:12:46;81.273;117.299;165.585;241.1;8.5;473.4;
1703658466;27.12.2023;06:27:46;81.275;117.314;165.59;241.1;8.5;473.4;
1703659366;27.12.2023;06:42:46;81.276;117.329;165.595;241.1;8.5;473.4;
1703660267;27.12.2023;06:57:47;81.277;117.344;165.599;241.1;8.5;473.4;
1703661167;27.12.2023;07:12:47;81.278;117.357;165.604;241.1;8.5;473.4;
1703662067;27.12.2023;07:27:47;81.279;117.372;165.609;241.1;8.5;473.4;
1703662967;27.12.2023;07:42:47;81.281;117.388;165.614;241.1;8.5;473.5;
1703663868;27.12.2023;07:57:48;81.282;117.401;165.618;241.1;8.5;473.5;
1703664768;27.12.2023;08:12:48;81.283;117.418;165.622;241.1;8.5;473.5;
1703665668;27.12.2023;08:27:48;81.284;117.437;165.627;241.1;8.5;473.5;
1703666569;27.12.2023;08:42:49;81.286;117.455;165.634;241.1;8.5;473.5;
1703667469;27.12.2023;08:57:49;81.288;117.468;165.64;241.1;8.5;473.5;
1703668369;27.12.2023;09:12:49;81.289;117.482;165.645;241.1;8.5;473.5;
1703669270;27.12.2023;09:27:50;81.291;117.497;165.649;241.1;8.5;473.5;
1703670170;27.12.2023;09:42:50;81.292;117.512;165.653;241.1;8.5;473.5;
1703671070;27.12.2023;09:57:50;81.293;117.529;165.657;241.1;8.5;473.5;
1703671971;27.12.2023;10:12:51;81.294;117.546;165.661;241.1;8.5;473.5;
1703672871;27.12.2023;10:27:51;81.296;117.562;165.666;241.1;8.5;473.5;
1703673771;27.12.2023;10:42:51;81.297;117.575;165.669;241.1;8.5;473.5;
1703674672;27.12.2023;10:57:52;81.298;117.59;165.672;241.1;8.5;473.5;
1703675572;27.12.2023;11:12:52;81.299;117.605;165.676;241.1;8.5;473.5;
1703676472;27.12.2023;11:27:52;81.3;117.621;165.68;241.1;8.5;473.5;
1703677373;27.12.2023;11:42:53;81.302;117.637;165.685;241.1;8.5;473.5;
1703678273;27.12.2023;11:57:53;81.303;117.65;165.69;241.1;8.5;473.5;
1703679173;27.12.2023;12:12:53;81.305;117.663;165.693;241.1;8.5;473.5;
1703680074;27.12.2023;12:27:54;81.306;117.675;165.696;241.1;8.5;473.5;
1703680974;27.12.2023;12:42:54;81.307;117.685;165.699;241.1;8.5;473.5;
1703681874;27.12.2023;12:57:54;81.308;117.695;165.702;241.1;8.5;473.5;
1703682775;27.12.2023;13:12:55;81.309;117.706;165.705;241.1;8.5;473.5;
1703683675;27.12.2023;13:27:55;81.31;117.716;165.708;241.1;8.5;473.5;
1703684575;27.12.2023;13:42:55;81.311;117.725;165.712;241.1;8.5;473.5;
1703685475;27.12.2023;13:57:55;81.312;117.734;165.716;241.1;8.5;473.5;
1703686376;27.12.2023;14:12:56;81.313;117.742;165.721;241.1;8.5;473.5;
1703687276;27.12.2023;14:27:56;81.314;117.75;165.726;241.1;8.5;473.5;
1703688176;27.12.2023;14:42:56;81.315;117.759;165.73;241.1;8.5;473.5;
1703689077;27.12.2023;14:57:57;81.316;117.766;165.734;241.1;8.5;473.5;
1703689977;27.12.2023;15:12:57;81.318;117.774;165.737;241.1;8.5;473.5;
1703690877;27.12.2023;15:27:57;81.319;117.783;165.741;241.1;8.5;473.5;
1703691778;27.12.2023;15:42:58;81.32;117.792;165.745;241.1;8.5;473.5;
1703692678;27.12.2023;15:57:58;81.321;117.802;165.749;241.1;8.5;473.5;
1703693578;27.12.2023;16:12:58;81.322;117.811;165.754;241.1;8.5;473.5;
1703694479;27.12.2023;16:27:59;81.324;117.82;165.759;241.1;8.5;473.5;
1703695379;27.12.2023;16:42:59;81.325;117.831;165.764;241.1;8.5;473.5;
1703696279;27.12.2023;16:57:59;81.326;117.842;165.769;241.1;8.5;473.5;
1703697180;27.12.2023;17:13:00;81.328;117.853;165.773;241.1;8.5;473.5;
1703698080;27.12.2023;17:28:00;81.329;117.863;165.778;241.1;8.5;473.5;
1703698980;27.12.2023;17:43:00;81.33;117.874;165.782;241.1;8.5;473.5;
1703699881;27.12.2023;17:58:01;81.331;117.885;165.786;241.1;8.5;473.5;
1703700781;27.12.2023;18:13:01;81.333;117.896;165.791;241.1;8.5;473.5;
1703701681;27.12.2023;18:28:01;81.334;117.907;165.797;241.1;8.5;473.5;
1703702582;27.12.2023;18:43:02;81.335;117.917;165.801;241.1;8.5;473.5;
1703703482;27.12.2023;18:58:02;81.337;117.927;165.807;241.1;8.5;473.5;
1703704382;27.12.2023;19:13:02;81.34;117.933;165.812;241.1;8.5;473.5;
1703705282;27.12.2023;19:28:02;81.342;117.941;165.815;241.1;8.5;473.5;
1703706183;27.12.2023;19:43:03;81.343;117.951;165.82;241.1;8.5;473.5;
1703707083;27.12.2023;19:58:03;81.345;117.959;165.825;241.1;8.5;473.5;
1703707983;27.12.2023;20:13:03;81.346;117.968;165.831;241.1;8.5;473.5;
1703708884;27.12.2023;20:28:04;81.348;117.978;165.837;241.1;8.5;473.5;
1703709784;27.12.2023;20:43:04;81.349;117.987;165.843;241.1;8.5;473.5;
1703710684;27.12.2023;20:58:04;81.351;118;165.848;241.1;8.5;473.5;
1703711585;27.12.2023;21:13:05;81.353;118.01;165.853;241.1;8.5;473.5;
1703712485;27.12.2023;21:28:05;81.355;118.018;165.859;241.1;8.5;473.5;
1703713385;27.12.2023;21:43:05;81.357;118.026;165.864;241.1;8.5;473.5;
1703714286;27.12.2023;21:58:06;81.358;118.034;165.868;241.1;8.5;473.5;
1703715186;27.12.2023;22:13:06;81.36;118.041;165.875;241.1;8.5;473.5;
1703716086;27.12.2023;22:28:06;81.361;118.049;165.882;241.1;8.5;473.5;
1703716987;27.12.2023;22:43:07;81.363;118.056;165.888;241.1;8.5;473.5;
1703717887;27.12.2023;22:58:07;81.365;118.063;165.895;241.1;8.5;473.5;
1703718787;27.12.2023;23:13:07;81.367;118.075;165.903;241.1;8.5;473.5;
1703719688;27.12.2023;23:28:08;81.368;118.082;165.909;241.1;8.5;473.5;
1703720588;27.12.2023;23:43:08;81.37;118.089;165.914;241.1;8.5;473.5;
1703721488;27.12.2023;23:58:08;81.371;118.095;165.919;241.1;8.5;473.5;
1703722388;28.12.2023;00:13:08;81.373;118.102;165.926;241.1;8.5;473.5;
1703723289;28.12.2023;00:28:09;81.375;118.108;165.932;241.1;8.5;473.5;
1703724189;28.12.2023;00:43:09;81.377;118.115;165.938;241.1;8.5;473.5;
1703725089;28.12.2023;00:58:09;81.378;118.121;165.943;241.1;8.5;473.5;
1703725990;28.12.2023;01:13:10;81.379;118.13;165.947;241.1;8.5;473.5;
1703726890;28.12.2023;01:28:10;81.381;118.14;165.953;241.1;8.5;473.5;
1703727790;28.12.2023;01:43:10;81.382;118.147;165.958;241.1;8.5;473.5;
1703728691;28.12.2023;01:58:11;81.383;118.155;165.963;241.1;8.5;473.5;
1703729591;28.12.2023;02:13:11;81.385;118.164;165.97;241.1;8.5;473.5;
1703730491;28.12.2023;02:28:11;81.386;118.172;165.976;241.1;8.5;473.5;
1703731392;28.12.2023;02:43:12;81.388;118.18;165.981;241.1;8.5;473.5;
1703732292;28.12.2023;02:58:12;81.39;118.188;165.986;241.1;8.5;473.5;
1703733192;28.12.2023;03:13:12;81.392;118.197;165.991;241.1;8.5;473.5;
1703734092;28.12.2023;03:28:12;81.393;118.209;165.996;241.1;8.5;473.5;
1703734993;28.12.2023;03:43:13;81.394;118.221;166.002;241.1;8.5;473.5;
1703735893;28.12.2023;03:58:13;81.396;118.232;166.008;241.1;8.5;473.5;
1703736793;28.12.2023;04:13:13;81.397;118.242;166.012;241.1;8.5;473.5;
1703737694;28.12.2023;04:28:14;81.398;118.252;166.017;241.1;8.5;473.5;
1703738594;28.12.2023;04:43:14;81.399;118.262;166.02;241.1;8.5;473.5;
1703739494;28.12.2023;04:58:14;81.4;118.272;166.024;241.1;8.5;473.5;
1703740395;28.12.2023;05:13:15;81.402;118.284;166.028;241.1;8.5;473.5;
1703741295;28.12.2023;05:28:15;81.403;118.295;166.034;241.1;8.5;473.5;
1703742195;28.12.2023;05:43:15;81.404;118.306;166.04;241.1;8.5;473.5;
1703743096;28.12.2023;05:58:16;81.406;118.315;166.047;241.1;8.5;473.5;
1703743996;28.12.2023;06:13:16;81.407;118.325;166.052;241.1;8.5;473.5;
1703744896;28.12.2023;06:28:16;81.408;118.335;166.057;241.1;8.5;473.5;
1703745797;28.12.2023;06:43:17;81.41;118.346;166.061;241.1;8.5;473.5;
1703746697;28.12.2023;06:58:17;81.411;118.355;166.064;241.1;8.5;473.5;
1703747597;28.12.2023;07:13:17;81.412;118.365;166.069;241.1;8.5;473.5;
1703748498;28.12.2023;07:28:18;81.413;118.375;166.075;241.1;8.5;473.5;
1703749398;28.12.2023;07:43:18;81.415;118.387;166.083;241.1;8.5;473.5;
1703750298;28.12.2023;07:58:18;81.416;118.398;166.088;241.1;8.5;473.5;
1703751199;28.12.2023;08:13:19;81.417;118.409;166.093;241.1;8.5;473.5;
1703752099;28.12.2023;08:28:19;81.418;118.42;166.099;241.1;8.5;473.5;
1703752999;28.12.2023;08:43:19;81.419;118.431;166.105;241.1;8.5;473.5;
1703753899;28.12.2023;08:58:19;81.421;118.444;166.112;241.1;8.5;473.5;
1703754800;28.12.2023;09:13:20;81.422;118.457;166.12;241.1;8.5;473.5;
1703755700;28.12.2023;09:28:20;81.423;118.469;166.127;241.1;8.5;473.5;
1703756600;28.12.2023;09:43:20;81.424;118.48;166.133;241.1;8.5;473.5;
1703757501;28.12.2023;09:58:21;81.426;118.49;166.139;241.1;8.5;473.5;
1703758401;28.12.2023;10:13:21;81.427;118.501;166.144;241.1;8.5;473.5;
1703759301;28.12.2023;10:28:21;81.428;118.513;166.15;241.1;8.5;473.5;
1703760202;28.12.2023;10:43:22;81.43;118.525;166.156;241.1;8.5;473.5;
1703761102;28.12.2023;10:58:22;81.431;118.535;166.162;241.1;8.5;473.5;
1703762002;28.12.2023;11:13:22;81.432;118.545;166.167;241.1;8.5;473.6;
1703762903;28.12.2023;11:28:23;81.433;118.556;166.172;241.1;8.5;473.6;
1703763803;28.12.2023;11:43:23;81.435;118.567;166.177;241.1;8.5;473.6;
1703764703;28.12.2023;11:58:23;81.436;118.577;166.183;241.1;8.5;473.6;
1703765604;28.12.2023;12:13:24;81.438;118.585;166.192;241.1;8.5;473.6;
1703766504;28.12.2023;12:28:24;81.44;118.595;166.199;241.1;8.5;473.6;
1703767404;28.12.2023;12:43:24;81.441;118.605;166.205;241.1;8.5;473.6;
1703768305;28.12.2023;12:58:25;81.442;118.615;166.21;241.1;8.5;473.6;
1703769205;28.12.2023;13:13:25;81.444;118.625;166.216;241.1;8.5;473.6;
1703770105;28.12.2023;13:28:25;81.445;118.635;166.222;241.1;8.5;473.6;
1703771006;28.12.2023;13:43:26;81.447;118.645;166.227;241.1;8.5;473.6;
1703771906;28.12.2023;13:58:26;81.448;118.655;166.233;241.1;8.5;473.6;
1703772806;28.12.2023;14:13:26;81.449;118.665;166.239;241.1;8.5;473.6;
1703773706;28.12.2023;14:28:26;81.45;118.677;166.244;241.1;8.5;473.6;
1703774607;28.12.2023;14:43:27;81.452;118.689;166.25;241.1;8.5;473.6;
1703775507;28.12.2023;14:58:27;81.453;118.7;166.257;241.1;8.5;473.6;
1703776407;28.12.2023;15:13:27;81.455;118.71;166.262;241.1;8.5;473.6;
1703777308;28.12.2023;15:28:28;81.456;118.721;166.268;241.1;8.5;473.6;
1703778208;28.12.2023;15:43:28;81.457;118.732;166.273;241.1;8.5;473.6;
1703779108;28.12.2023;15:58:28;81.458;118.745;166.279;241.1;8.5;473.6;
1703780009;28.12.2023;16:13:29;81.46;118.758;166.286;241.1;8.5;473.6;
1703780909;28.12.2023;16:28:29;81.462;118.769;166.292;241.1;8.5;473.6;
1703781809;28.12.2023;16:43:29;81.463;118.78;166.296;241.1;8.5;473.6;
1703782710;28.12.2023;16:58:30;81.464;118.79;166.3;241.1;8.5;473.6;
1703783610;28.12.2023;17:13:30;81.465;118.801;166.306;241.1;8.5;473.6;
1703784510;28.12.2023;17:28:30;81.467;118.813;166.31;241.1;8.5;473.6;
1703785411;28.12.2023;17:43:31;81.468;118.825;166.314;241.1;8.5;473.6;
1703786311;28.12.2023;17:58:31;81.47;118.838;166.319;241.1;8.5;473.6;
1703787211;28.12.2023;18:13:31;81.471;118.85;166.323;241.1;8.5;473.6;
1703788112;28.12.2023;18:28:32;81.472;118.861;166.328;241.1;8.5;473.6;
1703789012;28.12.2023;18:43:32;81.474;118.871;166.335;241.1;8.5;473.6;
1703789912;28.12.2023;18:58:32;81.475;118.878;166.342;241.1;8.5;473.6;
1703790813;28.12.2023;19:13:33;81.476;118.882;166.349;241.1;8.5;473.6;
1703791713;28.12.2023;19:28:33;81.477;118.888;166.357;241.1;8.5;473.6;
1703792613;28.12.2023;19:43:33;81.478;118.9;166.365;241.1;8.5;473.6;
1703793514;28.12.2023;19:58:34;81.479;118.909;166.372;241.1;8.5;473.6;
1703794414;28.12.2023;20:13:34;81.481;118.916;166.38;241.1;8.5;473.6;
1703795314;28.12.2023;20:28:34;81.482;118.921;166.386;241.1;8.5;473.6;
1703796215;28.12.2023;20:43:35;81.484;118.927;166.392;241.1;8.5;473.6;
1703797115;28.12.2023;20:58:35;81.485;118.934;166.398;241.1;8.5;473.6;
1703798015;28.12.2023;21:13:35;81.487;118.94;166.405;241.1;8.5;473.6;
1703798916;28.12.2023;21:28:36;81.488;118.946;166.411;241.1;8.5;473.6;
1703799816;28.12.2023;21:43:36;81.489;118.953;166.417;241.1;8.5;473.6;
1703800716;28.12.2023;21:58:36;81.49;118.964;166.426;241.1;8.5;473.6;
1703801616;28.12.2023;22:13:36;81.492;118.971;166.434;241.1;8.5;473.6;
1703802517;28.12.2023;22:28:37;81.493;118.978;166.441;241.1;8.5;473.6;
1703803417;28.12.2023;22:43:37;81.494;118.984;166.447;241.1;8.5;473.6;
1703804317;28.12.2023;22:58:37;81.495;118.991;166.453;241.1;8.5;473.6;
1703805218;28.12.2023;23:13:38;81.497;118.997;166.46;241.1;8.5;473.6;
1703806118;28.12.2023;23:28:38;81.498;119.003;166.466;241.1;8.5;473.6;
1703807018;28.12.2023;23:43:38;81.499;119.009;166.472;241.1;8.5;473.6;
1703807919;28.12.2023;23:58:39;81.501;119.018;166.479;241.1;8.5;473.6;
1703808819;29.12.2023;00:13:39;81.503;119.028;166.49;241.1;8.5;473.6;
1703809719;29.12.2023;00:28:39;81.504;119.035;166.499;241.1;8.5;473.6;
1703810620;29.12.2023;00:43:40;81.506;119.041;166.506;241.1;8.5;473.6;
1703811520;29.12.2023;00:58:40;81.507;119.047;166.512;241.1;8.5;473.6;
1703812420;29.12.2023;01:13:40;81.508;119.054;166.518;241.1;8.5;473.6;
1703813321;29.12.2023;01:28:41;81.509;119.061;166.525;241.1;8.5;473.6;
1703814221;29.12.2023;01:43:41;81.51;119.068;166.531;241.1;8.5;473.6;
1703815121;29.12.2023;01:58:41;81.512;119.076;166.537;241.1;8.5;473.6;
1703816021;29.12.2023;02:13:41;81.513;119.088;166.543;241.1;8.5;473.6;
1703816922;29.12.2023;02:28:42;81.514;119.097;166.551;241.1;8.5;473.6;
1703817822;29.12.2023;02:43:42;81.516;119.104;166.558;241.1;8.5;473.6;
1703818722;29.12.2023;02:58:42;81.517;119.112;166.565;241.1;8.5;473.6;
1703819623;29.12.2023;03:13:43;81.518;119.12;166.572;241.1;8.5;473.6;
1703820523;29.12.2023;03:28:43;81.52;119.13;166.579;241.1;8.5;473.6;
1703821423;29.12.2023;03:43:43;81.521;119.141;166.586;241.1;8.5;473.6;
1703822324;29.12.2023;03:58:44;81.522;119.152;166.592;241.1;8.5;473.6;
1703823224;29.12.2023;04:13:44;81.524;119.163;166.598;241.1;8.5;473.6;
1703824124;29.12.2023;04:28:44;81.525;119.174;166.604;241.1;8.5;473.6;
1703825025;29.12.2023;04:43:45;81.526;119.185;166.611;241.1;8.5;473.6;
1703825925;29.12.2023;04:58:45;81.528;119.196;166.617;241.1;8.5;473.6;
1703826825;29.12.2023;05:13:45;81.529;119.209;166.625;241.1;8.5;473.6;
1703827725;29.12.2023;05:28:45;81.531;119.222;166.632;241.1;8.5;473.6;
1703828626;29.12.2023;05:43:46;81.532;119.233;166.639;241.1;8.5;473.6;
1703829526;29.12.2023;05:58:46;81.534;119.244;166.645;241.1;8.5;473.6;
1703830426;29.12.2023;06:13:46;81.535;119.255;166.652;241.1;8.5;473.6;
1703831327;29.12.2023;06:28:47;81.536;119.266;166.658;241.1;8.5;473.6;
1703832227;29.12.2023;06:43:47;81.538;119.277;166.665;241.1;8.5;473.6;
1703833127;29.12.2023;06:58:47;81.539;119.288;166.671;241.1;8.5;473.6;
1703834028;29.12.2023;07:13:48;81.54;119.299;166.677;241.1;8.5;473.6;
1703834928;29.12.2023;07:28:48;81.542;119.31;166.683;241.1;8.5;473.7;
1703835828;29.12.2023;07:43:48;81.543;119.322;166.689;241.1;8.5;473.7;
1703836729;29.12.2023;07:58:49;81.544;119.333;166.696;241.1;8.5;473.7;
1703837629;29.12.2023;08:13:49;81.546;119.345;166.702;241.1;8.5;473.7;
1703838529;29.12.2023;08:28:49;81.547;119.356;166.708;241.1;8.5;473.7;
1703839430;29.12.2023;08:43:50;81.549;119.367;166.715;241.1;8.5;473.7;
1703840330;29.12.2023;08:58:50;81.55;119.379;166.723;241.1;8.5;473.7;
1703841230;29.12.2023;09:13:50;81.551;119.39;166.729;241.1;8.5;473.7;
1703842130;29.12.2023;09:28:50;81.553;119.4;166.735;241.1;8.5;473.7;
1703843031;29.12.2023;09:43:51;81.554;119.41;166.741;241.1;8.5;473.7;
1703843931;29.12.2023;09:58:51;81.555;119.42;166.745;241.1;8.5;473.7;
1703844831;29.12.2023;10:13:51;81.557;119.431;166.751;241.1;8.5;473.7;
1703845732;29.12.2023;10:28:52;81.558;119.442;166.757;241.1;8.5;473.7;
1703846632;29.12.2023;10:43:52;81.56;119.453;166.763;241.1;8.5;473.7;
1703847532;29.12.2023;10:58:52;81.562;119.463;166.769;241.1;8.5;473.7;
1703848433;29.12.2023;11:13:53;81.563;119.473;166.775;241.1;8.5;473.7;
1703849333;29.12.2023;11:28:53;81.565;119.485;166.78;241.1;8.5;473.7;
1703850233;29.12.2023;11:43:53;81.567;119.494;166.785;241.1;8.5;473.7;
1703851134;29.12.2023;11:58:54;81.568;119.505;166.789;241.1;8.5;473.7;
1703852034;29.12.2023;12:13:54;81.569;119.514;166.794;241.1;8.5;473.7;
1703852934;29.12.2023;12:28:54;81.57;119.525;166.799;241.1;8.5;473.7;
1703853835;29.12.2023;12:43:55;81.572;119.535;166.804;241.1;8.5;473.7;
1703854735;29.12.2023;12:58:55;81.573;119.544;166.808;241.1;8.5;473.7;
1703855635;29.12.2023;13:13:55;81.575;119.553;166.812;241.1;8.5;473.7;
1703856536;29.12.2023;13:28:56;81.576;119.563;166.817;241.1;8.5;473.7;
1703857436;29.12.2023;13:43:56;81.577;119.572;166.821;241.1;8.5;473.7;
1703858336;29.12.2023;13:58:56;81.578;119.582;166.825;241.1;8.5;473.7;
1703859237;29.12.2023;14:13:57;81.579;119.591;166.829;241.1;8.5;473.7;
1703860137;29.12.2023;14:28:57;81.581;119.602;166.833;241.1;8.5;473.7;
1703861037;29.12.2023;14:43:57;81.582;119.613;166.838;241.1;8.5;473.7;
1703861938;29.12.2023;14:58:58;81.583;119.618;166.841;241.1;8.5;473.7;
1703862838;29.12.2023;15:13:58;81.583;119.621;166.841;241.1;8.5;473.7;
1703863738;29.12.2023;15:28:58;81.583;119.625;166.841;241.1;8.5;473.7;
1703864638;29.12.2023;15:43:58;81.583;119.628;166.841;241.1;8.5;473.7;
1703865539;29.12.2023;15:58:59;81.583;119.633;166.841;241.1;8.5;473.7;
1703866439;29.12.2023;16:13:59;81.583;119.638;166.841;241.1;8.5;473.7;
1703867339;29.12.2023;16:28:59;81.583;119.643;166.841;241.1;8.5;473.7;
1703868240;29.12.2023;16:44:00;81.583;119.647;166.841;241.1;8.5;473.7;
1703869140;29.12.2023;16:59:00;81.584;119.661;166.845;241.1;8.5;473.7;
1703870040;29.12.2023;17:14:00;81.588;119.685;166.86;241.1;8.5;473.7;
1703870940;29.12.2023;17:29:00;81.593;119.704;166.873;241.1;8.5;473.7;
1703871841;29.12.2023;17:44:01;81.597;119.716;166.881;241.1;8.5;473.7;
1703872741;29.12.2023;17:59:01;81.599;119.727;166.887;241.1;8.5;473.7;
1703873641;29.12.2023;18:14:01;81.601;119.738;166.894;241.1;8.5;473.7;
1703874542;29.12.2023;18:29:02;81.603;119.751;166.903;241.1;8.5;473.7;
1703875442;29.12.2023;18:44:02;81.605;119.756;166.91;241.1;8.5;473.7;
1703876342;29.12.2023;18:59:02;81.607;119.763;166.916;241.1;8.5;473.7;
1703877243;29.12.2023;19:14:03;81.609;119.768;166.921;241.1;8.5;473.8;
1703878143;29.12.2023;19:29:03;81.61;119.773;166.926;241.1;8.5;473.8;
1703879043;29.12.2023;19:44:03;81.611;119.782;166.935;241.1;8.5;473.8;
1703879944;29.12.2023;19:59:04;81.613;119.789;166.943;241.1;8.5;473.8;
1703880844;29.12.2023;20:14:04;81.614;119.795;166.95;241.1;8.5;473.8;
1703881744;29.12.2023;20:29:04;81.616;119.803;166.957;241.1;8.5;473.8;
1703882644;29.12.2023;20:44:04;81.618;119.81;166.964;241.1;8.5;473.8;
1703883545;29.12.2023;20:59:05;81.619;119.817;166.972;241.1;8.5;473.8;
1703884445;29.12.2023;21:14:05;81.621;119.822;166.979;241.1;8.5;473.8;
1703885345;29.12.2023;21:29:05;81.622;119.829;166.985;241.1;8.5;473.8;
1703886246;29.12.2023;21:44:06;81.624;119.841;166.992;241.1;8.5;473.8;
1703887146;29.12.2023;21:59:06;81.626;119.848;167;241.1;8.5;473.8;
1703888046;29.12.2023;22:14:06;81.627;119.854;167.006;241.1;8.5;473.8;
1703888947;29.12.2023;22:29:07;81.628;119.861;167.013;241.1;8.5;473.8;
1703889847;29.12.2023;22:44:07;81.63;119.869;167.02;241.1;8.5;473.8;
1703890747;29.12.2023;22:59:07;81.632;119.876;167.028;241.1;8.5;473.8;
1703891648;29.12.2023;23:14:08;81.633;119.883;167.035;241.1;8.5;473.8;
1703892548;29.12.2023;23:29:08;81.635;119.89;167.041;241.1;8.5;473.8;
1703893448;29.12.2023;23:44:08;81.636;119.899;167.048;241.1;8.5;473.8;
1703894349;29.12.2023;23:59:09;81.638;119.911;167.054;241.1;8.5;473.8;
1703895249;30.12.2023;00:14:09;81.64;119.919;167.065;241.1;8.5;473.8;
1703896149;30.12.2023;00:29:09;81.642;119.927;167.073;241.1;8.5;473.8;
1703897049;30.12.2023;00:44:09;81.643;119.934;167.079;241.1;8.5;473.8;
1703897950;30.12.2023;00:59:10;81.645;119.942;167.085;241.1;8.5;473.8;
1703898850;30.12.2023;01:14:10;81.646;119.95;167.092;241.1;8.5;473.8;
1703899750;30.12.2023;01:29:10;81.648;119.957;167.099;241.1;8.5;473.8;
1703900651;30.12.2023;01:44:11;81.649;119.965;167.106;241.1;8.5;473.8;
1703901551;30.12.2023;01:59:11;81.651;119.975;167.112;241.1;8.5;473.8;
1703902451;30.12.2023;02:14:11;81.652;119.986;167.12;241.1;8.5;473.8;
1703903352;30.12.2023;02:29:12;81.654;119.995;167.127;241.1;8.5;473.8;
1703904252;30.12.2023;02:44:12;81.656;120.003;167.133;241.1;8.5;473.8;
1703905152;30.12.2023;02:59:12;81.657;120.011;167.139;241.1;8.5;473.8;
1703906053;30.12.2023;03:14:13;81.659;120.019;167.145;241.1;8.5;473.8;
1703906953;30.12.2023;03:29:13;81.66;120.027;167.152;241.2;8.5;473.8;
1703907853;30.12.2023;03:44:13;81.662;120.035;167.16;241.2;8.5;473.8;
1703908754;30.12.2023;03:59:14;81.664;120.043;167.167;241.2;8.5;473.8;
1703909654;30.12.2023;04:14:14;81.665;120.055;167.174;241.3;8.5;473.8;
1703910554;30.12.2023;04:29:14;81.667;120.066;167.182;241.3;8.5;473.8;
1703911454;30.12.2023;04:44:14;81.668;120.074;167.189;241.3;8.5;473.8;
1703912355;30.12.2023;04:59:15;81.67;120.082;167.196;241.3;8.5;473.8;
1703913255;30.12.2023;05:14:15;81.672;120.093;167.204;241.3;8.5;473.8;
1703914155;30.12.2023;05:29:15;81.674;120.104;167.212;241.3;8.5;473.8;
1703915056;30.12.2023;05:44:16;81.676;120.113;167.219;241.3;8.5;473.8;
1703915956;30.12.2023;05:59:16;81.678;120.121;167.227;241.3;8.5;473.8;
1703916856;30.12.2023;06:14:16;81.679;120.129;167.236;241.3;8.5;473.8;
1703917757;30.12.2023;06:29:17;81.68;120.141;167.246;241.3;8.5;473.8;
1703918657;30.12.2023;06:44:17;81.682;120.15;167.255;241.3;8.5;473.8;
1703919557;30.12.2023;06:59:17;81.684;120.158;167.263;241.3;8.5;473.8;
1703920458;30.12.2023;07:14:18;81.686;120.165;167.27;241.3;8.5;473.8;
1703921358;30.12.2023;07:29:18;81.687;120.173;167.277;241.3;8.5;473.8;
1703922258;30.12.2023;07:44:18;81.689;120.18;167.284;241.3;8.5;473.8;
1703923159;30.12.2023;07:59:19;81.691;120.188;167.29;241.3;8.5;473.8;
1703924059;30.12.2023;08:14:19;81.692;120.196;167.297;241.3;8.5;473.8;
1703924959;30.12.2023;08:29:19;81.694;120.206;167.303;241.3;8.5;473.8;
1703925860;30.12.2023;08:44:20;81.695;120.217;167.313;241.3;8.5;473.8;
1703926760;30.12.2023;08:59:20;81.697;120.227;167.321;241.3;8.5;473.8;
1703927660;30.12.2023;09:14:20;81.699;120.235;167.329;241.3;8.5;473.8;
1703928561;30.12.2023;09:29:21;81.701;120.243;167.336;241.3;8.5;473.8;
1703929461;30.12.2023;09:44:21;81.702;120.251;167.342;241.3;8.5;473.8;
1703930361;30.12.2023;09:59:21;81.704;120.259;167.349;241.3;8.5;473.8;
1703931262;30.12.2023;10:14:22;81.705;120.267;167.356;241.3;8.5;473.8;
1703932162;30.12.2023;10:29:22;81.707;120.275;167.364;241.3;8.5;473.8;
1703933062;30.12.2023;10:44:22;81.708;120.287;167.372;241.3;8.5;473.8;
1703933963;30.12.2023;10:59:23;81.71;120.297;167.38;241.3;8.5;473.8;
1703934863;30.12.2023;11:14:23;81.712;120.304;167.387;241.3;8.5;473.8;
1703935763;30.12.2023;11:29:23;81.714;120.311;167.394;241.3;8.5;473.8;
1703936663;30.12.2023;11:44:23;81.715;120.318;167.4;241.3;8.5;473.8;
1703937564;30.12.2023;11:59:24;81.716;120.325;167.406;241.3;8.5;473.8;
1703938464;30.12.2023;12:14:24;81.717;120.333;167.413;241.3;8.5;473.8;
1703939364;30.12.2023;12:29:24;81.718;120.34;167.419;241.3;8.5;473.8;
1703940265;30.12.2023;12:44:25;81.72;120.348;167.427;241.3;8.5;473.8;
1703941165;30.12.2023;12:59:25;81.722;120.36;167.434;241.3;8.5;473.8;
1703942065;30.12.2023;13:14:25;81.724;120.369;167.443;241.3;8.5;473.8;
1703942966;30.12.2023;13:29:26;81.726;120.375;167.45;241.3;8.5;473.8;
1703943866;30.12.2023;13:44:26;81.727;120.381;167.456;241.3;8.5;473.8;
1703944766;30.12.2023;13:59:26;81.729;120.388;167.461;241.3;8.5;473.8;
1703945667;30.12.2023;14:14:27;81.73;120.394;167.467;241.3;8.5;473.8;
1703946567;30.12.2023;14:29:27;81.731;120.4;167.473;241.3;8.5;473.8;
1703947467;30.12.2023;14:44:27;81.733;120.406;167.479;241.3;8.5;473.8;
1703948368;30.12.2023;14:59:28;81.734;120.413;167.485;241.3;8.5;473.8;
1703949268;30.12.2023;15:14:28;81.735;120.421;167.491;241.3;8.5;473.8;
1703950168;30.12.2023;15:29:28;81.737;120.427;167.498;241.3;8.5;473.8;
1703951069;30.12.2023;15:44:29;81.739;120.431;167.504;241.3;8.5;473.8;
1703951969;30.12.2023;15:59:29;81.741;120.437;167.509;241.3;8.5;473.8;
1703952869;30.12.2023;16:14:29;81.742;120.442;167.513;241.3;8.5;473.8;
1703953770;30.12.2023;16:29:30;81.744;120.447;167.519;241.3;8.5;473.8;
1703954670;30.12.2023;16:44:30;81.745;120.452;167.524;241.3;8.5;473.8;
1703955570;30.12.2023;16:59:30;81.746;120.457;167.531;241.3;8.5;473.8;
1703956470;30.12.2023;17:14:30;81.747;120.467;167.538;241.3;8.5;473.8;
1703957371;30.12.2023;17:29:31;81.749;120.476;167.545;241.3;8.5;473.8;
1703958271;30.12.2023;17:44:31;81.751;120.483;167.553;241.3;8.5;473.8;
1703959171;30.12.2023;17:59:31;81.753;120.489;167.56;241.3;8.5;473.8;
1703960072;30.12.2023;18:14:32;81.755;120.496;167.568;241.3;8.5;473.8;
1703960972;30.12.2023;18:29:32;81.756;120.504;167.574;241.3;8.5;473.8;
1703961872;30.12.2023;18:44:32;81.758;120.511;167.581;241.3;8.5;473.8;
1703962773;30.12.2023;18:59:33;81.759;120.518;167.59;241.3;8.5;473.8;
1703963673;30.12.2023;19:14:33;81.76;120.524;167.596;241.3;8.5;473.8;
1703964573;30.12.2023;19:29:33;81.761;120.536;167.601;241.3;8.5;473.8;
1703965474;30.12.2023;19:44:34;81.763;120.547;167.609;241.3;8.5;473.8;
1703966374;30.12.2023;19:59:34;81.764;120.557;167.616;241.3;8.5;473.8;
1703967274;30.12.2023;20:14:34;81.766;120.565;167.622;241.3;8.5;473.8;
1703968175;30.12.2023;20:29:35;81.767;120.574;167.629;241.3;8.5;473.8;
1703969075;30.12.2023;20:44:35;81.769;120.582;167.635;241.3;8.5;473.8;
1703969975;30.12.2023;20:59:35;81.77;120.59;167.643;241.3;8.5;473.8;
1703970876;30.12.2023;21:14:36;81.772;120.599;167.651;241.3;8.5;473.8;
1703971776;30.12.2023;21:29:36;81.774;120.61;167.659;241.3;8.5;473.8;
1703972676;30.12.2023;21:44:36;81.775;120.624;167.668;241.3;8.5;473.8;
1703973576;30.12.2023;21:59:36;81.777;120.634;167.676;241.3;8.5;473.8;
1703974477;30.12.2023;22:14:37;81.779;120.642;167.682;241.3;8.5;473.8;
1703975377;30.12.2023;22:29:37;81.78;120.652;167.688;241.3;8.5;473.8;
1703976277;30.12.2023;22:44:37;81.782;120.662;167.694;241.3;8.5;473.8;
1703977178;30.12.2023;22:59:38;81.783;120.672;167.701;241.3;8.5;473.8;
1703978078;30.12.2023;23:14:38;81.785;120.682;167.708;241.3;8.5;473.8;
1703978978;30.12.2023;23:29:38;81.786;120.692;167.715;241.3;8.5;473.8;
1703979879;30.12.2023;23:44:39;81.788;120.706;167.722;241.3;8.5;473.8;
1703980779;30.12.2023;23:59:39;81.79;120.72;167.731;241.3;8.5;473.8;
1703981679;31.12.2023;00:14:39;81.792;120.729;167.745;241.3;8.5;473.8;
1703982580;31.12.2023;00:29:40;81.794;120.741;167.754;241.3;8.5;473.8;
1703983480;31.12.2023;00:44:40;81.795;120.752;167.761;241.3;8.5;473.8;
1703984380;31.12.2023;00:59:40;81.797;120.763;167.767;241.3;8.5;473.8;
1703985280;31.12.2023;01:14:40;81.799;120.773;167.773;241.3;8.5;473.8;
1703986181;31.12.2023;01:29:41;81.8;120.783;167.779;241.3;8.5;473.8;
1703987081;31.12.2023;01:44:41;81.802;120.792;167.785;241.3;8.5;473.8;
1703987981;31.12.2023;01:59:41;81.803;120.806;167.792;241.3;8.5;473.8;
1703988882;31.12.2023;02:14:42;81.805;120.816;167.8;241.3;8.5;473.8;
1703989782;31.12.2023;02:29:42;81.806;120.824;167.806;241.3;8.5;473.8;
1703990682;31.12.2023;02:44:42;81.808;120.832;167.813;241.3;8.5;473.8;
1703991583;31.12.2023;02:59:43;81.809;120.841;167.819;241.3;8.5;473.8;
1703992483;31.12.2023;03:14:43;81.811;120.848;167.826;241.3;8.5;473.8;
1703993383;31.12.2023;03:29:43;81.812;120.855;167.833;241.3;8.5;473.8;
1703994284;31.12.2023;03:44:44;81.813;120.862;167.84;241.3;8.5;473.8;
1703995184;31.12.2023;03:59:44;81.815;120.872;167.847;241.3;8.5;473.8;
1703996084;31.12.2023;04:14:44;81.817;120.883;167.858;241.3;8.5;473.8;
1703996984;31.12.2023;04:29:44;81.819;120.89;167.866;241.3;8.5;473.8;
1703997885;31.12.2023;04:44:45;81.82;120.897;167.872;241.3;8.5;473.8;
1703998785;31.12.2023;04:59:45;81.822;120.904;167.879;241.3;8.5;473.8;
1703999685;31.12.2023;05:14:45;81.823;120.917;167.887;241.3;8.5;473.8;
1704000586;31.12.2023;05:29:46;81.825;120.925;167.896;241.3;8.5;473.8;
1704001486;31.12.2023;05:44:46;81.827;120.931;167.906;241.3;8.5;473.8;
1704002386;31.12.2023;05:59:46;81.83;120.935;167.915;241.3;8.5;473.8;
1704003287;31.12.2023;06:14:47;81.832;120.94;167.922;241.3;8.5;473.8;
1704004187;31.12.2023;06:29:47;81.834;120.943;167.931;241.3;8.5;473.8;
1704005087;31.12.2023;06:44:47;81.836;120.948;167.938;241.3;8.5;473.8;
1704005988;31.12.2023;06:59:48;81.839;120.952;167.946;241.3;8.5;473.8;
1704006888;31.12.2023;07:14:48;81.841;120.959;167.953;241.3;8.5;473.8;
1704007788;31.12.2023;07:29:48;81.842;120.966;167.962;241.3;8.5;473.8;
1704008689;31.12.2023;07:44:49;81.844;120.976;167.972;241.3;8.5;473.8;
1704009589;31.12.2023;07:59:49;81.846;120.985;167.981;241.3;8.5;473.8;
1704010489;31.12.2023;08:14:49;81.847;120.995;167.987;241.3;8.5;473.8;
1704011390;31.12.2023;08:29:50;81.849;121.003;167.995;241.3;8.5;473.8;
1704012290;31.12.2023;08:44:50;81.85;121.011;168.002;241.3;8.5;473.8;
1704013190;31.12.2023;08:59:50;81.852;121.019;168.008;241.3;8.5;473.8;
1704014091;31.12.2023;09:14:51;81.855;121.027;168.014;241.3;8.5;473.8;
1704014991;31.12.2023;09:29:51;81.857;121.039;168.022;241.3;8.5;473.8;
1704015891;31.12.2023;09:44:51;81.859;121.051;168.031;241.3;8.5;473.8;
1704016792;31.12.2023;09:59:52;81.861;121.059;168.04;241.3;8.5;473.8;
1704017692;31.12.2023;10:14:52;81.863;121.067;168.048;241.3;8.5;473.8;
1704018592;31.12.2023;10:29:52;81.865;121.076;168.055;241.3;8.5;473.8;
1704019493;31.12.2023;10:44:53;81.866;121.083;168.061;241.3;8.5;473.8;
1704020393;31.12.2023;10:59:53;81.868;121.091;168.068;241.3;8.5;473.8;
1704021293;31.12.2023;11:14:53;81.87;121.099;168.075;241.3;8.5;473.8;
1704022193;31.12.2023;11:29:53;81.871;121.106;168.082;241.3;8.5;473.8;
1704023094;31.12.2023;11:44:54;81.873;121.118;168.089;241.3;8.5;473.8;
1704023994;31.12.2023;11:59:54;81.874;121.126;168.097;241.3;8.5;473.8;
1704024894;31.12.2023;12:14:54;81.876;121.134;168.105;241.3;8.5;473.8;
1704025795;31.12.2023;12:29:55;81.877;121.141;168.112;241.3;8.5;473.8;
1704026695;31.12.2023;12:44:55;81.879;121.149;168.119;241.3;8.5;473.8;
1704027595;31.12.2023;12:59:55;81.88;121.156;168.125;241.3;8.5;473.8;
1704028496;31.12.2023;13:14:56;81.881;121.162;168.131;241.3;8.5;473.8;
1704029396;31.12.2023;13:29:56;81.882;121.167;168.136;241.3;8.5;473.8;
1704030296;31.12.2023;13:44:56;81.883;121.174;168.141;241.3;8.5;473.8;
1704031197;31.12.2023;13:59:57;81.884;121.182;168.145;241.3;8.5;473.8;
1704032097;31.12.2023;14:14:57;81.886;121.188;168.149;241.3;8.5;473.8;
1704032997;31.12.2023;14:29:57;81.888;121.194;168.154;241.3;8.5;473.8;
1704033898;31.12.2023;14:44:58;81.89;121.2;168.158;241.3;8.5;473.8;
1704034798;31.12.2023;14:59:58;81.891;121.209;168.163;241.3;8.5;473.8;
1704035698;31.12.2023;15:14:58;81.892;121.215;168.17;241.3;8.5;473.8;
1704036599;31.12.2023;15:29:59;81.893;121.221;168.176;241.3;8.5;473.8;
1704037499;31.12.2023;15:44:59;81.895;121.229;168.183;241.3;8.5;473.8;
1704038399;31.12.2023;15:59:59;81.896;121.238;168.189;241.3;8.5;473.8;
1704039300;31.12.2023;16:15:00;81.898;121.246;168.194;241.3;8.5;473.8;
1704040200;31.12.2023;16:30:00;81.899;121.254;168.199;241.3;8.5;473.8;
1704041100;31.12.2023;16:45:00;81.901;121.263;168.203;241.3;8.5;473.8;
1704042000;31.12.2023;17:00:00;81.903;121.273;168.208;241.3;8.5;473.8;
1704042901;31.12.2023;17:15:01;81.904;121.285;168.213;241.3;8.5;473.8;
1704043801;31.12.2023;17:30:01;81.906;121.296;168.22;241.3;8.5;473.8;
1704044701;31.12.2023;17:45:01;81.908;121.305;168.227;241.3;8.5;473.8;
1704045602;31.12.2023;18:00:02;81.91;121.315;168.234;241.3;8.5;473.8;
1704046502;31.12.2023;18:15:02;81.911;121.324;168.241;241.3;8.5;473.8;
1704047402;31.12.2023;18:30:02;81.912;121.334;168.247;241.3;8.5;473.8;
1704048303;31.12.2023;18:45:03;81.914;121.343;168.253;241.3;8.5;473.8;
1704049203;31.12.2023;19:00:03;81.915;121.351;168.26;241.3;8.5;473.8;
1704050103;31.12.2023;19:15:03;81.916;121.361;168.267;241.3;8.5;473.8;
1704051004;31.12.2023;19:30:04;81.917;121.372;168.275;241.3;8.5;473.8;
1704051904;31.12.2023;19:45:04;81.919;121.382;168.281;241.3;8.5;473.8;
1704052804;31.12.2023;20:00:04;81.921;121.39;168.288;241.3;8.5;473.8;
1704053705;31.12.2023;20:15:05;81.923;121.4;168.294;241.3;8.5;473.8;
1704054605;31.12.2023;20:30:05;81.924;121.41;168.301;241.3;8.5;473.8;
1704055505;31.12.2023;20:45:05;81.926;121.42;168.308;241.3;8.5;473.8;
1704056405;31.12.2023;21:00:05;81.928;121.428;168.314;241.3;8.5;473.8;
1704057306;31.12.2023;21:15:06;81.929;121.437;168.32;241.3;8.5;473.8;
1704058206;31.12.2023;21:30:06;81.931;121.451;168.328;241.3;8.5;473.8;
1704059106;31.12.2023;21:45:06;81.933;121.462;168.337;241.3;8.5;473.8;
1704060007;31.12.2023;22:00:07;81.934;121.471;168.344;241.3;8.5;473.8;
1704060907;31.12.2023;22:15:07;81.935;121.481;168.351;241.3;8.5;473.8;
1704061807;31.12.2023;22:30:07;81.937;121.491;168.358;241.3;8.5;473.8;
1704062708;31.12.2023;22:45:08;81.939;121.501;168.365;241.3;8.5;473.8;
1704063608;31.12.2023;23:00:08;81.941;121.511;168.371;241.3;8.5;473.8;
1704064508;31.12.2023;23:15:08;81.942;121.52;168.377;241.3;8.5;473.8;
1704065409;31.12.2023;23:30:09;81.944;121.531;168.385;241.3;8.5;473.8;
1704066309;31.12.2023;23:45:09;81.946;121.545;168.395;241.3;8.5;473.8;
1704067209;01.01.2024;00:00:09;81.948;121.555;168.403;241.3;8.5;473.8;
1704068109;01.01.2024;00:15:09;81.958;121.561;168.431;241.3;8.5;473.8;
1704069010;01.01.2024;00:30:10;81.964;121.573;168.459;241.3;8.5;473.8;
1704069910;01.01.2024;00:45:10;81.971;121.586;168.482;241.3;8.5;473.8;
1704070810;01.01.2024;01:00:10;81.977;121.596;168.502;241.3;8.5;473.8;
1704071711;01.01.2024;01:15:11;81.982;121.605;168.52;241.3;8.5;473.8;
1704072611;01.01.2024;01:30:11;81.987;121.615;168.538;241.3;8.5;473.8;
1704073511;01.01.2024;01:45:11;81.992;121.628;168.556;241.3;8.5;473.8;
1704074412;01.01.2024;02:00:12;81.997;121.641;168.576;241.3;8.5;473.8;
1704075312;01.01.2024;02:15:12;82.002;121.651;168.594;241.3;8.5;473.8;
1704076212;01.01.2024;02:30:12;82.007;121.662;168.613;241.3;8.5;473.8;
1704077113;01.01.2024;02:45:13;82.012;121.674;168.631;241.3;8.5;473.8;
1704078013;01.01.2024;03:00:13;82.017;121.684;168.65;241.3;8.5;473.8;
1704078913;01.01.2024;03:15:13;82.023;121.696;168.67;241.3;8.5;473.8;
1704079814;01.01.2024;03:30:14;82.027;121.71;168.69;241.3;8.5;473.8;
1704080714;01.01.2024;03:45:14;82.032;121.724;168.71;241.3;8.5;473.8;
1704081614;01.01.2024;04:00:14;82.037;121.739;168.73;241.3;8.5;473.8;
1704082515;01.01.2024;04:15:15;82.042;121.755;168.75;241.3;8.5;473.8;
1704083415;01.01.2024;04:30:15;82.047;121.769;168.769;241.3;8.5;473.8;
1704084315;01.01.2024;04:45:15;82.052;121.784;168.789;241.3;8.5;473.8;
1704085216;01.01.2024;05:00:16;82.057;121.798;168.808;241.3;8.5;473.8;
1704086116;01.01.2024;05:15:16;82.061;121.813;168.826;241.3;8.5;473.8;
1704087016;01.01.2024;05:30:16;82.066;121.828;168.845;241.3;8.5;473.8;
1704087916;01.01.2024;05:45:16;82.07;121.843;168.864;241.3;8.5;473.8;
1704088817;01.01.2024;06:00:17;82.075;121.859;168.883;241.3;8.5;473.8;
1704089717;01.01.2024;06:15:17;82.08;121.875;168.901;241.3;8.5;473.8;
1704090617;01.01.2024;06:30:17;82.084;121.89;168.92;241.3;8.5;473.8;
1704091518;01.01.2024;06:45:18;82.089;121.905;168.938;241.3;8.5;473.8;
1704092418;01.01.2024;07:00:18;82.093;121.921;168.956;241.3;8.5;473.8;
1704093318;01.01.2024;07:15:18;82.098;121.936;168.973;241.3;8.5;473.8;
1704094219;01.01.2024;07:30:19;82.102;121.951;168.992;241.3;8.5;473.8;
1704095119;01.01.2024;07:45:19;82.106;121.966;169.013;241.3;8.5;473.8;
1704096019;01.01.2024;08:00:19;82.111;121.982;169.032;241.3;8.5;473.8;
1704096919;01.01.2024;08:15:19;82.116;121.998;169.051;241.3;8.5;473.8;
1704097820;01.01.2024;08:30:20;82.121;122.013;169.069;241.3;8.5;473.8;
1704098720;01.01.2024;08:45:20;82.125;122.028;169.088;241.3;8.5;473.8;
1704099620;01.01.2024;09:00:20;82.13;122.044;169.106;241.3;8.5;473.8;
1704100521;01.01.2024;09:15:21;82.134;122.059;169.123;241.3;8.5;473.8;
1704101421;01.01.2024;09:30:21;82.138;122.074;169.14;241.3;8.5;473.8;
1704102321;01.01.2024;09:45:21;82.143;122.089;169.157;241.3;8.5;473.8;
1704103222;01.01.2024;10:00:22;82.147;122.104;169.174;241.3;8.5;473.8;
1704104122;01.01.2024;10:15:22;82.151;122.119;169.191;241.3;8.5;473.8;
1704105022;01.01.2024;10:30:22;82.156;122.134;169.208;241.3;8.5;473.8;
1704105922;01.01.2024;10:45:22;82.161;122.149;169.226;241.3;8.5;473.8;
1704106823;01.01.2024;11:00:23;82.165;122.163;169.242;241.3;8.5;473.8;
1704107723;01.01.2024;11:15:23;82.169;122.178;169.26;241.3;8.5;473.8;
1704108623;01.01.2024;11:30:23;82.174;122.191;169.277;241.3;8.5;473.8;
1704109524;01.01.2024;11:45:24;82.178;122.205;169.294;241.3;8.5;473.8;
1704110424;01.01.2024;12:00:24;82.183;122.219;169.311;241.3;8.5;473.8;
1704111324;01.01.2024;12:15:24;82.187;122.232;169.329;241.3;8.5;473.8;
1704112225;01.01.2024;12:30:25;82.192;122.245;169.347;241.3;8.5;473.8;
1704113125;01.01.2024;12:45:25;82.197;122.258;169.365;241.3;8.5;473.8;
1704114025;01.01.2024;13:00:25;82.201;122.27;169.383;241.3;8.5;473.8;
1704114926;01.01.2024;13:15:26;82.206;122.281;169.401;241.3;8.5;473.8;
1704115826;01.01.2024;13:30:26;82.21;122.292;169.418;241.3;8.5;473.8;
1704116726;01.01.2024;13:45:26;82.215;122.303;169.435;241.3;8.5;473.8;
1704117627;01.01.2024;14:00:27;82.219;122.313;169.452;241.3;8.5;473.8;
1704118527;01.01.2024;14:15:27;82.224;122.324;169.47;241.3;8.5;473.8;
1704119427;01.01.2024;14:30:27;82.228;122.333;169.486;241.3;8.5;473.8;
1704120327;01.01.2024;14:45:27;82.232;122.341;169.502;241.3;8.5;473.8;
1704121228;01.01.2024;15:00:28;82.236;122.35;169.517;241.3;8.5;473.8;
1704122128;01.01.2024;15:15:28;82.239;122.358;169.531;241.3;8.5;473.8;
1704123028;01.01.2024;15:30:28;82.243;122.367;169.546;241.3;8.5;473.8;
1704123929;01.01.2024;15:45:29;82.247;122.377;169.561;241.3;8.5;473.8;
1704124829;01.01.2024;16:00:29;82.251;122.388;169.576;241.3;8.5;473.8;
1704125729;01.01.2024;16:15:29;82.256;122.398;169.592;241.3;8.5;473.8;
1704126630;01.01.2024;16:30:30;82.26;122.408;169.607;241.3;8.5;473.8;
1704127530;01.01.2024;16:45:30;82.265;122.419;169.625;241.3;8.5;473.8;
1704128430;01.01.2024;17:00:30;82.27;122.43;169.643;241.3;8.5;473.8;
1704129331;01.01.2024;17:15:31;82.275;122.442;169.661;241.3;8.5;473.8;
1704130231;01.01.2024;17:30:31;82.279;122.453;169.678;241.3;8.5;473.8;
1704131131;01.01.2024;17:45:31;82.284;122.464;169.695;241.3;8.5;473.8;
1704132032;01.01.2024;18:00:32;82.288;122.476;169.713;241.3;8.5;473.8;
1704132932;01.01.2024;18:15:32;82.293;122.486;169.73;241.3;8.5;473.8;
1704133832;01.01.2024;18:30:32;82.297;122.498;169.748;241.3;8.5;473.8;
1704134733;01.01.2024;18:45:33;82.299;122.508;169.768;241.3;8.5;473.8;
1704135633;01.01.2024;19:00:33;82.301;122.518;169.785;241.3;8.5;473.8;
1704136533;01.01.2024;19:15:33;82.304;122.522;169.796;241.3;8.5;473.8;
1704137434;01.01.2024;19:30:34;82.306;122.529;169.806;241.3;8.5;473.8;
1704138334;01.01.2024;19:45:34;82.307;122.538;169.817;241.3;8.5;473.8;
1704139234;01.01.2024;20:00:34;82.31;122.547;169.829;241.3;8.5;473.8;
1704140134;01.01.2024;20:15:34;82.312;122.56;169.841;241.3;8.5;473.8;
1704141035;01.01.2024;20:30:35;82.314;122.569;169.853;241.3;8.5;473.8;
1704141935;01.01.2024;20:45:35;82.316;122.578;169.864;241.3;8.5;473.8;
1704142835;01.01.2024;21:00:35;82.318;122.586;169.876;241.3;8.5;473.8;
1704143736;01.01.2024;21:15:36;82.32;122.596;169.888;241.3;8.5;473.8;
1704144636;01.01.2024;21:30:36;82.322;122.604;169.9;241.3;8.5;473.8;
1704145536;01.01.2024;21:45:36;82.324;122.612;169.911;241.3;8.5;473.8;
1704146437;01.01.2024;22:00:37;82.326;122.62;169.923;241.3;8.5;473.8;
1704147337;01.01.2024;22:15:37;82.327;122.629;169.935;241.3;8.5;473.8;
1704148237;01.01.2024;22:30:37;82.329;122.641;169.946;241.3;8.5;473.8;
1704149138;01.01.2024;22:45:38;82.331;122.649;169.959;241.3;8.5;473.8;
1704150038;01.01.2024;23:00:38;82.333;122.657;169.97;241.3;8.5;473.8;
1704150938;01.01.2024;23:15:38;82.335;122.666;169.982;241.3;8.5;473.8;
1704151839;01.01.2024;23:30:39;82.337;122.675;169.994;241.3;8.5;473.8;
1704152739;01.01.2024;23:45:39;82.339;122.684;170.006;241.3;8.5;473.8;
1704153639;02.01.2024;00:00:39;82.341;122.691;170.016;241.3;8.5;473.8;
1704154540;02.01.2024;00:15:40;82.343;122.698;170.026;241.3;8.5;473.8;
1704155440;02.01.2024;00:30:40;82.345;122.707;170.035;241.3;8.5;473.8;
1704156340;02.01.2024;00:45:40;82.347;122.716;170.046;241.3;8.5;473.8;
1704157241;02.01.2024;01:00:41;82.349;122.725;170.057;241.3;8.5;473.8;
1704158141;02.01.2024;01:15:41;82.35;122.733;170.067;241.3;8.5;473.8;
1704159041;02.01.2024;01:30:41;82.352;122.742;170.077;241.3;8.5;473.8;
1704159942;02.01.2024;01:45:42;82.354;122.75;170.087;241.3;8.5;473.8;
1704160842;02.01.2024;02:00:42;82.355;122.758;170.097;241.3;8.5;473.8;
1704161742;02.01.2024;02:15:42;82.356;122.765;170.106;241.3;8.5;473.8;
1704162642;02.01.2024;02:30:42;82.358;122.773;170.115;241.3;8.5;473.8;
1704163543;02.01.2024;02:45:43;82.36;122.781;170.125;241.3;8.5;473.8;
1704164443;02.01.2024;03:00:43;82.363;122.788;170.134;241.3;8.5;473.8;
1704165343;02.01.2024;03:15:43;82.368;122.794;170.147;241.3;8.5;473.8;
1704166244;02.01.2024;03:30:44;82.371;122.803;170.158;241.3;8.5;473.8;
1704167144;02.01.2024;03:45:44;82.374;122.813;170.167;241.3;8.5;473.8;
1704168044;02.01.2024;04:00:44;82.376;122.823;170.178;241.3;8.5;473.8;
1704168944;02.01.2024;04:15:44;82.379;122.833;170.187;241.3;8.5;473.8;
1704169845;02.01.2024;04:30:45;82.382;122.843;170.198;241.3;8.5;473.8;
1704170745;02.01.2024;04:45:45;82.384;122.853;170.207;241.3;8.5;473.8;
1704171645;02.01.2024;05:00:45;82.387;122.863;170.217;241.3;8.5;473.8;
1704172546;02.01.2024;05:15:46;82.39;122.873;170.227;241.3;8.5;473.8;
1704173446;02.01.2024;05:30:46;82.392;122.883;170.236;241.3;8.5;473.8;
1704174346;02.01.2024;05:45:46;82.394;122.893;170.245;241.3;8.5;473.8;
1704175247;02.01.2024;06:00:47;82.397;122.903;170.254;241.3;8.5;473.8;
1704176147;02.01.2024;06:15:47;82.399;122.914;170.263;241.3;8.5;473.8;
1704177047;02.01.2024;06:30:47;82.402;122.924;170.272;241.3;8.5;473.8;
1704177947;02.01.2024;06:45:47;82.404;122.934;170.281;241.3;8.5;473.8;
1704178848;02.01.2024;07:00:48;82.407;122.944;170.289;241.3;8.5;473.8;
1704179748;02.01.2024;07:15:48;82.409;122.955;170.298;241.3;8.5;473.8;
1704180648;02.01.2024;07:30:48;82.412;122.965;170.307;241.3;8.5;473.8;
1704181549;02.01.2024;07:45:49;82.414;122.975;170.315;241.3;8.5;473.8;
1704182449;02.01.2024;08:00:49;82.416;122.985;170.324;241.3;8.5;473.8;
1704183349;02.01.2024;08:15:49;82.419;122.997;170.333;241.3;8.5;473.8;
1704184250;02.01.2024;08:30:50;82.422;123.01;170.344;241.3;8.5;473.8;
1704185150;02.01.2024;08:45:50;82.426;123.022;170.355;241.3;8.5;473.8;
1704186050;02.01.2024;09:00:50;82.429;123.035;170.367;241.3;8.5;473.8;
1704186950;02.01.2024;09:15:50;82.432;123.047;170.376;241.3;8.5;473.8;
1704187851;02.01.2024;09:30:51;82.435;123.059;170.388;241.3;8.5;473.8;
1704188751;02.01.2024;09:45:51;82.438;123.07;170.397;241.3;8.5;473.8;
1704189651;02.01.2024;10:00:51;82.441;123.082;170.407;241.3;8.5;473.8;
1704190552;02.01.2024;10:15:52;82.444;123.096;170.418;241.3;8.5;473.8;
1704191452;02.01.2024;10:30:52;82.447;123.108;170.429;241.3;8.5;473.8;
1704192352;02.01.2024;10:45:52;82.45;123.119;170.437;241.3;8.5;473.8;
1704193252;02.01.2024;11:00:52;82.453;123.133;170.449;241.3;8.5;473.8;
1704194153;02.01.2024;11:15:53;82.457;123.148;170.462;241.3;8.5;473.8;
1704195053;02.01.2024;11:30:53;82.461;123.164;170.481;241.3;8.5;473.8;
1704195953;02.01.2024;11:45:53;82.466;123.18;170.498;241.3;8.5;473.8;
1704196854;02.01.2024;12:00:54;82.471;123.196;170.517;241.3;8.5;473.8;
1704197754;02.01.2024;12:15:54;82.477;123.212;170.535;241.3;8.5;473.8;
1704198654;02.01.2024;12:30:54;82.482;123.226;170.554;241.3;8.5;473.8;
1704199555;02.01.2024;12:45:55;82.488;123.24;170.573;241.3;8.5;473.9;
1704200455;02.01.2024;13:00:55;82.493;123.254;170.592;241.3;8.5;473.9;
1704201355;02.01.2024;13:15:55;82.499;123.269;170.612;241.3;8.5;473.9;
1704202255;02.01.2024;13:30:55;82.505;123.283;170.633;241.3;8.5;473.9;
1704203156;02.01.2024;13:45:56;82.51;123.295;170.652;241.3;8.5;473.9;
1704204056;02.01.2024;14:00:56;82.514;123.306;170.669;241.3;8.5;473.9;
1704204956;02.01.2024;14:15:56;82.518;123.318;170.686;241.3;8.5;473.9;
1704205857;02.01.2024;14:30:57;82.523;123.33;170.704;241.3;8.5;473.9;
1704206757;02.01.2024;14:45:57;82.528;123.342;170.721;241.3;8.5;473.9;
1704207657;02.01.2024;15:00:57;82.532;123.354;170.739;241.3;8.5;473.9;
1704208558;02.01.2024;15:15:58;82.536;123.366;170.756;241.3;8.5;473.9;
1704209458;02.01.2024;15:30:58;82.541;123.376;170.772;241.3;8.5;473.9;
1704210358;02.01.2024;15:45:58;82.546;123.388;170.789;241.3;8.5;473.9;
1704211259;02.01.2024;16:00:59;82.55;123.4;170.807;241.3;8.5;473.9;
1704212159;02.01.2024;16:15:59;82.555;123.411;170.824;241.3;8.5;473.9;
1704213059;02.01.2024;16:30:59;82.56;123.422;170.841;241.3;8.5;473.9;
1704213959;02.01.2024;16:45:59;82.564;123.434;170.861;241.3;8.5;473.9;
1704214860;02.01.2024;17:01:00;82.569;123.446;170.879;241.3;8.5;473.9;
1704215760;02.01.2024;17:16:00;82.573;123.457;170.895;241.3;8.5;473.9;
1704216660;02.01.2024;17:31:00;82.578;123.468;170.912;241.3;8.5;473.9;
1704217561;02.01.2024;17:46:01;82.582;123.478;170.927;241.3;8.5;473.9;
1704218461;02.01.2024;18:01:01;82.586;123.49;170.945;241.3;8.5;473.9;
1704219361;02.01.2024;18:16:01;82.591;123.503;170.963;241.3;8.5;473.9;
1704220262;02.01.2024;18:31:02;82.595;123.515;170.981;241.3;8.5;473.9;
1704221162;02.01.2024;18:46:02;82.597;123.525;170.999;241.3;8.5;473.9;
1704222062;02.01.2024;19:01:02;82.598;123.531;171.014;241.3;8.5;473.9;
1704222963;02.01.2024;19:16:03;82.6;123.534;171.023;241.3;8.5;473.9;
1704223863;02.01.2024;19:31:03;82.601;123.539;171.032;241.3;8.5;473.9;
1704224763;02.01.2024;19:46:03;82.602;123.546;171.043;241.3;8.5;473.9;
1704225663;02.01.2024;20:01:03;82.603;123.554;171.053;241.3;8.5;473.9;
1704226564;02.01.2024;20:16:04;82.605;123.561;171.063;241.3;8.5;473.9;
1704227464;02.01.2024;20:31:04;82.606;123.568;171.075;241.3;8.5;473.9;
1704228364;02.01.2024;20:46:04;82.607;123.575;171.087;241.3;8.5;473.9;
1704229265;02.01.2024;21:01:05;82.608;123.581;171.098;241.3;8.5;473.9;
1704230165;02.01.2024;21:16:05;82.609;123.59;171.109;241.3;8.5;473.9;
1704231065;02.01.2024;21:31:05;82.611;123.596;171.12;241.3;8.5;473.9;
1704231966;02.01.2024;21:46:06;82.612;123.6;171.131;241.3;8.5;473.9;
1704232866;02.01.2024;22:01:06;82.613;123.605;171.141;241.3;8.5;473.9;
1704233766;02.01.2024;22:16:06;82.614;123.609;171.153;241.3;8.5;473.9;
1704234666;02.01.2024;22:31:06;82.615;123.614;171.165;241.3;8.5;473.9;
1704235567;02.01.2024;22:46:07;82.616;123.618;171.176;241.3;8.5;473.9;
1704236467;02.01.2024;23:01:07;82.617;123.622;171.187;241.3;8.5;473.9;
1704237367;02.01.2024;23:16:07;82.619;123.627;171.198;241.3;8.5;473.9;
1704238268;02.01.2024;23:31:08;82.62;123.632;171.208;241.3;8.5;473.9;
1704239168;02.01.2024;23:46:08;82.621;123.636;171.218;241.3;8.5;473.9;
1704240068;03.01.2024;00:01:08;82.622;123.641;171.23;241.3;8.5;473.9;
1704240969;03.01.2024;00:16:09;82.623;123.646;171.242;241.3;8.5;473.9;
1704241869;03.01.2024;00:31:09;82.624;123.655;171.253;241.3;8.5;473.9;
1704242769;03.01.2024;00:46:09;82.626;123.66;171.265;241.3;8.5;473.9;
1704243669;03.01.2024;01:01:09;82.627;123.665;171.276;241.3;8.5;473.9;
1704244570;03.01.2024;01:16:10;82.628;123.669;171.286;241.3;8.5;473.9;
1704245470;03.01.2024;01:31:10;82.629;123.675;171.296;241.3;8.5;473.9;
1704246370;03.01.2024;01:46:10;82.63;123.679;171.308;241.3;8.5;473.9;
1704247271;03.01.2024;02:01:11;82.632;123.685;171.32;241.3;8.5;473.9;
1704248171;03.01.2024;02:16:11;82.633;123.69;171.332;241.3;8.5;473.9;
1704249071;03.01.2024;02:31:11;82.634;123.697;171.342;241.3;8.5;473.9;
1704249972;03.01.2024;02:46:12;82.635;123.705;171.354;241.3;8.5;473.9;
1704250872;03.01.2024;03:01:12;82.638;123.709;171.364;241.3;8.5;473.9;
1704251772;03.01.2024;03:16:12;82.647;123.716;171.386;241.3;8.5;473.9;
1704252672;03.01.2024;03:31:12;82.654;123.728;171.409;241.3;8.5;473.9;
1704253573;03.01.2024;03:46:13;82.659;123.738;171.428;241.3;8.5;473.9;
1704254473;03.01.2024;04:01:13;82.664;123.747;171.444;241.3;8.5;473.9;
1704255373;03.01.2024;04:16:13;82.668;123.756;171.461;241.3;8.5;473.9;
1704256274;03.01.2024;04:31:14;82.673;123.766;171.477;241.3;8.5;473.9;
1704257174;03.01.2024;04:46:14;82.677;123.775;171.494;241.3;8.5;473.9;
1704258074;03.01.2024;05:01:14;82.682;123.784;171.51;241.3;8.5;473.9;
1704258975;03.01.2024;05:16:15;82.686;123.796;171.528;241.3;8.5;473.9;
1704259875;03.01.2024;05:31:15;82.692;123.806;171.547;241.3;8.5;473.9;
1704260775;03.01.2024;05:46:15;82.697;123.816;171.567;241.3;8.5;473.9;
1704261676;03.01.2024;06:01:16;82.701;123.825;171.585;241.3;8.5;473.9;
1704262576;03.01.2024;06:16:16;82.706;123.833;171.603;241.3;8.5;473.9;
1704263476;03.01.2024;06:31:16;82.71;123.843;171.62;241.3;8.5;473.9;
1704264377;03.01.2024;06:46:17;82.714;123.852;171.636;241.3;8.5;473.9;
1704265277;03.01.2024;07:01:17;82.719;123.862;171.653;241.3;8.5;473.9;
1704266177;03.01.2024;07:16:17;82.724;123.872;171.67;241.3;8.5;473.9;
1704267077;03.01.2024;07:31:17;82.728;123.882;171.688;241.3;8.5;473.9;
1704267978;03.01.2024;07:46:18;82.733;123.891;171.706;241.3;8.5;473.9;
1704268878;03.01.2024;08:01:18;82.737;123.9;171.722;241.3;8.5;474;
1704269778;03.01.2024;08:16:18;82.741;123.907;171.736;241.3;8.5;474;
1704270679;03.01.2024;08:31:19;82.744;123.915;171.75;241.3;8.5;474;
1704271579;03.01.2024;08:46:19;82.748;123.926;171.768;241.3;8.5;474;
1704272479;03.01.2024;09:01:19;82.752;123.933;171.78;241.3;8.5;474;
1704273380;03.01.2024;09:16:20;82.754;123.938;171.788;241.3;8.5;474;
1704274280;03.01.2024;09:31:20;82.754;123.939;171.789;241.3;8.5;474;
1704275180;03.01.2024;09:46:20;82.754;123.942;171.789;241.3;8.5;474;
1704276081;03.01.2024;10:01:21;82.754;123.946;171.789;241.3;8.5;474;
1704276981;03.01.2024;10:16:21;82.754;123.949;171.789;241.3;8.5;474;
1704277881;03.01.2024;10:31:21;82.754;123.952;171.789;241.3;8.5;474;
1704278781;03.01.2024;10:46:21;82.754;123.954;171.789;241.3;8.5;474;
1704279682;03.01.2024;11:01:22;82.754;123.957;171.789;241.3;8.5;474;
1704280582;03.01.2024;11:16:22;82.754;123.959;171.789;241.3;8.5;474;
1704281482;03.01.2024;11:31:22;82.754;123.961;171.789;241.3;8.5;474;
1704282383;03.01.2024;11:46:23;82.754;123.963;171.789;241.3;8.5;474;
1704283283;03.01.2024;12:01:23;82.754;123.965;171.789;241.3;8.5;474;
1704284183;03.01.2024;12:16:23;82.754;123.966;171.789;241.3;8.5;474;
1704285084;03.01.2024;12:31:24;82.754;123.967;171.789;241.3;8.5;474;
1704285984;03.01.2024;12:46:24;82.754;123.969;171.789;241.3;8.5;474;
1704286884;03.01.2024;13:01:24;82.754;123.97;171.789;241.3;8.5;474;
1704287785;03.01.2024;13:16:25;82.754;123.971;171.789;241.3;8.5;474;
1704288685;03.01.2024;13:31:25;82.754;123.972;171.789;241.3;8.5;474;
1704289585;03.01.2024;13:46:25;82.754;123.973;171.789;241.3;8.5;474;
1704290486;03.01.2024;14:01:26;82.754;123.974;171.789;241.3;8.5;474;
1704291386;03.01.2024;14:16:26;82.754;123.975;171.789;241.3;8.5;474;
1704292286;03.01.2024;14:31:26;82.754;123.976;171.789;241.3;8.5;474;
1704293186;03.01.2024;14:46:26;82.755;123.98;171.791;241.3;8.5;474;
1704294087;03.01.2024;15:01:27;82.755;123.981;171.791;241.3;8.5;474.1;
1704294987;03.01.2024;15:16:27;82.755;123.983;171.791;241.3;8.5;474.1;
1704295887;03.01.2024;15:31:27;82.755;123.984;171.791;241.3;8.5;474.1;
1704296788;03.01.2024;15:46:28;82.755;123.985;171.791;241.3;8.5;474.1;
1704297688;03.01.2024;16:01:28;82.755;123.986;171.791;241.3;8.5;474.1;
1704298588;03.01.2024;16:16:28;82.755;123.987;171.791;241.3;8.5;474.1;
1704299489;03.01.2024;16:31:29;82.755;123.988;171.791;241.3;8.5;474.1;
1704300389;03.01.2024;16:46:29;82.755;123.99;171.791;241.3;8.5;474.1;
1704301289;03.01.2024;17:01:29;82.755;123.991;171.791;241.3;8.5;474.1;
1704302190;03.01.2024;17:16:30;82.755;123.992;171.791;241.3;8.5;474.1;
1704303090;03.01.2024;17:31:30;82.755;123.993;171.791;241.3;8.5;474.1;
1704303990;03.01.2024;17:46:30;82.755;123.994;171.791;241.3;8.5;474.1;
1704304890;03.01.2024;18:01:30;82.755;123.995;171.791;241.3;8.5;474.1;
1704305791;03.01.2024;18:16:31;82.755;123.996;171.791;241.3;8.5;474.1;
1704306691;03.01.2024;18:31:31;82.755;123.997;171.791;241.3;8.5;474.1;
1704307591;03.01.2024;18:46:31;82.755;123.998;171.791;241.3;8.5;474.1;
1704308492;03.01.2024;19:01:32;82.755;123.999;171.791;241.3;8.5;474.1;
1704309392;03.01.2024;19:16:32;82.755;124;171.791;241.3;8.5;474.1;
1704310292;03.01.2024;19:31:32;82.755;124.001;171.791;241.3;8.5;474.1;
1704311193;03.01.2024;19:46:33;82.755;124.002;171.791;241.3;8.5;474.1;
1704312093;03.01.2024;20:01:33;82.755;124.003;171.791;241.3;8.5;474.1;
1704312993;03.01.2024;20:16:33;82.755;124.004;171.791;241.3;8.5;474.1;
1704313894;03.01.2024;20:31:34;82.755;124.005;171.791;241.3;8.5;474.1;
1704314794;03.01.2024;20:46:34;82.755;124.006;171.791;241.3;8.5;474.1;
1704315694;03.01.2024;21:01:34;82.755;124.007;171.791;241.3;8.5;474.1;
1704316594;03.01.2024;21:16:34;82.755;124.008;171.791;241.3;8.5;474.1;
1704317495;03.01.2024;21:31:35;82.755;124.009;171.791;241.3;8.5;474.1;
1704318395;03.01.2024;21:46:35;82.755;124.01;171.791;241.3;8.5;474.1;
1704319295;03.01.2024;22:01:35;82.755;124.01;171.791;241.3;8.5;474.1;
1704320196;03.01.2024;22:16:36;82.755;124.011;171.791;241.3;8.5;474.1;
1704321096;03.01.2024;22:31:36;82.755;124.012;171.791;241.3;8.5;474.1;
1704321996;03.01.2024;22:46:36;82.755;124.013;171.791;241.3;8.5;474.1;
1704322897;03.01.2024;23:01:37;82.755;124.014;171.791;241.3;8.5;474.1;
1704323797;03.01.2024;23:16:37;82.755;124.015;171.791;241.3;8.5;474.1;
1704324697;03.01.2024;23:31:37;82.755;124.016;171.791;241.3;8.5;474.1;
1704325598;03.01.2024;23:46:38;82.755;124.017;171.791;241.3;8.5;474.1;
1704326498;04.01.2024;00:01:38;82.755;124.017;171.791;241.3;8.5;474.1;
1704327398;04.01.2024;00:16:38;82.755;124.018;171.791;241.3;8.5;474.1;
1704328298;04.01.2024;00:31:38;82.755;124.019;171.791;241.3;8.5;474.1;
1704329199;04.01.2024;00:46:39;82.755;124.02;171.791;241.3;8.5;474.1;
1704330099;04.01.2024;01:01:39;82.755;124.021;171.791;241.3;8.5;474.1;
1704330999;04.01.2024;01:16:39;82.755;124.022;171.791;241.3;8.5;474.1;
1704331900;04.01.2024;01:31:40;82.755;124.023;171.791;241.3;8.5;474.1;
1704332800;04.01.2024;01:46:40;82.755;124.024;171.791;241.3;8.5;474.1;
1704333700;04.01.2024;02:01:40;82.755;124.025;171.791;241.3;8.5;474.1;
1704334601;04.01.2024;02:16:41;82.755;124.026;171.791;241.3;8.5;474.1;
1704335501;04.01.2024;02:31:41;82.755;124.027;171.791;241.3;8.5;474.1;
1704336401;04.01.2024;02:46:41;82.755;124.028;171.791;241.3;8.5;474.1;
1704337301;04.01.2024;03:01:41;82.755;124.029;171.791;241.3;8.5;474.1;
1704338202;04.01.2024;03:16:42;82.755;124.03;171.791;241.3;8.5;474.1;
1704339102;04.01.2024;03:31:42;82.755;124.031;171.791;241.3;8.5;474.1;
1704340002;04.01.2024;03:46:42;82.755;124.032;171.791;241.3;8.5;474.1;
1704340903;04.01.2024;04:01:43;82.755;124.032;171.791;241.3;8.5;474.1;
1704341803;04.01.2024;04:16:43;82.755;124.033;171.791;241.3;8.5;474.1;
1704342703;04.01.2024;04:31:43;82.755;124.034;171.791;241.3;8.5;474.1;
1704343604;04.01.2024;04:46:44;82.755;124.035;171.791;241.3;8.5;474.1;
1704344504;04.01.2024;05:01:44;82.755;124.036;171.791;241.3;8.5;474.1;
1704345404;04.01.2024;05:16:44;82.755;124.037;171.791;241.3;8.5;474.1;
1704346306;04.01.2024;05:31:46;82.755;124.038;171.791;241.3;8.5;474.1;
1704347206;04.01.2024;05:46:46;82.755;124.039;171.791;241.3;8.5;474.2;
1704348107;04.01.2024;06:01:47;82.755;124.04;171.791;241.3;8.5;474.2;
1704349007;04.01.2024;06:16:47;82.755;124.041;171.791;241.3;8.5;474.2;
1704349907;04.01.2024;06:31:47;82.755;124.042;171.791;241.3;8.5;474.2;
1704350808;04.01.2024;06:46:48;82.755;124.043;171.791;241.3;8.5;474.2;
1704351708;04.01.2024;07:01:48;82.755;124.044;171.791;241.3;8.5;474.2;
1704352608;04.01.2024;07:16:48;82.755;124.045;171.791;241.3;8.5;474.2;
1704353508;04.01.2024;07:31:48;82.755;124.046;171.791;241.3;8.5;474.2;
1704354409;04.01.2024;07:46:49;82.755;124.047;171.791;241.3;8.5;474.2;
1704355309;04.01.2024;08:01:49;82.755;124.048;171.791;241.3;8.5;474.2;
1704356209;04.01.2024;08:16:49;82.755;124.049;171.791;241.3;8.5;474.2;
1704357110;04.01.2024;08:31:50;82.755;124.051;171.791;241.3;8.5;474.2;
1704358010;04.01.2024;08:46:50;82.755;124.052;171.791;241.3;8.5;474.2;
1704358910;04.01.2024;09:01:50;82.755;124.053;171.791;241.3;8.5;474.2;
1704359811;04.01.2024;09:16:51;82.755;124.054;171.791;241.3;8.5;474.2;
1704360711;04.01.2024;09:31:51;82.755;124.055;171.791;241.3;8.5;474.3;
1704361611;04.01.2024;09:46:51;82.755;124.056;171.791;241.3;8.5;474.3;
1704362512;04.01.2024;10:01:52;82.755;124.057;171.791;241.3;8.5;474.3;
1704363412;04.01.2024;10:16:52;82.755;124.057;171.791;241.3;8.5;474.3;
1704364312;04.01.2024;10:31:52;82.755;124.058;171.791;241.3;8.5;474.4;
1704365213;04.01.2024;10:46:53;82.755;124.059;171.791;241.3;8.5;474.4;
1704366113;04.01.2024;11:01:53;82.755;124.06;171.791;241.3;8.5;474.4;
1704367013;04.01.2024;11:16:53;82.755;124.061;171.791;241.3;8.5;474.4;
1704367913;04.01.2024;11:31:53;82.755;124.061;171.791;241.3;8.5;474.5;
1704368814;04.01.2024;11:46:54;82.755;124.062;171.791;241.3;8.5;474.5;
1704369714;04.01.2024;12:01:54;82.755;124.063;171.791;241.3;8.5;474.6;
1704370614;04.01.2024;12:16:54;82.755;124.064;171.791;241.3;8.5;474.6;
1704371515;04.01.2024;12:31:55;82.755;124.065;171.791;241.3;8.5;474.6;
1704372415;04.01.2024;12:46:55;82.755;124.066;171.791;241.3;8.5;474.7;
1704373315;04.01.2024;13:01:55;82.755;124.067;171.791;241.3;8.5;474.7;
1704374216;04.01.2024;13:16:56;82.755;124.068;171.791;241.3;8.5;474.8;
1704375116;04.01.2024;13:31:56;82.755;124.069;171.791;241.3;8.5;474.8;
1704376016;04.01.2024;13:46:56;82.755;124.069;171.791;241.3;8.5;474.9;
1704376916;04.01.2024;14:01:56;82.755;124.07;171.791;241.3;8.5;474.9;
1704377817;04.01.2024;14:16:57;82.755;124.071;171.791;241.3;8.5;475;
1704378717;04.01.2024;14:31:57;82.755;124.072;171.791;241.3;8.5;475;
1704379617;04.01.2024;14:46:57;82.755;124.073;171.791;241.3;8.5;475;
1704380518;04.01.2024;15:01:58;82.755;124.073;171.791;241.3;8.5;475;
1704381418;04.01.2024;15:16:58;82.755;124.074;171.791;241.3;8.5;475.1;
1704382318;04.01.2024;15:31:58;82.755;124.075;171.791;241.3;8.5;475.1;
1704383219;04.01.2024;15:46:59;82.755;124.076;171.791;241.3;8.5;475.1;
1704384119;04.01.2024;16:01:59;82.755;124.077;171.791;241.3;8.5;475.1;
1704385019;04.01.2024;16:16:59;82.755;124.077;171.791;241.3;8.5;475.1;
1704385920;04.01.2024;16:32:00;82.755;124.078;171.791;241.3;8.5;475.2;
1704386820;04.01.2024;16:47:00;82.755;124.079;171.791;241.3;8.5;475.2;
1704387720;04.01.2024;17:02:00;82.755;124.08;171.791;241.3;8.5;475.2;
1704388620;04.01.2024;17:17:00;82.755;124.081;171.791;241.3;8.5;475.2;
1704389521;04.01.2024;17:32:01;82.755;124.082;171.791;241.3;8.5;475.2;
1704390421;04.01.2024;17:47:01;82.755;124.083;171.791;241.3;8.5;475.2;
1704391321;04.01.2024;18:02:01;82.755;124.083;171.791;241.3;8.5;475.3;
1704392222;04.01.2024;18:17:02;82.755;124.084;171.791;241.3;8.5;475.3;
1704393122;04.01.2024;18:32:02;82.755;124.085;171.791;241.3;8.5;475.3;
1704394022;04.01.2024;18:47:02;82.755;124.086;171.791;241.3;8.5;475.3;
1704394923;04.01.2024;19:02:03;82.755;124.087;171.791;241.3;8.5;475.3;
1704395823;04.01.2024;19:17:03;82.755;124.088;171.791;241.3;8.5;475.3;
1704396723;04.01.2024;19:32:03;82.755;124.089;171.791;241.3;8.5;475.3;
1704397623;04.01.2024;19:47:03;82.755;124.089;171.791;241.3;8.5;475.3;
1704398524;04.01.2024;20:02:04;82.755;124.09;171.791;241.3;8.5;475.3;
1704399424;04.01.2024;20:17:04;82.755;124.091;171.791;241.3;8.5;475.3;
1704400324;04.01.2024;20:32:04;82.755;124.092;171.791;241.3;8.5;475.3;
1704401225;04.01.2024;20:47:05;82.755;124.093;171.791;241.3;8.5;475.3;
1704402125;04.01.2024;21:02:05;82.755;124.094;171.791;241.3;8.5;475.3;
1704403025;04.01.2024;21:17:05;82.755;124.095;171.791;241.3;8.5;475.3;
1704403926;04.01.2024;21:32:06;82.755;124.096;171.791;241.3;8.5;475.3;
1704404826;04.01.2024;21:47:06;82.755;124.097;171.791;241.3;8.5;475.3;
1704405726;04.01.2024;22:02:06;82.755;124.098;171.791;241.3;8.5;475.3;
1704406627;04.01.2024;22:17:07;82.755;124.099;171.791;241.3;8.5;475.3;
1704407527;04.01.2024;22:32:07;82.755;124.1;171.791;241.3;8.5;475.3;
1704408427;04.01.2024;22:47:07;82.755;124.101;171.791;241.3;8.5;475.3;
1704409327;04.01.2024;23:02:07;82.755;124.102;171.791;241.3;8.5;475.3;
1704410228;04.01.2024;23:17:08;82.755;124.103;171.791;241.3;8.5;475.3;
1704411128;04.01.2024;23:32:08;82.755;124.105;171.792;241.3;8.5;475.3;
1704412028;04.01.2024;23:47:08;82.755;124.106;171.792;241.3;8.5;475.3;
1704412929;05.01.2024;00:02:09;82.755;124.108;171.792;241.3;8.5;475.3;
1704413829;05.01.2024;00:17:09;82.755;124.109;171.792;241.3;8.5;475.3;
1704414729;05.01.2024;00:32:09;82.755;124.111;171.792;241.3;8.5;475.3;
1704415630;05.01.2024;00:47:10;82.755;124.112;171.792;241.3;8.5;475.3;
1704416530;05.01.2024;01:02:10;82.755;124.114;171.792;241.3;8.5;475.3;
1704417430;05.01.2024;01:17:10;82.755;124.116;171.792;241.3;8.5;475.3;
1704418331;05.01.2024;01:32:11;82.755;124.118;171.793;241.3;8.5;475.3;
1704419231;05.01.2024;01:47:11;82.755;124.119;171.793;241.3;8.5;475.3;
1704420131;05.01.2024;02:02:11;82.755;124.121;171.793;241.3;8.5;475.3;
1704421032;05.01.2024;02:17:12;82.755;124.123;171.793;241.3;8.5;475.3;
1704421932;05.01.2024;02:32:12;82.755;124.125;171.793;241.3;8.5;475.3;
1704422832;05.01.2024;02:47:12;82.755;124.126;171.793;241.3;8.5;475.3;
1704423732;05.01.2024;03:02:12;82.755;124.127;171.793;241.3;8.5;475.3;
1704424633;05.01.2024;03:17:13;82.755;124.129;171.794;241.3;8.5;475.3;
1704425533;05.01.2024;03:32:13;82.757;124.134;171.799;241.3;8.5;475.3;
1704426433;05.01.2024;03:47:13;82.759;124.141;171.806;241.3;8.5;475.3;
1704427334;05.01.2024;04:02:14;82.761;124.148;171.813;241.3;8.5;475.3;
1704428234;05.01.2024;04:17:14;82.763;124.156;171.82;241.3;8.5;475.3;
1704429134;05.01.2024;04:32:14;82.764;124.163;171.824;241.3;8.5;475.3;
1704430035;05.01.2024;04:47:15;82.765;124.17;171.829;241.3;8.5;475.3;
1704430935;05.01.2024;05:02:15;82.767;124.178;171.835;241.3;8.5;475.3;
1704431835;05.01.2024;05:17:15;82.769;124.187;171.843;241.3;8.5;475.3;
1704432736;05.01.2024;05:32:16;82.771;124.196;171.851;241.3;8.5;475.3;
1704433636;05.01.2024;05:47:16;82.773;124.207;171.86;241.3;8.5;475.4;
1704434536;05.01.2024;06:02:16;82.776;124.218;171.87;241.3;8.5;475.4;
1704435437;05.01.2024;06:17:17;82.778;124.23;171.881;241.3;8.5;475.5;
1704436337;05.01.2024;06:32:17;82.781;124.239;171.889;241.3;8.5;475.5;
1704437237;05.01.2024;06:47:17;82.783;124.251;171.898;241.3;8.5;475.5;
1704438137;05.01.2024;07:02:17;82.785;124.26;171.906;241.3;8.5;475.5;
1704439038;05.01.2024;07:17:18;82.786;124.27;171.914;241.3;8.5;475.5;
1704439938;05.01.2024;07:32:18;82.788;124.28;171.922;241.3;8.5;475.5;
1704440838;05.01.2024;07:47:18;82.79;124.29;171.929;241.3;8.5;475.5;
1704441739;05.01.2024;08:02:19;82.792;124.3;171.938;241.3;8.5;475.5;
1704442639;05.01.2024;08:17:19;82.794;124.311;171.948;241.3;8.5;475.5;
1704443539;05.01.2024;08:32:19;82.797;124.323;171.959;241.3;8.5;475.6;
1704444440;05.01.2024;08:47:20;82.8;124.336;171.97;241.3;8.5;475.6;
1704445340;05.01.2024;09:02:20;82.804;124.351;171.987;241.3;8.5;475.6;
1704446240;05.01.2024;09:17:20;82.807;124.364;171.997;241.3;8.5;475.6;
1704447141;05.01.2024;09:32:21;82.809;124.375;172.007;241.3;8.5;475.6;
1704448041;05.01.2024;09:47:21;82.812;124.39;172.021;241.3;8.5;475.7;
1704448941;05.01.2024;10:02:21;82.816;124.405;172.035;241.3;8.5;475.7;
1704449841;05.01.2024;10:17:21;82.819;124.42;172.051;241.3;8.5;475.8;
1704450742;05.01.2024;10:32:22;82.823;124.436;172.067;241.3;8.5;475.8;
1704451642;05.01.2024;10:47:22;82.827;124.452;172.082;241.3;8.5;475.8;
1704452542;05.01.2024;11:02:22;82.832;124.469;172.099;241.3;8.5;475.9;
1704453443;05.01.2024;11:17:23;82.836;124.487;172.118;241.3;8.5;475.9;
1704454343;05.01.2024;11:32:23;82.841;124.505;172.139;241.3;8.5;475.9;
1704455243;05.01.2024;11:47:23;82.845;124.522;172.157;241.3;8.5;475.9;
1704456144;05.01.2024;12:02:24;82.849;124.541;172.177;241.3;8.5;476;
1704457044;05.01.2024;12:17:24;82.854;124.56;172.197;241.3;8.5;476.1;
1704457944;05.01.2024;12:32:24;82.859;124.578;172.217;241.3;8.5;476.1;
1704458845;05.01.2024;12:47:25;82.864;124.596;172.237;241.3;8.5;476.2;
1704459745;05.01.2024;13:02:25;82.87;124.615;172.26;241.3;8.5;476.2;
1704460645;05.01.2024;13:17:25;82.875;124.634;172.282;241.3;8.5;476.3;
1704461545;05.01.2024;13:32:25;82.881;124.65;172.304;241.3;8.5;476.4;
1704462446;05.01.2024;13:47:26;82.885;124.662;172.32;241.3;8.5;476.4;
1704463346;05.01.2024;14:02:26;82.888;124.673;172.333;241.3;8.5;476.4;
1704464246;05.01.2024;14:17:26;82.891;124.687;172.347;241.3;8.5;476.5;
1704465147;05.01.2024;14:32:27;82.895;124.7;172.363;241.3;8.5;476.5;
1704466047;05.01.2024;14:47:27;82.899;124.715;172.38;241.3;8.5;476.6;
1704466947;05.01.2024;15:02:27;82.903;124.727;172.394;241.3;8.5;476.6;
1704467848;05.01.2024;15:17:28;82.906;124.738;172.406;241.3;8.5;476.7;
1704468748;05.01.2024;15:32:28;82.909;124.75;172.417;241.3;8.5;476.7;
1704469648;05.01.2024;15:47:28;82.912;124.762;172.431;241.3;8.5;476.8;
1704470549;05.01.2024;16:02:29;82.916;124.776;172.446;241.3;8.5;476.8;
1704471449;05.01.2024;16:17:29;82.919;124.791;172.462;241.3;8.5;476.9;
1704472349;05.01.2024;16:32:29;82.924;124.804;172.477;241.3;8.5;476.9;
1704473249;05.01.2024;16:47:29;82.928;124.818;172.494;241.3;8.5;476.9;
1704474150;05.01.2024;17:02:30;82.932;124.832;172.51;241.3;8.5;476.9;
1704475050;05.01.2024;17:17:30;82.935;124.846;172.527;241.3;8.5;477;
1704475950;05.01.2024;17:32:30;82.939;124.863;172.543;241.3;8.5;477;
1704476851;05.01.2024;17:47:31;82.943;124.879;172.556;241.3;8.5;477;
1704477751;05.01.2024;18:02:31;82.947;124.896;172.572;241.3;8.5;477;
1704478651;05.01.2024;18:17:31;82.951;124.914;172.586;241.3;8.5;477;
1704479552;05.01.2024;18:32:32;82.956;124.93;172.599;241.3;8.5;477;
1704480452;05.01.2024;18:47:32;82.961;124.942;172.617;241.3;8.5;477;
1704481352;05.01.2024;19:02:32;82.964;124.952;172.632;241.3;8.5;477;
1704482253;05.01.2024;19:17:33;82.967;124.962;172.644;241.3;8.5;477.1;
1704483153;05.01.2024;19:32:33;82.969;124.974;172.653;241.3;8.5;477.1;
1704484053;05.01.2024;19:47:33;82.971;124.986;172.665;241.3;8.5;477.1;
1704484953;05.01.2024;20:02:33;82.974;124.999;172.678;241.3;8.5;477.1;
1704485854;05.01.2024;20:17:34;82.977;125.012;172.69;241.3;8.5;477.1;
1704486754;05.01.2024;20:32:34;82.981;125.026;172.703;241.3;8.5;477.1;
1704487654;05.01.2024;20:47:34;82.984;125.044;172.717;241.3;8.5;477.1;
1704488555;05.01.2024;21:02:35;82.987;125.059;172.731;241.3;8.5;477.1;
1704489455;05.01.2024;21:17:35;82.99;125.07;172.742;241.3;8.5;477.1;
1704490355;05.01.2024;21:32:35;82.994;125.085;172.761;241.3;8.5;477.1;
1704491256;05.01.2024;21:47:36;82.997;125.099;172.775;241.3;8.5;477.1;
1704492156;05.01.2024;22:02:36;83.002;125.115;172.796;241.3;8.5;477.1;
1704493056;05.01.2024;22:17:36;83.006;125.129;172.812;241.3;8.5;477.1;
1704493957;05.01.2024;22:32:37;83.009;125.143;172.828;241.3;8.5;477.1;
1704494857;05.01.2024;22:47:37;83.014;125.161;172.847;241.3;8.5;477.1;
1704495757;05.01.2024;23:02:37;83.018;125.181;172.866;241.3;8.5;477.1;
1704496657;05.01.2024;23:17:37;83.023;125.197;172.888;241.3;8.5;477.1;
1704497558;05.01.2024;23:32:38;83.028;125.212;172.909;241.3;8.5;477.1;
1704498458;05.01.2024;23:47:38;83.033;125.229;172.93;241.3;8.5;477.1;
1704499358;06.01.2024;00:02:38;83.039;125.244;172.952;241.3;8.5;477.1;
1704500259;06.01.2024;00:17:39;83.044;125.26;172.975;241.3;8.5;477.1;
1704501159;06.01.2024;00:32:39;83.049;125.275;172.996;241.3;8.5;477.1;
1704502059;06.01.2024;00:47:39;83.054;125.291;173.019;241.3;8.5;477.1;
1704502960;06.01.2024;01:02:40;83.059;125.309;173.039;241.3;8.5;477.1;
1704503860;06.01.2024;01:17:40;83.063;125.327;173.059;241.3;8.5;477.1;
1704504760;06.01.2024;01:32:40;83.068;125.342;173.081;241.3;8.5;477.1;
1704505661;06.01.2024;01:47:41;83.073;125.356;173.103;241.3;8.5;477.1;
1704506561;06.01.2024;02:02:41;83.078;125.372;173.124;241.3;8.5;477.1;
1704507461;06.01.2024;02:17:41;83.083;125.386;173.147;241.3;8.5;477.1;
1704508361;06.01.2024;02:32:41;83.088;125.4;173.169;241.3;8.5;477.1;
1704509262;06.01.2024;02:47:42;83.093;125.414;173.191;241.3;8.5;477.1;
1704510162;06.01.2024;03:02:42;83.098;125.429;173.213;241.3;8.5;477.1;
1704511062;06.01.2024;03:17:42;83.102;125.446;173.233;241.3;8.5;477.1;
1704511963;06.01.2024;03:32:43;83.107;125.461;173.254;241.3;8.5;477.1;
1704512863;06.01.2024;03:47:43;83.112;125.474;173.276;241.3;8.5;477.1;
1704513763;06.01.2024;04:02:43;83.117;125.488;173.298;241.3;8.5;477.1;
1704514664;06.01.2024;04:17:44;83.122;125.502;173.319;241.3;8.5;477.1;
1704515564;06.01.2024;04:32:44;83.127;125.516;173.341;241.3;8.5;477.1;
1704516464;06.01.2024;04:47:44;83.132;125.529;173.361;241.3;8.5;477.1;
1704517365;06.01.2024;05:02:45;83.136;125.542;173.382;241.3;8.5;477.1;
1704518265;06.01.2024;05:17:45;83.141;125.558;173.403;241.3;8.5;477.1;
1704519165;06.01.2024;05:32:45;83.145;125.575;173.423;241.3;8.5;477.1;
1704520065;06.01.2024;05:47:45;83.15;125.589;173.445;241.3;8.5;477.1;
1704520966;06.01.2024;06:02:46;83.154;125.602;173.466;241.3;8.5;477.1;
1704521866;06.01.2024;06:17:46;83.159;125.616;173.486;241.3;8.5;477.1;
1704522766;06.01.2024;06:32:46;83.163;125.629;173.506;241.3;8.5;477.1;
1704523667;06.01.2024;06:47:47;83.167;125.643;173.527;241.3;8.5;477.1;
1704524567;06.01.2024;07:02:47;83.172;125.656;173.547;241.3;8.5;477.1;
1704525467;06.01.2024;07:17:47;83.176;125.669;173.566;241.3;8.5;477.1;
1704526368;06.01.2024;07:32:48;83.179;125.682;173.581;241.3;8.5;477.1;
1704527268;06.01.2024;07:47:48;83.182;125.696;173.594;241.3;8.5;477.1;
1704528168;06.01.2024;08:02:48;83.185;125.708;173.608;241.3;8.5;477.1;
1704529069;06.01.2024;08:17:49;83.188;125.72;173.623;241.3;8.5;477.1;
1704529969;06.01.2024;08:32:49;83.191;125.734;173.638;241.3;8.5;477.1;
1704530869;06.01.2024;08:47:49;83.196;125.749;173.657;241.3;8.5;477.1;
1704531769;06.01.2024;09:02:49;83.2;125.762;173.673;241.3;8.5;477.1;
1704532670;06.01.2024;09:17:50;83.204;125.776;173.691;241.3;8.5;477.1;
1704533570;06.01.2024;09:32:50;83.208;125.792;173.711;241.3;8.5;477.1;
1704534470;06.01.2024;09:47:50;83.213;125.81;173.73;241.3;8.5;477.1;
1704535371;06.01.2024;10:02:51;83.217;125.826;173.75;241.3;8.5;477.1;
1704536271;06.01.2024;10:17:51;83.222;125.84;173.771;241.3;8.5;477.1;
1704537171;06.01.2024;10:32:51;83.227;125.854;173.792;241.3;8.5;477.1;
1704538072;06.01.2024;10:47:52;83.232;125.869;173.812;241.3;8.5;477.1;
1704538972;06.01.2024;11:02:52;83.236;125.882;173.832;241.3;8.5;477.1;
1704539872;06.01.2024;11:17:52;83.24;125.895;173.852;241.3;8.5;477.1;
1704540773;06.01.2024;11:32:53;83.245;125.908;173.873;241.3;8.5;477.1;
1704541673;06.01.2024;11:47:53;83.249;125.921;173.892;241.3;8.5;477.1;
1704542573;06.01.2024;12:02:53;83.252;125.935;173.906;241.3;8.5;477.1;
1704543473;06.01.2024;12:17:53;83.255;125.946;173.922;241.3;8.5;477.1;
1704544374;06.01.2024;12:32:54;83.258;125.957;173.937;241.3;8.5;477.1;
1704545274;06.01.2024;12:47:54;83.261;125.969;173.952;241.3;8.5;477.1;
1704546174;06.01.2024;13:02:54;83.265;125.984;173.971;241.3;8.5;477.1;
1704547075;06.01.2024;13:17:55;83.269;125.997;173.989;241.3;8.5;477.1;
1704547975;06.01.2024;13:32:55;83.274;126.011;174.009;241.3;8.5;477.1;
1704548875;06.01.2024;13:47:55;83.278;126.026;174.03;241.3;8.5;477.1;
1704549776;06.01.2024;14:02:56;83.282;126.042;174.048;241.3;8.5;477.1;
1704550676;06.01.2024;14:17:56;83.285;126.058;174.066;241.3;8.5;477.1;
1704551576;06.01.2024;14:32:56;83.289;126.072;174.086;241.3;8.5;477.1;
1704552477;06.01.2024;14:47:57;83.294;126.086;174.106;241.3;8.5;477.1;
1704553377;06.01.2024;15:02:57;83.298;126.101;174.126;241.3;8.5;477.1;
1704554277;06.01.2024;15:17:57;83.302;126.114;174.146;241.3;8.5;477.1;
1704555177;06.01.2024;15:32:57;83.306;126.128;174.166;241.3;8.5;477.1;
1704556078;06.01.2024;15:47:58;83.31;126.141;174.184;241.3;8.5;477.1;
1704556978;06.01.2024;16:02:58;83.314;126.154;174.201;241.3;8.5;477.1;
1704557878;06.01.2024;16:17:58;83.317;126.17;174.217;241.3;8.5;477.1;
1704558779;06.01.2024;16:32:59;83.321;126.185;174.234;241.4;8.5;477.1;
1704559679;06.01.2024;16:47:59;83.324;126.198;174.251;241.4;8.5;477.1;
1704560579;06.01.2024;17:02:59;83.328;126.212;174.269;241.4;8.5;477.1;
1704561480;06.01.2024;17:18:00;83.333;126.226;174.287;241.4;8.5;477.1;
1704562380;06.01.2024;17:33:00;83.337;126.24;174.305;241.4;8.5;477.1;
1704563280;06.01.2024;17:48:00;83.341;126.254;174.324;241.4;8.5;477.1;
1704564180;06.01.2024;18:03:00;83.345;126.267;174.341;241.4;8.5;477.1;
1704565081;06.01.2024;18:18:01;83.349;126.281;174.358;241.4;8.5;477.1;
1704565981;06.01.2024;18:33:01;83.352;126.295;174.377;241.4;8.5;477.1;
1704566881;06.01.2024;18:48:01;83.356;126.308;174.394;241.4;8.5;477.1;
1704567782;06.01.2024;19:03:02;83.36;126.32;174.41;241.4;8.5;477.1;
1704568682;06.01.2024;19:18:02;83.364;126.334;174.426;241.4;8.5;477.1;
1704569582;06.01.2024;19:33:02;83.367;126.35;174.441;241.4;8.5;477.1;
1704570483;06.01.2024;19:48:03;83.37;126.365;174.457;241.4;8.5;477.1;
1704571383;06.01.2024;20:03:03;83.374;126.379;174.474;241.4;8.5;477.1;
1704572283;06.01.2024;20:18:03;83.378;126.392;174.49;241.4;8.5;477.1;
1704573183;06.01.2024;20:33:03;83.381;126.406;174.507;241.4;8.5;477.1;
1704574084;06.01.2024;20:48:04;83.385;126.42;174.523;241.4;8.5;477.1;
1704574984;06.01.2024;21:03:04;83.389;126.434;174.54;241.4;8.5;477.1;
1704575884;06.01.2024;21:18:04;83.393;126.448;174.558;241.4;8.5;477.1;
1704576785;06.01.2024;21:33:05;83.397;126.463;174.573;241.4;8.5;477.1;
1704577685;06.01.2024;21:48:05;83.4;126.481;174.589;241.4;8.5;477.1;
1704578585;06.01.2024;22:03:05;83.404;126.496;174.605;241.4;8.5;477.1;
1704579486;06.01.2024;22:18:06;83.408;126.51;174.621;241.4;8.5;477.1;
1704580386;06.01.2024;22:33:06;83.411;126.525;174.636;241.4;8.5;477.1;
1704581286;06.01.2024;22:48:06;83.415;126.539;174.653;241.4;8.5;477.1;
1704582186;06.01.2024;23:03:06;83.418;126.554;174.669;241.4;8.5;477.1;
1704583087;06.01.2024;23:18:07;83.422;126.568;174.686;241.4;8.5;477.1;
1704583987;06.01.2024;23:33:07;83.426;126.582;174.702;241.4;8.5;477.1;
1704584887;06.01.2024;23:48:07;83.429;126.598;174.717;241.4;8.5;477.1;
1704585788;07.01.2024;00:03:08;83.432;126.616;174.732;241.4;8.5;477.1;
1704586688;07.01.2024;00:18:08;83.436;126.631;174.748;241.4;8.5;477.1;
1704587588;07.01.2024;00:33:08;83.44;126.646;174.765;241.4;8.5;477.1;
1704588489;07.01.2024;00:48:09;83.444;126.661;174.781;241.4;8.5;477.1;
1704589389;07.01.2024;01:03:09;83.447;126.676;174.797;241.4;8.5;477.1;
1704590289;07.01.2024;01:18:09;83.451;126.691;174.815;241.4;8.5;477.1;
1704591190;07.01.2024;01:33:10;83.455;126.706;174.832;241.4;8.5;477.1;
1704592090;07.01.2024;01:48:10;83.459;126.721;174.848;241.4;8.5;477.1;
1704592990;07.01.2024;02:03:10;83.462;126.737;174.861;241.4;8.5;477.1;
1704593890;07.01.2024;02:18:10;83.466;126.754;174.877;241.4;8.5;477.1;
1704594791;07.01.2024;02:33:11;83.469;126.768;174.892;241.4;8.5;477.1;
1704595691;07.01.2024;02:48:11;83.473;126.782;174.908;241.4;8.5;477.1;
1704596591;07.01.2024;03:03:11;83.476;126.798;174.924;241.4;8.5;477.1;
1704597492;07.01.2024;03:18:12;83.48;126.813;174.94;241.4;8.5;477.1;
1704598392;07.01.2024;03:33:12;83.484;126.828;174.957;241.4;8.5;477.1;
1704599292;07.01.2024;03:48:12;83.488;126.843;174.974;241.4;8.5;477.1;
1704600193;07.01.2024;04:03:13;83.491;126.859;174.99;241.4;8.5;477.1;
1704601093;07.01.2024;04:18:13;83.495;126.876;175.003;241.4;8.5;477.1;
1704601993;07.01.2024;04:33:13;83.498;126.891;175.019;241.4;8.5;477.1;
1704602893;07.01.2024;04:48:13;83.501;126.906;175.034;241.4;8.5;477.1;
1704603794;07.01.2024;05:03:14;83.505;126.921;175.049;241.4;8.5;477.1;
1704604694;07.01.2024;05:18:14;83.508;126.936;175.065;241.4;8.5;477.1;
1704605594;07.01.2024;05:33:14;83.512;126.951;175.081;241.4;8.5;477.1;
1704606495;07.01.2024;05:48:15;83.516;126.965;175.097;241.4;8.5;477.1;
1704607395;07.01.2024;06:03:15;83.519;126.98;175.112;241.4;8.5;477.1;
1704608295;07.01.2024;06:18:15;83.523;126.998;175.128;241.4;8.5;477.1;
1704609196;07.01.2024;06:33:16;83.526;127.016;175.142;241.4;8.5;477.1;
1704610096;07.01.2024;06:48:16;83.53;127.031;175.158;241.4;8.5;477.1;
1704610996;07.01.2024;07:03:16;83.534;127.046;175.174;241.4;8.5;477.1;
1704611897;07.01.2024;07:18:17;83.537;127.062;175.19;241.4;8.5;477.1;
1704612797;07.01.2024;07:33:17;83.541;127.077;175.206;241.4;8.5;477.1;
1704613697;07.01.2024;07:48:17;83.545;127.092;175.222;241.4;8.5;477.1;
1704614597;07.01.2024;08:03:17;83.548;127.106;175.237;241.4;8.5;477.1;
1704615498;07.01.2024;08:18:18;83.552;127.121;175.253;241.4;8.5;477.1;
1704616398;07.01.2024;08:33:18;83.555;127.139;175.267;241.4;8.5;477.1;
1704617298;07.01.2024;08:48:18;83.558;127.156;175.282;241.4;8.5;477.1;
1704618199;07.01.2024;09:03:19;83.562;127.171;175.298;241.4;8.5;477.1;
1704619099;07.01.2024;09:18:19;83.566;127.187;175.315;241.4;8.5;477.1;
1704619999;07.01.2024;09:33:19;83.569;127.202;175.331;241.4;8.5;477.1;
1704620900;07.01.2024;09:48:20;83.573;127.217;175.347;241.4;8.5;477.1;
1704621800;07.01.2024;10:03:20;83.577;127.232;175.362;241.4;8.5;477.1;
1704622700;07.01.2024;10:18:20;83.58;127.247;175.379;241.4;8.5;477.1;
1704623600;07.01.2024;10:33:20;83.584;127.263;175.395;241.4;8.5;477.1;
1704624501;07.01.2024;10:48:21;83.588;127.283;175.41;241.4;8.5;477.1;
1704625401;07.01.2024;11:03:21;83.591;127.3;175.427;241.4;8.5;477.1;
1704626301;07.01.2024;11:18:21;83.595;127.315;175.443;241.4;8.5;477.1;
1704627202;07.01.2024;11:33:22;83.599;127.331;175.459;241.4;8.5;477.1;
1704628102;07.01.2024;11:48:22;83.603;127.347;175.478;241.4;8.5;477.1;
1704629002;07.01.2024;12:03:22;83.607;127.363;175.495;241.4;8.5;477.1;
1704629903;07.01.2024;12:18:23;83.611;127.378;175.512;241.4;8.5;477.1;
1704630803;07.01.2024;12:33:23;83.615;127.393;175.529;241.4;8.5;477.1;
1704631703;07.01.2024;12:48:23;83.618;127.41;175.544;241.4;8.5;477.1;
1704632604;07.01.2024;13:03:24;83.622;127.429;175.56;241.4;8.5;477.1;
1704633504;07.01.2024;13:18:24;83.626;127.444;175.577;241.4;8.5;477.1;
1704634404;07.01.2024;13:33:24;83.629;127.459;175.594;241.4;8.5;477.1;
1704635304;07.01.2024;13:48:24;83.633;127.476;175.611;241.4;8.5;477.1;
1704636205;07.01.2024;14:03:25;83.637;127.491;175.629;241.4;8.5;477.1;
1704637105;07.01.2024;14:18:25;83.641;127.507;175.646;241.4;8.5;477.1;
1704638005;07.01.2024;14:33:25;83.645;127.523;175.664;241.4;8.5;477.1;
1704638906;07.01.2024;14:48:26;83.649;127.539;175.68;241.4;8.5;477.1;
1704639806;07.01.2024;15:03:26;83.652;127.557;175.697;241.4;8.5;477.1;
1704640706;07.01.2024;15:18:26;83.656;127.575;175.714;241.4;8.5;477.1;
1704641607;07.01.2024;15:33:27;83.66;127.591;175.732;241.4;8.5;477.1;
1704642507;07.01.2024;15:48:27;83.664;127.607;175.751;241.4;8.5;477.1;
1704643407;07.01.2024;16:03:27;83.669;127.624;175.769;241.4;8.5;477.1;
1704644308;07.01.2024;16:18:28;83.673;127.64;175.786;241.4;8.5;477.1;
1704645208;07.01.2024;16:33:28;83.677;127.656;175.805;241.4;8.5;477.1;
1704646108;07.01.2024;16:48:28;83.681;127.672;175.824;241.4;8.5;477.1;
1704647008;07.01.2024;17:03:28;83.685;127.689;175.841;241.4;8.5;477.1;
1704647909;07.01.2024;17:18:29;83.689;127.708;175.858;241.4;8.5;477.1;
1704648809;07.01.2024;17:33:29;83.692;127.725;175.876;241.4;8.5;477.1;
1704649709;07.01.2024;17:48:29;83.697;127.741;175.894;241.4;8.5;477.1;
1704650610;07.01.2024;18:03:30;83.701;127.758;175.913;241.4;8.5;477.1;
1704651510;07.01.2024;18:18:30;83.705;127.775;175.932;241.4;8.5;477.1;
1704652410;07.01.2024;18:33:30;83.71;127.791;175.951;241.4;8.5;477.1;
1704653311;07.01.2024;18:48:31;83.714;127.807;175.97;241.4;8.5;477.1;
1704654211;07.01.2024;19:03:31;83.718;127.822;175.987;241.4;8.5;477.1;
1704655111;07.01.2024;19:18:31;83.722;127.841;176.005;241.4;8.5;477.1;
1704656012;07.01.2024;19:33:32;83.725;127.86;176.021;241.4;8.5;477.1;
1704656912;07.01.2024;19:48:32;83.729;127.876;176.04;241.4;8.5;477.1;
1704657812;07.01.2024;20:03:32;83.733;127.893;176.059;241.4;8.5;477.1;
1704658712;07.01.2024;20:18:32;83.737;127.91;176.077;241.4;8.5;477.1;
1704659613;07.01.2024;20:33:33;83.741;127.925;176.093;241.4;8.5;477.1;
1704660513;07.01.2024;20:48:33;83.743;127.937;176.104;241.4;8.5;477.1;
1704661413;07.01.2024;21:03:33;83.746;127.949;176.116;241.4;8.5;477.1;
1704662314;07.01.2024;21:18:34;83.748;127.962;176.128;241.4;8.5;477.1;
1704663214;07.01.2024;21:33:34;83.751;127.977;176.14;241.4;8.5;477.1;
1704664114;07.01.2024;21:48:34;83.753;127.993;176.151;241.4;8.5;477.1;
1704665015;07.01.2024;22:03:35;83.756;128.006;176.164;241.4;8.5;477.1;
1704665915;07.01.2024;22:18:35;83.759;128.02;176.179;241.4;8.5;477.1;
1704666815;07.01.2024;22:33:35;83.763;128.037;176.196;241.4;8.5;477.1;
1704667715;07.01.2024;22:48:35;83.767;128.053;176.214;241.4;8.5;477.1;
1704668616;07.01.2024;23:03:36;83.772;128.069;176.232;241.4;8.5;477.1;
1704669516;07.01.2024;23:18:36;83.776;128.085;176.248;241.4;8.5;477.1;
1704670416;07.01.2024;23:33:36;83.779;128.101;176.264;241.4;8.5;477.1;
1704671317;07.01.2024;23:48:37;83.782;128.119;176.277;241.4;8.5;477.1;
1704672217;08.01.2024;00:03:37;83.786;128.135;176.293;241.4;8.5;477.1;
1704673117;08.01.2024;00:18:37;83.789;128.151;176.309;241.4;8.5;477.1;
1704674018;08.01.2024;00:33:38;83.793;128.167;176.325;241.4;8.5;477.1;
1704674918;08.01.2024;00:48:38;83.797;128.184;176.343;241.4;8.5;477.1;
1704675818;08.01.2024;01:03:38;83.801;128.2;176.361;241.4;8.5;477.1;
1704676719;08.01.2024;01:18:39;83.805;128.217;176.378;241.4;8.5;477.1;
1704677619;08.01.2024;01:33:39;83.809;128.234;176.396;241.4;8.5;477.1;
1704678519;08.01.2024;01:48:39;83.814;128.253;176.415;241.4;8.5;477.1;
1704679420;08.01.2024;02:03:40;83.818;128.275;176.432;241.4;8.5;477.1;
1704680320;08.01.2024;02:18:40;83.822;128.292;176.451;241.4;8.5;477.1;
1704681220;08.01.2024;02:33:40;83.826;128.309;176.47;241.4;8.5;477.1;
1704682120;08.01.2024;02:48:40;83.83;128.327;176.488;241.4;8.5;477.1;
1704683021;08.01.2024;03:03:41;83.835;128.345;176.508;241.4;8.5;477.1;
1704683921;08.01.2024;03:18:41;83.839;128.364;176.526;241.4;8.5;477.1;
1704684821;08.01.2024;03:33:41;83.842;128.385;176.544;241.4;8.5;477.1;
1704685722;08.01.2024;03:48:42;83.846;128.406;176.561;241.4;8.5;477.1;
1704686622;08.01.2024;04:03:42;83.85;128.426;176.578;241.4;8.5;477.1;
1704687522;08.01.2024;04:18:42;83.853;128.447;176.594;241.4;8.5;477.1;
1704688423;08.01.2024;04:33:43;83.857;128.468;176.611;241.4;8.5;477.1;
1704689323;08.01.2024;04:48:43;83.86;128.489;176.628;241.4;8.5;477.1;
1704690223;08.01.2024;05:03:43;83.864;128.51;176.645;241.4;8.5;477.1;
1704691123;08.01.2024;05:18:43;83.867;128.53;176.662;241.4;8.5;477.1;
1704692024;08.01.2024;05:33:44;83.871;128.551;176.678;241.4;8.5;477.1;
1704692924;08.01.2024;05:48:44;83.875;128.572;176.695;241.4;8.5;477.1;
1704693824;08.01.2024;06:03:44;83.879;128.593;176.712;241.4;8.5;477.2;
1704694725;08.01.2024;06:18:45;83.883;128.614;176.731;241.4;8.5;477.2;
1704695625;08.01.2024;06:33:45;83.887;128.636;176.748;241.4;8.5;477.2;
1704696525;08.01.2024;06:48:45;83.89;128.657;176.766;241.4;8.5;477.2;
1704697426;08.01.2024;07:03:46;83.894;128.678;176.783;241.4;8.5;477.2;
1704698326;08.01.2024;07:18:46;83.897;128.699;176.8;241.4;8.5;477.2;
1704699226;08.01.2024;07:33:46;83.901;128.719;176.817;241.4;8.5;477.2;
1704700127;08.01.2024;07:48:47;83.905;128.74;176.834;241.4;8.5;477.2;
1704701027;08.01.2024;08:03:47;83.909;128.761;176.851;241.4;8.5;477.3;
1704701927;08.01.2024;08:18:47;83.912;128.782;176.867;241.4;8.5;477.3;
1704702827;08.01.2024;08:33:47;83.916;128.803;176.883;241.4;8.5;477.3;
1704703728;08.01.2024;08:48:48;83.919;128.824;176.899;241.4;8.5;477.3;
1704704628;08.01.2024;09:03:48;83.922;128.844;176.915;241.4;8.5;477.3;
1704705528;08.01.2024;09:18:48;83.926;128.866;176.931;241.4;8.5;477.3;
1704706429;08.01.2024;09:33:49;83.929;128.886;176.946;241.4;8.5;477.3;
1704707329;08.01.2024;09:48:49;83.932;128.907;176.961;241.4;8.5;477.3;
1704708229;08.01.2024;10:03:49;83.935;128.928;176.976;241.4;8.5;477.4;
1704709130;08.01.2024;10:18:50;83.938;128.948;176.992;241.4;8.5;477.4;
1704710030;08.01.2024;10:33:50;83.941;128.969;177.008;241.4;8.5;477.4;
1704710930;08.01.2024;10:48:50;83.945;128.99;177.024;241.4;8.5;477.4;
1704711830;08.01.2024;11:03:50;83.948;129.011;177.04;241.4;8.5;477.5;
1704712731;08.01.2024;11:18:51;83.951;129.031;177.054;241.4;8.5;477.5;
1704713631;08.01.2024;11:33:51;83.954;129.051;177.069;241.4;8.5;477.5;
1704714531;08.01.2024;11:48:51;83.957;129.071;177.085;241.4;8.5;477.5;
1704715432;08.01.2024;12:03:52;83.96;129.091;177.099;241.4;8.5;477.6;
1704716332;08.01.2024;12:18:52;83.963;129.111;177.112;241.4;8.5;477.6;
1704717232;08.01.2024;12:33:52;83.967;129.13;177.125;241.4;8.5;477.7;
1704718133;08.01.2024;12:48:53;83.97;129.15;177.14;241.4;8.5;477.7;
1704719033;08.01.2024;13:03:53;83.973;129.17;177.156;241.4;8.5;477.7;
1704719933;08.01.2024;13:18:53;83.977;129.19;177.171;241.4;8.5;477.8;
1704720834;08.01.2024;13:33:54;83.981;129.21;177.186;241.4;8.5;477.9;
1704721734;08.01.2024;13:48:54;83.984;129.231;177.202;241.4;8.5;477.9;
1704722634;08.01.2024;14:03:54;83.987;129.252;177.218;241.4;8.5;477.9;
1704723534;08.01.2024;14:18:54;83.991;129.274;177.235;241.4;8.5;478;
1704724435;08.01.2024;14:33:55;83.995;129.294;177.25;241.4;8.5;478;
1704725335;08.01.2024;14:48:55;83.999;129.313;177.264;241.4;8.5;478;
1704726235;08.01.2024;15:03:55;84.002;129.332;177.279;241.4;8.5;478.1;
1704727136;08.01.2024;15:18:56;84.005;129.353;177.295;241.4;8.5;478.1;
1704728036;08.01.2024;15:33:56;84.008;129.373;177.311;241.4;8.5;478.3;
1704728936;08.01.2024;15:48:56;84.011;129.393;177.325;241.4;8.5;478.3;
1704729837;08.01.2024;16:03:57;84.014;129.418;177.347;241.4;8.5;478.4;
1704730737;08.01.2024;16:18:57;84.018;129.44;177.366;241.4;8.5;478.4;
1704731637;08.01.2024;16:33:57;84.022;129.459;177.379;241.4;8.5;478.4;
1704732538;08.01.2024;16:48:58;84.026;129.479;177.394;241.4;8.5;478.4;
1704733438;08.01.2024;17:03:58;84.03;129.502;177.412;241.4;8.5;478.5;
1704734340;08.01.2024;17:19:00;84.034;129.524;177.43;241.4;8.5;478.5;
1704735240;08.01.2024;17:34:00;84.038;129.545;177.447;241.4;8.5;478.5;
1704736140;08.01.2024;17:49:00;84.041;129.568;177.465;241.4;8.5;478.5;
1704737041;08.01.2024;18:04:01;84.044;129.591;177.483;241.4;8.5;478.6;
1704737941;08.01.2024;18:19:01;84.047;129.614;177.5;241.4;8.5;478.6;
1704738841;08.01.2024;18:34:01;84.049;129.637;177.518;241.4;8.5;478.6;
1704739742;08.01.2024;18:49:02;84.049;129.658;177.537;241.4;8.5;478.6;
1704740642;08.01.2024;19:04:02;84.05;129.679;177.555;241.4;8.5;478.7;
1704741542;08.01.2024;19:19:02;84.052;129.701;177.569;241.4;8.5;478.7;
1704742442;08.01.2024;19:34:02;84.053;129.723;177.583;241.4;8.5;478.7;
1704743343;08.01.2024;19:49:03;84.054;129.745;177.595;241.4;8.5;478.7;
1704744243;08.01.2024;20:04:03;84.055;129.766;177.607;241.4;8.5;478.7;
1704745143;08.01.2024;20:19:03;84.056;129.79;177.618;241.4;8.5;478.7;
1704746044;08.01.2024;20:34:04;84.058;129.813;177.63;241.4;8.5;478.7;
1704746944;08.01.2024;20:49:04;84.059;129.833;177.647;241.4;8.5;478.7;
1704747844;08.01.2024;21:04:04;84.06;129.854;177.663;241.4;8.5;478.7;
1704748745;08.01.2024;21:19:05;84.061;129.875;177.678;241.4;8.5;478.7;
1704749645;08.01.2024;21:34:05;84.062;129.896;177.692;241.4;8.5;478.7;
1704750545;08.01.2024;21:49:05;84.063;129.916;177.704;241.4;8.5;478.7;
1704751446;08.01.2024;22:04:06;84.065;129.936;177.715;241.4;8.5;478.7;
1704752346;08.01.2024;22:19:06;84.067;129.957;177.727;241.4;8.5;478.7;
1704753246;08.01.2024;22:34:06;84.07;129.981;177.741;241.4;8.5;478.7;
1704754146;08.01.2024;22:49:06;84.072;130.005;177.755;241.4;8.5;478.7;
1704755047;08.01.2024;23:04:07;84.074;130.027;177.769;241.4;8.5;478.7;
1704755947;08.01.2024;23:19:07;84.076;130.048;177.781;241.4;8.5;478.7;
1704756847;08.01.2024;23:34:07;84.078;130.068;177.792;241.4;8.5;478.7;
1704757748;08.01.2024;23:49:08;84.08;130.089;177.803;241.4;8.5;478.7;
1704758648;09.01.2024;00:04:08;84.082;130.11;177.815;241.4;8.5;478.7;
1704759548;09.01.2024;00:19:08;84.083;130.13;177.827;241.4;8.5;478.7;
1704760449;09.01.2024;00:34:09;84.085;130.153;177.841;241.4;8.5;478.7;
1704761349;09.01.2024;00:49:09;84.087;130.18;177.854;241.4;8.5;478.7;
1704762249;09.01.2024;01:04:09;84.088;130.204;177.867;241.4;8.5;478.7;
1704763150;09.01.2024;01:19:10;84.09;130.225;177.88;241.4;8.5;478.7;
1704764050;09.01.2024;01:34:10;84.092;130.246;177.893;241.4;8.5;478.7;
1704764950;09.01.2024;01:49:10;84.094;130.266;177.905;241.4;8.5;478.7;
1704765850;09.01.2024;02:04:10;84.095;130.286;177.92;241.4;8.5;478.7;
1704766751;09.01.2024;02:19:11;84.097;130.307;177.935;241.4;8.5;478.7;
1704767651;09.01.2024;02:34:11;84.099;130.329;177.95;241.4;8.5;478.7;
1704768551;09.01.2024;02:49:11;84.1;130.352;177.964;241.4;8.5;478.7;
1704769452;09.01.2024;03:04:12;84.104;130.377;177.978;241.4;8.5;478.7;
1704770352;09.01.2024;03:19:12;84.113;130.395;178;241.4;8.5;478.7;
1704771252;09.01.2024;03:34:12;84.119;130.419;178.021;241.4;8.5;478.7;
1704772153;09.01.2024;03:49:13;84.124;130.443;178.042;241.4;8.5;478.7;
1704773053;09.01.2024;04:04:13;84.129;130.467;178.061;241.4;8.5;478.7;
1704773953;09.01.2024;04:19:13;84.134;130.492;178.082;241.4;8.5;478.7;
1704774853;09.01.2024;04:34:13;84.139;130.517;178.102;241.4;8.5;478.7;
1704775754;09.01.2024;04:49:14;84.145;130.542;178.122;241.4;8.5;478.7;
1704776654;09.01.2024;05:04:14;84.15;130.567;178.142;241.4;8.5;478.7;
1704777554;09.01.2024;05:19:14;84.155;130.592;178.162;241.4;8.5;478.7;
1704778455;09.01.2024;05:34:15;84.16;130.616;178.181;241.4;8.5;478.7;
1704779355;09.01.2024;05:49:15;84.164;130.64;178.2;241.4;8.5;478.7;
1704780255;09.01.2024;06:04:15;84.169;130.665;178.218;241.4;8.5;478.8;
1704781156;09.01.2024;06:19:16;84.173;130.688;178.234;241.4;8.5;478.8;
1704782056;09.01.2024;06:34:16;84.178;130.711;178.25;241.4;8.5;478.8;
1704782956;09.01.2024;06:49:16;84.182;130.735;178.267;241.4;8.5;478.8;
1704783856;09.01.2024;07:04:16;84.186;130.758;178.283;241.4;8.5;478.8;
1704784757;09.01.2024;07:19:17;84.19;130.781;178.299;241.4;8.5;478.8;
1704785657;09.01.2024;07:34:17;84.193;130.804;178.316;241.4;8.5;478.8;
1704786557;09.01.2024;07:49:17;84.197;130.827;178.335;241.4;8.5;478.8;
1704787458;09.01.2024;08:04:18;84.201;130.851;178.355;241.4;8.5;478.8;
1704788358;09.01.2024;08:19:18;84.205;130.875;178.375;241.4;8.5;478.9;
1704789258;09.01.2024;08:34:18;84.209;130.9;178.394;241.4;8.5;478.9;
1704790159;09.01.2024;08:49:19;84.214;130.926;178.413;241.4;8.5;478.9;
1704791059;09.01.2024;09:04:19;84.218;130.951;178.433;241.4;8.5;478.9;
1704791959;09.01.2024;09:19:19;84.222;130.975;178.451;241.4;8.5;478.9;
1704792859;09.01.2024;09:34:19;84.226;131;178.471;241.4;8.5;478.9;
1704793760;09.01.2024;09:49:20;84.231;131.025;178.49;241.4;8.5;478.9;
1704794660;09.01.2024;10:04:20;84.235;131.049;178.507;241.4;8.5;479;
1704795560;09.01.2024;10:19:20;84.239;131.074;178.526;241.4;8.5;479;
1704796461;09.01.2024;10:34:21;84.243;131.098;178.545;241.4;8.5;479.1;
1704797361;09.01.2024;10:49:21;84.247;131.123;178.563;241.4;8.5;479.1;
1704798261;09.01.2024;11:04:21;84.251;131.148;178.581;241.4;8.5;479.2;
1704799162;09.01.2024;11:19:22;84.256;131.174;178.6;241.4;8.5;479.2;
1704800062;09.01.2024;11:34:22;84.26;131.198;178.62;241.4;8.5;479.3;
1704800962;09.01.2024;11:49:22;84.264;131.223;178.636;241.4;8.5;479.4;
1704801863;09.01.2024;12:04:23;84.267;131.246;178.652;241.4;8.5;479.4;
1704802763;09.01.2024;12:19:23;84.271;131.271;178.671;241.4;8.5;479.4;
1704803663;09.01.2024;12:34:23;84.275;131.296;178.689;241.4;8.5;479.5;
1704804563;09.01.2024;12:49:23;84.279;131.32;178.705;241.4;8.5;479.5;
1704805464;09.01.2024;13:04:24;84.283;131.344;178.722;241.4;8.5;479.6;
1704806364;09.01.2024;13:19:24;84.287;131.367;178.739;241.4;8.5;479.7;
1704807264;09.01.2024;13:34:24;84.291;131.39;178.755;241.4;8.5;479.7;
1704808165;09.01.2024;13:49:25;84.295;131.414;178.771;241.4;8.5;479.8;
1704809065;09.01.2024;14:04:25;84.299;131.438;178.79;241.4;8.5;479.8;
1704809965;09.01.2024;14:19:25;84.302;131.462;178.807;241.4;8.5;479.9;
1704810866;09.01.2024;14:34:26;84.306;131.487;178.825;241.4;8.5;479.9;
1704811766;09.01.2024;14:49:26;84.31;131.511;178.842;241.4;8.5;479.9;
1704812666;09.01.2024;15:04:26;84.314;131.535;178.859;241.4;8.5;480;
1704813567;09.01.2024;15:19:27;84.318;131.56;178.877;241.4;8.5;480;
1704814467;09.01.2024;15:34:27;84.322;131.584;178.894;241.4;8.5;480;
1704815367;09.01.2024;15:49:27;84.325;131.609;178.912;241.4;8.5;480.1;
1704816267;09.01.2024;16:04:27;84.329;131.634;178.93;241.4;8.5;480.1;
1704817168;09.01.2024;16:19:28;84.333;131.659;178.948;241.4;8.5;480.2;
1704818068;09.01.2024;16:34:28;84.337;131.685;178.966;241.4;8.5;480.3;
1704818968;09.01.2024;16:49:28;84.34;131.71;178.985;241.4;8.5;480.3;
1704819869;09.01.2024;17:04:29;84.344;131.735;179.002;241.4;8.5;480.3;
1704820769;09.01.2024;17:19:29;84.349;131.76;179.019;241.4;8.5;480.3;
1704821669;09.01.2024;17:34:29;84.353;131.785;179.038;241.4;8.5;480.3;
1704822570;09.01.2024;17:49:30;84.357;131.81;179.056;241.4;8.5;480.4;
1704823470;09.01.2024;18:04:30;84.362;131.835;179.074;241.4;8.5;480.4;
1704824370;09.01.2024;18:19:30;84.366;131.861;179.094;241.4;8.5;480.4;
1704825270;09.01.2024;18:34:30;84.368;131.886;179.112;241.4;8.5;480.4;
1704826171;09.01.2024;18:49:31;84.37;131.909;179.133;241.4;8.5;480.4;
1704827071;09.01.2024;19:04:31;84.371;131.931;179.153;241.4;8.5;480.4;
1704827971;09.01.2024;19:19:31;84.372;131.953;179.171;241.4;8.5;480.4;
1704828872;09.01.2024;19:34:32;84.373;131.976;179.188;241.4;8.5;480.4;
1704829772;09.01.2024;19:49:32;84.374;131.998;179.205;241.4;8.5;480.5;
1704830672;09.01.2024;20:04:32;84.375;132.022;179.219;241.4;8.5;480.5;
1704831573;09.01.2024;20:19:33;84.376;132.049;179.233;241.4;8.5;480.5;
1704832473;09.01.2024;20:34:33;84.377;132.075;179.249;241.4;8.5;480.5;
1704833373;09.01.2024;20:49:33;84.378;132.097;179.269;241.4;8.5;480.5;
1704834273;09.01.2024;21:04:33;84.38;132.12;179.286;241.4;8.5;480.5;
1704835174;09.01.2024;21:19:34;84.381;132.141;179.304;241.4;8.5;480.5;
1704836074;09.01.2024;21:34:34;84.382;132.162;179.32;241.4;8.5;480.5;
1704836974;09.01.2024;21:49:34;84.385;132.184;179.335;241.4;8.5;480.5;
1704837875;09.01.2024;22:04:35;84.388;132.205;179.348;241.4;8.5;480.5;
1704838775;09.01.2024;22:19:35;84.39;132.23;179.362;241.4;8.5;480.5;
1704839675;09.01.2024;22:34:35;84.392;132.258;179.378;241.4;8.5;480.5;
1704840576;09.01.2024;22:49:36;84.393;132.285;179.394;241.4;8.5;480.5;
1704841476;09.01.2024;23:04:36;84.395;132.308;179.411;241.4;8.5;480.5;
1704842376;09.01.2024;23:19:36;84.397;132.331;179.428;241.4;8.5;480.5;
1704843276;09.01.2024;23:34:36;84.399;132.352;179.443;241.4;8.5;480.5;
1704844177;09.01.2024;23:49:37;84.401;132.373;179.458;241.4;8.5;480.5;
1704845077;10.01.2024;00:04:37;84.402;132.393;179.473;241.4;8.5;480.5;
1704845977;10.01.2024;00:19:37;84.404;132.415;179.488;241.4;8.5;480.5;
1704846878;10.01.2024;00:34:38;84.406;132.442;179.503;241.4;8.5;480.5;
1704847778;10.01.2024;00:49:38;84.407;132.47;179.52;241.4;8.5;480.5;
1704848678;10.01.2024;01:04:38;84.409;132.495;179.538;241.4;8.5;480.5;
1704849579;10.01.2024;01:19:39;84.411;132.517;179.556;241.4;8.5;480.5;
1704850479;10.01.2024;01:34:39;84.412;132.538;179.571;241.4;8.5;480.5;
1704851379;10.01.2024;01:49:39;84.413;132.559;179.587;241.4;8.5;480.5;
1704852279;10.01.2024;02:04:39;84.414;132.581;179.601;241.4;8.5;480.5;
1704853180;10.01.2024;02:19:40;84.415;132.603;179.614;241.4;8.5;480.5;
1704854080;10.01.2024;02:34:40;84.416;132.626;179.625;241.4;8.5;480.5;
1704854980;10.01.2024;02:49:40;84.417;132.653;179.636;241.4;8.5;480.5;
1704855881;10.01.2024;03:04:41;84.422;132.676;179.65;241.4;8.5;480.5;
1704856781;10.01.2024;03:19:41;84.431;132.694;179.671;241.4;8.5;480.5;
1704857681;10.01.2024;03:34:41;84.437;132.719;179.692;241.4;8.5;480.5;
1704858582;10.01.2024;03:49:42;84.442;132.745;179.713;241.4;8.5;480.5;
1704859482;10.01.2024;04:04:42;84.447;132.771;179.732;241.4;8.5;480.5;
1704860382;10.01.2024;04:19:42;84.452;132.797;179.752;241.4;8.5;480.5;
1704861282;10.01.2024;04:34:42;84.458;132.822;179.772;241.4;8.5;480.5;
1704862183;10.01.2024;04:49:43;84.462;132.848;179.791;241.4;8.5;480.5;
1704863083;10.01.2024;05:04:43;84.468;132.874;179.812;241.4;8.5;480.5;
1704863983;10.01.2024;05:19:43;84.473;132.899;179.831;241.4;8.5;480.5;
1704864884;10.01.2024;05:34:44;84.477;132.924;179.849;241.4;8.5;480.5;
1704865784;10.01.2024;05:49:44;84.482;132.948;179.868;241.4;8.5;480.5;
1704866684;10.01.2024;06:04:44;84.486;132.972;179.886;241.4;8.5;480.6;
1704867585;10.01.2024;06:19:45;84.491;132.997;179.905;241.4;8.5;480.6;
1704868485;10.01.2024;06:34:45;84.496;133.022;179.923;241.4;8.5;480.6;
1704869385;10.01.2024;06:49:45;84.5;133.046;179.942;241.4;8.5;480.6;
1704870286;10.01.2024;07:04:46;84.505;133.071;179.961;241.4;8.5;480.7;
1704871186;10.01.2024;07:19:46;84.509;133.096;179.979;241.4;8.5;480.7;
1704872086;10.01.2024;07:34:46;84.514;133.119;180;241.4;8.5;480.7;
1704872986;10.01.2024;07:49:46;84.518;133.143;180.02;241.4;8.5;480.7;
1704873887;10.01.2024;08:04:47;84.522;133.167;180.039;241.4;8.5;480.7;
1704874787;10.01.2024;08:19:47;84.526;133.191;180.057;241.4;8.5;480.7;
1704875687;10.01.2024;08:34:47;84.53;133.215;180.077;241.4;8.5;480.7;
1704876588;10.01.2024;08:49:48;84.534;133.239;180.095;241.4;8.5;480.7;
1704877488;10.01.2024;09:04:48;84.538;133.263;180.113;241.4;8.5;480.7;
1704878388;10.01.2024;09:19:48;84.543;133.288;180.131;241.4;8.5;480.7;
1704879289;10.01.2024;09:34:49;84.547;133.312;180.15;241.4;8.5;480.8;
1704880189;10.01.2024;09:49:49;84.551;133.337;180.168;241.4;8.5;480.8;
1704881089;10.01.2024;10:04:49;84.556;133.362;180.187;241.4;8.5;480.8;
1704881990;10.01.2024;10:19:50;84.56;133.386;180.206;241.4;8.5;480.8;
1704882890;10.01.2024;10:34:50;84.564;133.41;180.225;241.4;8.5;480.9;
1704883790;10.01.2024;10:49:50;84.568;133.434;180.243;241.4;8.5;481;
1704884691;10.01.2024;11:04:51;84.572;133.457;180.259;241.4;8.5;481;
1704885591;10.01.2024;11:19:51;84.576;133.482;180.277;241.4;8.5;481;
1704886491;10.01.2024;11:34:51;84.579;133.505;180.292;241.4;8.5;481.1;
1704887392;10.01.2024;11:49:52;84.583;133.529;180.307;241.4;8.5;481.1;
1704888292;10.01.2024;12:04:52;84.586;133.553;180.323;241.4;8.5;481.1;
1704889192;10.01.2024;12:19:52;84.59;133.577;180.338;241.4;8.5;481.2;
1704890092;10.01.2024;12:34:52;84.593;133.601;180.353;241.4;8.5;481.2;
1704890993;10.01.2024;12:49:53;84.597;133.626;180.368;241.4;8.5;481.3;
1704891893;10.01.2024;13:04:53;84.6;133.65;180.384;241.4;8.5;481.3;
1704892793;10.01.2024;13:19:53;84.603;133.673;180.401;241.4;8.5;481.4;
1704893694;10.01.2024;13:34:54;84.606;133.697;180.418;241.4;8.5;481.4;
1704894594;10.01.2024;13:49:54;84.608;133.721;180.434;241.4;8.5;481.5;
1704895494;10.01.2024;14:04:54;84.61;133.745;180.45;241.4;8.5;481.6;
1704896395;10.01.2024;14:19:55;84.611;133.768;180.466;241.4;8.5;481.6;
1704897295;10.01.2024;14:34:55;84.613;133.79;180.484;241.4;8.5;481.7;
1704898195;10.01.2024;14:49:55;84.617;133.812;180.5;241.4;8.5;481.7;
1704899095;10.01.2024;15:04:55;84.62;133.835;180.517;241.4;8.5;481.7;
1704899996;10.01.2024;15:19:56;84.623;133.857;180.534;241.4;8.5;481.8;
1704900896;10.01.2024;15:34:56;84.625;133.879;180.548;241.4;8.5;481.9;
1704901796;10.01.2024;15:49:56;84.628;133.9;180.563;241.4;8.5;482;
1704902697;10.01.2024;16:04:57;84.63;133.921;180.579;241.4;8.5;482.1;
1704903597;10.01.2024;16:19:57;84.634;133.943;180.598;241.4;8.5;482.1;
1704904497;10.01.2024;16:34:57;84.638;133.965;180.615;241.4;8.5;482.2;
1704905398;10.01.2024;16:49:58;84.643;133.987;180.63;241.4;8.5;482.3;
1704906298;10.01.2024;17:04:58;84.649;134.009;180.644;241.4;8.5;482.3;
1704907198;10.01.2024;17:19:58;84.653;134.032;180.66;241.4;8.5;482.4;
1704908099;10.01.2024;17:34:59;84.658;134.054;180.676;241.4;8.5;482.4;
1704908999;10.01.2024;17:49:59;84.662;134.076;180.694;241.4;8.5;482.5;
1704909899;10.01.2024;18:04:59;84.666;134.099;180.711;241.4;8.5;482.5;
1704910799;10.01.2024;18:19:59;84.671;134.122;180.729;241.4;8.5;482.5;
1704911700;10.01.2024;18:35:00;84.673;134.146;180.748;241.4;8.5;482.5;
1704912600;10.01.2024;18:50:00;84.673;134.168;180.766;241.4;8.5;482.5;
1704913500;10.01.2024;19:05:00;84.674;134.188;180.782;241.4;8.5;482.5;
1704914401;10.01.2024;19:20:01;84.675;134.207;180.792;241.4;8.5;482.6;
1704915301;10.01.2024;19:35:01;84.676;134.227;180.803;241.4;8.5;482.6;
1704916201;10.01.2024;19:50:01;84.677;134.248;180.814;241.4;8.5;482.6;
1704917102;10.01.2024;20:05:02;84.678;134.268;180.825;241.4;8.5;482.6;
1704918002;10.01.2024;20:20:02;84.679;134.289;180.837;241.4;8.5;482.6;
1704918902;10.01.2024;20:35:02;84.681;134.308;180.851;241.4;8.5;482.6;
1704919802;10.01.2024;20:50:02;84.682;134.329;180.862;241.4;8.5;482.6;
1704920703;10.01.2024;21:05:03;84.684;134.35;180.872;241.4;8.5;482.6;
1704921603;10.01.2024;21:20:03;84.686;134.373;180.882;241.4;8.5;482.6;
1704922503;10.01.2024;21:35:03;84.687;134.393;180.892;241.4;8.5;482.6;
1704923404;10.01.2024;21:50:04;84.689;134.412;180.902;241.4;8.5;482.6;
1704924304;10.01.2024;22:05:04;84.69;134.432;180.912;241.4;8.5;482.6;
1704925204;10.01.2024;22:20:04;84.692;134.451;180.924;241.4;8.5;482.6;
1704926105;10.01.2024;22:35:05;84.695;134.472;180.936;241.4;8.5;482.6;
1704927005;10.01.2024;22:50:05;84.698;134.491;180.948;241.4;8.5;482.6;
1704927905;10.01.2024;23:05:05;84.7;134.512;180.959;241.4;8.5;482.6;
1704928805;10.01.2024;23:20:05;84.702;134.537;180.97;241.4;8.5;482.6;
1704929706;10.01.2024;23:35:06;84.704;134.56;180.983;241.4;8.5;482.6;
1704930606;10.01.2024;23:50:06;84.706;134.58;180.999;241.4;8.5;482.6;
1704931506;11.01.2024;00:05:06;84.708;134.601;181.015;241.4;8.5;482.6;
1704932407;11.01.2024;00:20:07;84.71;134.622;181.029;241.4;8.5;482.6;
1704933307;11.01.2024;00:35:07;84.712;134.642;181.044;241.4;8.5;482.6;
1704934207;11.01.2024;00:50:07;84.713;134.663;181.057;241.4;8.5;482.6;
1704935108;11.01.2024;01:05:08;84.714;134.683;181.072;241.4;8.5;482.6;
1704936008;11.01.2024;01:20:08;84.715;134.705;181.086;241.4;8.5;482.6;
1704936908;11.01.2024;01:35:08;84.716;134.73;181.101;241.4;8.5;482.6;
1704937808;11.01.2024;01:50:08;84.717;134.754;181.116;241.4;8.5;482.6;
1704938709;11.01.2024;02:05:09;84.719;134.776;181.132;241.4;8.5;482.6;
1704939609;11.01.2024;02:20:09;84.72;134.797;181.145;241.4;8.5;482.6;
1704940509;11.01.2024;02:35:09;84.721;134.818;181.158;241.4;8.5;482.6;
1704941410;11.01.2024;02:50:10;84.724;134.839;181.17;241.4;8.5;482.6;
1704942310;11.01.2024;03:05:10;84.731;134.858;181.18;241.4;8.5;482.6;
1704943210;11.01.2024;03:20:10;84.739;134.877;181.204;241.4;8.5;482.6;
1704944111;11.01.2024;03:35:11;84.745;134.901;181.225;241.4;8.5;482.6;
1704945011;11.01.2024;03:50:11;84.75;134.927;181.245;241.4;8.5;482.6;
1704945911;11.01.2024;04:05:11;84.754;134.952;181.264;241.4;8.5;482.6;
1704946811;11.01.2024;04:20:11;84.759;134.977;181.284;241.4;8.5;482.6;
1704947712;11.01.2024;04:35:12;84.764;135.002;181.303;241.4;8.5;482.6;
1704948612;11.01.2024;04:50:12;84.769;135.027;181.322;241.4;8.5;482.6;
1704949512;11.01.2024;05:05:12;84.773;135.051;181.34;241.4;8.5;482.6;
1704950413;11.01.2024;05:20:13;84.777;135.075;181.358;241.4;8.5;482.6;
1704951313;11.01.2024;05:35:13;84.782;135.1;181.376;241.4;8.5;482.6;
1704952213;11.01.2024;05:50:13;84.787;135.126;181.396;241.4;8.5;482.7;
1704953114;11.01.2024;06:05:14;84.791;135.15;181.414;241.4;8.5;482.7;
1704954014;11.01.2024;06:20:14;84.795;135.174;181.431;241.4;8.5;482.7;
1704954914;11.01.2024;06:35:14;84.799;135.198;181.448;241.4;8.5;482.8;
1704955815;11.01.2024;06:50:15;84.803;135.222;181.465;241.4;8.5;482.8;
1704956715;11.01.2024;07:05:15;84.807;135.245;181.482;241.4;8.5;482.8;
1704957615;11.01.2024;07:20:15;84.811;135.27;181.5;241.4;8.5;482.8;
1704958515;11.01.2024;07:35:15;84.815;135.293;181.52;241.4;8.5;482.8;
1704959416;11.01.2024;07:50:16;84.819;135.316;181.54;241.4;8.5;482.8;
1704960316;11.01.2024;08:05:16;84.823;135.34;181.56;241.4;8.5;482.8;
1704961216;11.01.2024;08:20:16;84.827;135.364;181.578;241.4;8.5;482.8;
1704962117;11.01.2024;08:35:17;84.831;135.389;181.597;241.4;8.5;482.8;
1704963017;11.01.2024;08:50:17;84.835;135.413;181.616;241.4;8.5;482.9;
1704963917;11.01.2024;09:05:17;84.839;135.438;181.635;241.4;8.5;482.9;
1704964818;11.01.2024;09:20:18;84.843;135.461;181.652;241.4;8.5;482.9;
1704965718;11.01.2024;09:35:18;84.847;135.484;181.669;241.4;8.5;482.9;
1704966618;11.01.2024;09:50:18;84.851;135.507;181.684;241.4;8.5;483;
1704967518;11.01.2024;10:05:18;84.855;135.53;181.7;241.4;8.5;483;
1704968419;11.01.2024;10:20:19;84.858;135.554;181.717;241.4;8.5;483;
1704969319;11.01.2024;10:35:19;84.862;135.578;181.733;241.4;8.5;483.1;
1704970219;11.01.2024;10:50:19;84.866;135.601;181.749;241.4;8.5;483.1;
1704971120;11.01.2024;11:05:20;84.869;135.624;181.764;241.4;8.5;483.2;
1704972020;11.01.2024;11:20:20;84.873;135.647;181.779;241.4;8.5;483.2;
1704972920;11.01.2024;11:35:20;84.876;135.671;181.795;241.4;8.5;483.3;
1704973821;11.01.2024;11:50:21;84.88;135.695;181.811;241.4;8.5;483.3;
1704974721;11.01.2024;12:05:21;84.882;135.718;181.828;241.4;8.5;483.3;
1704975621;11.01.2024;12:20:21;84.885;135.741;181.844;241.4;8.5;483.3;
1704976522;11.01.2024;12:35:22;84.887;135.763;181.86;241.4;8.5;483.3;
1704977422;11.01.2024;12:50:22;84.889;135.785;181.876;241.4;8.5;483.4;
1704978322;11.01.2024;13:05:22;84.892;135.808;181.892;241.4;8.5;483.4;
1704979223;11.01.2024;13:20:23;84.894;135.83;181.908;241.4;8.5;483.6;
1704980123;11.01.2024;13:35:23;84.896;135.852;181.924;241.4;8.5;483.6;
1704981023;11.01.2024;13:50:23;84.898;135.875;181.941;241.4;8.5;483.7;
1704981923;11.01.2024;14:05:23;84.9;135.898;181.957;241.4;8.5;483.7;
1704982824;11.01.2024;14:20:24;84.903;135.92;181.972;241.4;8.5;483.7;
1704983724;11.01.2024;14:35:24;84.906;135.943;181.987;241.4;8.5;483.8;
1704984624;11.01.2024;14:50:24;84.909;135.965;182.001;241.4;8.5;483.8;
1704985525;11.01.2024;15:05:25;84.911;135.987;182.015;241.4;8.5;483.9;
1704986425;11.01.2024;15:20:25;84.912;136.006;182.029;241.4;8.5;483.9;
1704987325;11.01.2024;15:35:25;84.914;136.027;182.043;241.4;8.5;483.9;
1704988226;11.01.2024;15:50:26;84.917;136.049;182.056;241.4;8.5;484;
1704989126;11.01.2024;16:05:26;84.921;136.072;182.07;241.4;8.5;484;
1704990026;11.01.2024;16:20:26;84.924;136.095;182.086;241.4;8.5;484;
1704990927;11.01.2024;16:35:27;84.928;136.118;182.1;241.4;8.5;484;
1704991827;11.01.2024;16:50:27;84.933;136.137;182.111;241.4;8.5;484.1;
1704992727;11.01.2024;17:05:27;84.936;136.157;182.124;241.4;8.5;484.1;
1704993627;11.01.2024;17:20:27;84.94;136.18;182.141;241.4;8.5;484.1;
1704994528;11.01.2024;17:35:28;84.944;136.205;182.158;241.4;8.5;484.1;
1704995428;11.01.2024;17:50:28;84.948;136.227;182.175;241.4;8.5;484.1;
1704996328;11.01.2024;18:05:28;84.952;136.249;182.19;241.4;8.5;484.1;
1704997229;11.01.2024;18:20:29;84.957;136.271;182.204;241.4;8.5;484.1;
1704998129;11.01.2024;18:35:29;84.959;136.293;182.219;241.4;8.5;484.1;
1704999029;11.01.2024;18:50:29;84.961;136.314;182.234;241.4;8.5;484.2;
1704999930;11.01.2024;19:05:30;84.963;136.333;182.247;241.4;8.5;484.2;
1705000830;11.01.2024;19:20:30;84.965;136.352;182.256;241.4;8.5;484.2;
1705001730;11.01.2024;19:35:30;84.966;136.373;182.265;241.4;8.5;484.2;
1705002631;11.01.2024;19:50:31;84.968;136.394;182.274;241.4;8.5;484.2;
1705003531;11.01.2024;20:05:31;84.97;136.414;182.284;241.4;8.5;484.2;
1705004431;11.01.2024;20:20:31;84.972;136.435;182.293;241.4;8.5;484.2;
1705005331;11.01.2024;20:35:31;84.973;136.455;182.304;241.4;8.5;484.2;
1705006232;11.01.2024;20:50:32;84.976;136.475;182.315;241.4;8.5;484.2;
1705007132;11.01.2024;21:05:32;84.978;136.494;182.327;241.4;8.5;484.2;
1705008032;11.01.2024;21:20:32;84.979;136.513;182.34;241.4;8.5;484.2;
1705008933;11.01.2024;21:35:33;84.981;136.533;182.352;241.4;8.5;484.2;
1705009833;11.01.2024;21:50:33;84.983;136.553;182.363;241.4;8.5;484.2;
1705010733;11.01.2024;22:05:33;84.984;136.577;182.373;241.4;8.5;484.2;
1705011634;11.01.2024;22:20:34;84.986;136.599;182.384;241.4;8.5;484.2;
1705012534;11.01.2024;22:35:34;84.988;136.619;182.395;241.4;8.5;484.2;
1705013434;11.01.2024;22:50:34;84.991;136.64;182.405;241.4;8.5;484.2;
1705014334;11.01.2024;23:05:34;84.992;136.66;182.416;241.4;8.5;484.2;
1705015235;11.01.2024;23:20:35;84.994;136.68;182.429;241.4;8.5;484.2;
1705016135;11.01.2024;23:35:35;84.995;136.7;182.441;241.4;8.5;484.2;
1705017035;11.01.2024;23:50:35;84.997;136.721;182.452;241.4;8.5;484.2;
1705017936;12.01.2024;00:05:36;85;136.743;182.463;241.4;8.5;484.2;
1705018836;12.01.2024;00:20:36;85.002;136.769;182.475;241.4;8.5;484.2;
1705019736;12.01.2024;00:35:36;85.004;136.791;182.487;241.4;8.5;484.2;
1705020637;12.01.2024;00:50:37;85.006;136.811;182.498;241.4;8.5;484.2;
1705021537;12.01.2024;01:05:37;85.007;136.832;182.512;241.4;8.5;484.2;
1705022437;12.01.2024;01:20:37;85.009;136.853;182.526;241.4;8.5;484.2;
1705023338;12.01.2024;01:35:38;85.011;136.873;182.539;241.4;8.5;484.2;
1705024238;12.01.2024;01:50:38;85.014;136.895;182.553;241.4;8.5;484.2;
1705025138;12.01.2024;02:05:38;85.016;136.917;182.566;241.4;8.5;484.2;
1705026038;12.01.2024;02:20:38;85.018;136.941;182.578;241.4;8.5;484.2;
1705026939;12.01.2024;02:35:39;85.019;136.967;182.593;241.4;8.5;484.2;
1705027839;12.01.2024;02:50:39;85.021;136.989;182.608;241.4;8.5;484.2;
1705028739;12.01.2024;03:05:39;85.027;137.01;182.623;241.4;8.5;484.2;
1705029640;12.01.2024;03:20:40;85.036;137.032;182.649;241.4;8.5;484.2;
1705030540;12.01.2024;03:35:40;85.042;137.059;182.674;241.4;8.5;484.2;
1705031440;12.01.2024;03:50:40;85.048;137.087;182.697;241.4;8.5;484.2;
1705032341;12.01.2024;04:05:41;85.053;137.113;182.718;241.4;8.5;484.2;
1705033241;12.01.2024;04:20:41;85.059;137.139;182.739;241.4;8.5;484.2;
1705034141;12.01.2024;04:35:41;85.064;137.165;182.758;241.4;8.5;484.2;
1705035041;12.01.2024;04:50:41;85.069;137.191;182.778;241.4;8.5;484.2;
1705035942;12.01.2024;05:05:42;85.074;137.216;182.798;241.4;8.5;484.2;
1705036842;12.01.2024;05:20:42;85.079;137.242;182.819;241.4;8.5;484.2;
1705037742;12.01.2024;05:35:42;85.084;137.268;182.84;241.4;8.5;484.2;
1705038643;12.01.2024;05:50:43;85.089;137.294;182.861;241.4;8.5;484.2;
1705039543;12.01.2024;06:05:43;85.094;137.321;182.882;241.4;8.5;484.3;
1705040443;12.01.2024;06:20:43;85.099;137.346;182.903;241.4;8.5;484.3;
1705041344;12.01.2024;06:35:44;85.104;137.372;182.924;241.4;8.5;484.3;
1705042244;12.01.2024;06:50:44;85.109;137.399;182.945;241.4;8.5;484.4;
1705043144;12.01.2024;07:05:44;85.114;137.425;182.967;241.4;8.5;484.4;
1705044045;12.01.2024;07:20:45;85.119;137.451;182.989;241.4;8.5;484.4;
1705044945;12.01.2024;07:35:45;85.124;137.477;183.012;241.4;8.5;484.4;
1705045845;12.01.2024;07:50:45;85.129;137.503;183.034;241.4;8.5;484.4;
1705046745;12.01.2024;08:05:45;85.134;137.53;183.056;241.4;8.5;484.4;
1705047646;12.01.2024;08:20:46;85.139;137.557;183.076;241.4;8.5;484.5;
1705048546;12.01.2024;08:35:46;85.145;137.583;183.097;241.4;8.5;484.5;
1705049446;12.01.2024;08:50:46;85.15;137.61;183.117;241.4;8.5;484.5;
1705050347;12.01.2024;09:05:47;85.155;137.636;183.136;241.4;8.5;484.5;
1705051247;12.01.2024;09:20:47;85.16;137.661;183.153;241.4;8.5;484.5;
1705052147;12.01.2024;09:35:47;85.165;137.688;183.173;241.4;8.5;484.6;
1705053048;12.01.2024;09:50:48;85.17;137.715;183.191;241.4;8.5;484.6;
1705053948;12.01.2024;10:05:48;85.175;137.741;183.208;241.4;8.5;484.6;
1705054848;12.01.2024;10:20:48;85.179;137.766;183.223;241.4;8.5;484.7;
1705055748;12.01.2024;10:35:48;85.182;137.789;183.235;241.4;8.5;484.7;
1705056649;12.01.2024;10:50:49;85.185;137.811;183.245;241.4;8.5;484.8;
1705057549;12.01.2024;11:05:49;85.188;137.833;183.257;241.4;8.5;484.8;
1705058449;12.01.2024;11:20:49;85.191;137.857;183.273;241.4;8.5;484.9;
1705059350;12.01.2024;11:35:50;85.194;137.878;183.285;241.4;8.5;485;
1705060250;12.01.2024;11:50:50;85.196;137.898;183.295;241.4;8.5;485;
1705061150;12.01.2024;12:05:50;85.197;137.919;183.306;241.4;8.5;485.1;
1705062051;12.01.2024;12:20:51;85.199;137.939;183.316;241.4;8.5;485.1;
1705062951;12.01.2024;12:35:51;85.2;137.957;183.325;241.4;8.5;485.2;
1705063851;12.01.2024;12:50:51;85.201;137.975;183.336;241.4;8.5;485.2;
1705064752;12.01.2024;13:05:52;85.203;137.995;183.349;241.4;8.5;485.3;
1705065652;12.01.2024;13:20:52;85.204;138.013;183.359;241.4;8.5;485.3;
1705066552;12.01.2024;13:35:52;85.206;138.03;183.367;241.4;8.5;485.4;
1705067452;12.01.2024;13:50:52;85.207;138.047;183.376;241.4;8.5;485.4;
1705068353;12.01.2024;14:05:53;85.208;138.065;183.386;241.4;8.5;485.5;
1705069253;12.01.2024;14:20:53;85.21;138.084;183.398;241.4;8.5;485.7;
1705070153;12.01.2024;14:35:53;85.213;138.105;183.411;241.4;8.5;485.9;
1705071054;12.01.2024;14:50:54;85.217;138.125;183.421;241.4;8.5;486;
1705071954;12.01.2024;15:05:54;85.221;138.145;183.434;241.4;8.5;486;
1705072854;12.01.2024;15:20:54;85.224;138.166;183.446;241.4;8.5;486.1;
1705073755;12.01.2024;15:35:55;85.228;138.186;183.459;241.4;8.5;486.2;
1705074655;12.01.2024;15:50:55;85.231;138.207;183.472;241.4;8.5;486.2;
1705075555;12.01.2024;16:05:55;85.234;138.228;183.485;241.4;8.5;486.2;
1705076456;12.01.2024;16:20:56;85.237;138.25;183.498;241.4;8.5;486.3;
1705077356;12.01.2024;16:35:56;85.24;138.272;183.511;241.4;8.5;486.3;
1705078256;12.01.2024;16:50:56;85.244;138.294;183.524;241.4;8.5;486.3;
1705079156;12.01.2024;17:05:56;85.249;138.316;183.538;241.4;8.5;486.4;
1705080057;12.01.2024;17:20:57;85.254;138.338;183.549;241.4;8.5;486.4;
1705080957;12.01.2024;17:35:57;85.258;138.361;183.563;241.4;8.5;486.5;
1705081857;12.01.2024;17:50:57;85.262;138.385;183.578;241.4;8.5;486.5;
1705082758;12.01.2024;18:05:58;85.266;138.408;183.593;241.4;8.5;486.5;
1705083658;12.01.2024;18:20:58;85.27;138.43;183.606;241.4;8.5;486.5;
1705084558;12.01.2024;18:35:58;85.272;138.453;183.621;241.4;8.5;486.5;
1705085459;12.01.2024;18:50:59;85.274;138.474;183.636;241.4;8.5;486.5;
1705086359;12.01.2024;19:05:59;85.276;138.496;183.647;241.4;8.5;486.5;
1705087259;12.01.2024;19:20:59;85.278;138.518;183.655;241.4;8.5;486.5;
1705088160;12.01.2024;19:36:00;85.28;138.541;183.663;241.4;8.5;486.5;
1705089060;12.01.2024;19:51:00;85.282;138.562;183.67;241.4;8.5;486.5;
1705089960;12.01.2024;20:06:00;85.283;138.584;183.676;241.4;8.5;486.5;
1705090860;12.01.2024;20:21:00;85.285;138.604;183.683;241.4;8.5;486.5;
1705091761;12.01.2024;20:36:01;85.286;138.625;183.69;241.4;8.5;486.5;
1705092661;12.01.2024;20:51:01;85.286;138.647;183.703;241.4;8.5;486.6;
1705093561;12.01.2024;21:06:01;85.288;138.669;183.713;241.4;8.5;486.6;
1705094462;12.01.2024;21:21:02;85.29;138.69;183.723;241.4;8.5;486.6;
1705095362;12.01.2024;21:36:02;85.291;138.71;183.738;241.4;8.5;486.6;
1705096262;12.01.2024;21:51:02;85.292;138.732;183.753;241.4;8.5;486.6;
1705097163;12.01.2024;22:06:03;85.294;138.754;183.767;241.4;8.5;486.6;
1705098063;12.01.2024;22:21:03;85.297;138.775;183.779;241.4;8.5;486.6;
1705098963;12.01.2024;22:36:03;85.299;138.797;183.79;241.4;8.5;486.6;
1705099864;12.01.2024;22:51:04;85.3;138.819;183.8;241.4;8.5;486.6;
1705100764;12.01.2024;23:06:04;85.301;138.844;183.81;241.4;8.5;486.6;
1705101664;12.01.2024;23:21:04;85.303;138.865;183.822;241.4;8.5;486.6;
1705102564;12.01.2024;23:36:04;85.304;138.887;183.834;241.4;8.5;486.6;
1705103465;12.01.2024;23:51:05;85.306;138.908;183.847;241.4;8.5;486.6;
1705104365;13.01.2024;00:06:05;85.307;138.929;183.86;241.4;8.5;486.6;
1705105265;13.01.2024;00:21:05;85.31;138.95;183.872;241.4;8.5;486.6;
1705106166;13.01.2024;00:36:06;85.312;138.972;183.884;241.4;8.5;486.6;
1705107066;13.01.2024;00:51:06;85.314;138.993;183.895;241.4;8.5;486.6;
1705107966;13.01.2024;01:06:06;85.316;139.017;183.906;241.4;8.5;486.6;
1705108866;13.01.2024;01:21:06;85.318;139.043;183.917;241.4;8.5;486.6;
1705109767;13.01.2024;01:36:07;85.32;139.063;183.93;241.4;8.5;486.6;
1705110667;13.01.2024;01:51:07;85.321;139.085;183.943;241.4;8.5;486.6;
1705111567;13.01.2024;02:06:07;85.323;139.107;183.955;241.4;8.5;486.6;
1705112468;13.01.2024;02:21:08;85.324;139.129;183.967;241.4;8.5;486.6;
1705113368;13.01.2024;02:36:08;85.326;139.15;183.979;241.4;8.5;486.6;
1705114268;13.01.2024;02:51:08;85.327;139.171;183.992;241.4;8.5;486.6;
1705115169;13.01.2024;03:06:09;85.329;139.193;184.005;241.4;8.5;486.6;
1705116069;13.01.2024;03:21:09;85.331;139.218;184.018;241.4;8.5;486.6;
1705116969;13.01.2024;03:36:09;85.333;139.242;184.031;241.4;8.5;486.6;
1705117869;13.01.2024;03:51:09;85.334;139.264;184.046;241.5;8.5;486.6;
1705118770;13.01.2024;04:06:10;85.337;139.285;184.059;241.5;8.5;486.6;
1705119670;13.01.2024;04:21:10;85.341;139.309;184.072;241.6;8.5;486.6;
1705120570;13.01.2024;04:36:10;85.344;139.33;184.085;241.6;8.5;486.6;
1705121471;13.01.2024;04:51:11;85.347;139.352;184.098;241.6;8.5;486.6;
1705122371;13.01.2024;05:06:11;85.349;139.374;184.112;241.6;8.5;486.6;
1705123271;13.01.2024;05:21:11;85.35;139.397;184.127;241.6;8.5;486.6;
1705124172;13.01.2024;05:36:12;85.351;139.423;184.14;241.6;8.5;486.6;
1705125072;13.01.2024;05:51:12;85.352;139.447;184.154;241.6;8.5;486.6;
1705125972;13.01.2024;06:06:12;85.354;139.469;184.168;241.6;8.5;486.6;
1705126872;13.01.2024;06:21:12;85.356;139.491;184.182;241.6;8.5;486.6;
1705127773;13.01.2024;06:36:13;85.358;139.512;184.195;241.6;8.5;486.6;
1705128673;13.01.2024;06:51:13;85.36;139.533;184.208;241.6;8.5;486.6;
1705129573;13.01.2024;07:06:13;85.364;139.554;184.221;241.6;8.5;486.6;
1705130474;13.01.2024;07:21:14;85.368;139.574;184.235;241.6;8.5;486.6;
1705131374;13.01.2024;07:36:14;85.37;139.597;184.248;241.6;8.5;486.6;
1705132274;13.01.2024;07:51:14;85.371;139.623;184.26;241.6;8.5;486.6;
1705133175;13.01.2024;08:06:15;85.373;139.648;184.271;241.6;8.5;486.6;
1705134075;13.01.2024;08:21:15;85.375;139.671;184.285;241.6;8.5;486.6;
1705134975;13.01.2024;08:36:15;85.378;139.694;184.299;241.6;8.5;486.6;
1705135875;13.01.2024;08:51:15;85.38;139.716;184.313;241.6;8.5;486.6;
1705136776;13.01.2024;09:06:16;85.382;139.737;184.327;241.6;8.5;486.6;
1705137676;13.01.2024;09:21:16;85.385;139.758;184.343;241.6;8.5;486.6;
1705138576;13.01.2024;09:36:16;85.388;139.78;184.357;241.6;8.5;486.6;
1705139477;13.01.2024;09:51:17;85.391;139.806;184.371;241.6;8.5;486.6;
1705140377;13.01.2024;10:06:17;85.393;139.832;184.384;241.6;8.5;486.6;
1705141277;13.01.2024;10:21:17;85.395;139.858;184.397;241.6;8.5;486.6;
1705142178;13.01.2024;10:36:18;85.397;139.879;184.412;241.6;8.5;486.6;
1705143078;13.01.2024;10:51:18;85.399;139.901;184.427;241.6;8.5;486.6;
1705143978;13.01.2024;11:06:18;85.401;139.922;184.44;241.6;8.5;486.6;
1705144879;13.01.2024;11:21:19;85.403;139.943;184.453;241.6;8.5;486.6;
1705145779;13.01.2024;11:36:19;85.406;139.963;184.467;241.6;8.5;486.6;
1705146679;13.01.2024;11:51:19;85.41;139.985;184.481;241.6;8.5;486.6;
1705147579;13.01.2024;12:06:19;85.413;140.011;184.492;241.6;8.5;486.6;
1705148480;13.01.2024;12:21:20;85.416;140.038;184.505;241.6;8.5;486.6;
1705149380;13.01.2024;12:36:20;85.417;140.062;184.52;241.6;8.5;486.6;
1705150280;13.01.2024;12:51:20;85.419;140.085;184.536;241.6;8.5;486.6;
1705151181;13.01.2024;13:06:21;85.421;140.108;184.551;241.6;8.5;486.6;
1705152081;13.01.2024;13:21:21;85.422;140.13;184.565;241.6;8.5;486.6;
1705152981;13.01.2024;13:36:21;85.425;140.15;184.579;241.6;8.5;486.6;
1705153882;13.01.2024;13:51:22;85.427;140.172;184.594;241.6;8.5;486.6;
1705154782;13.01.2024;14:06:22;85.43;140.197;184.607;241.6;8.5;486.6;
1705155682;13.01.2024;14:21:22;85.434;140.223;184.618;241.6;8.5;486.6;
1705156583;13.01.2024;14:36:23;85.437;140.249;184.631;241.6;8.5;486.6;
1705157483;13.01.2024;14:51:23;85.44;140.272;184.645;241.6;8.5;486.6;
1705158383;13.01.2024;15:06:23;85.442;140.294;184.661;241.6;8.5;486.6;
1705159283;13.01.2024;15:21:23;85.444;140.315;184.675;241.6;8.5;486.6;
1705160184;13.01.2024;15:36:24;85.446;140.336;184.69;241.6;8.5;486.6;
1705161084;13.01.2024;15:51:24;85.448;140.358;184.706;241.6;8.5;486.6;
1705161984;13.01.2024;16:06:24;85.45;140.38;184.721;241.6;8.5;486.6;
1705162885;13.01.2024;16:21:25;85.453;140.406;184.733;241.6;8.5;486.6;
1705163785;13.01.2024;16:36:25;85.458;140.433;184.745;241.6;8.5;486.6;
1705164685;13.01.2024;16:51:25;85.461;140.46;184.76;241.6;8.5;486.6;
1705165586;13.01.2024;17:06:26;85.463;140.482;184.777;241.6;8.5;486.6;
1705166486;13.01.2024;17:21:26;85.465;140.502;184.788;241.6;8.5;486.6;
1705167386;13.01.2024;17:36:26;85.468;140.521;184.8;241.6;8.5;486.6;
1705168287;13.01.2024;17:51:27;85.47;140.542;184.813;241.6;8.5;486.6;
1705169187;13.01.2024;18:06:27;85.473;140.563;184.828;241.6;8.5;486.6;
1705170087;13.01.2024;18:21:27;85.476;140.587;184.843;241.6;8.5;486.6;
1705170987;13.01.2024;18:36:27;85.48;140.613;184.856;241.6;8.5;486.6;
1705171888;13.01.2024;18:51:28;85.483;140.638;184.87;241.6;8.5;486.6;
1705172788;13.01.2024;19:06:28;85.486;140.662;184.884;241.6;8.5;486.6;
1705173688;13.01.2024;19:21:28;85.488;140.685;184.901;241.6;8.5;486.6;
1705174589;13.01.2024;19:36:29;85.49;140.708;184.918;241.6;8.5;486.6;
1705175489;13.01.2024;19:51:29;85.492;140.73;184.934;241.6;8.5;486.6;
1705176389;13.01.2024;20:06:29;85.495;140.751;184.95;241.6;8.5;486.6;
1705177289;13.01.2024;20:21:29;85.499;140.773;184.965;241.6;8.5;486.6;
1705178190;13.01.2024;20:36:30;85.503;140.798;184.978;241.6;8.5;486.6;
1705179090;13.01.2024;20:51:30;85.507;140.824;184.99;241.6;8.5;486.6;
1705179990;13.01.2024;21:06:30;85.511;140.851;185.004;241.6;8.5;486.6;
1705180891;13.01.2024;21:21:31;85.513;140.873;185.019;241.6;8.5;486.6;
1705181791;13.01.2024;21:36:31;85.515;140.896;185.036;241.6;8.5;486.6;
1705182691;13.01.2024;21:51:31;85.517;140.919;185.053;241.6;8.5;486.6;
1705183592;13.01.2024;22:06:32;85.519;140.941;185.068;241.6;8.5;486.6;
1705184492;13.01.2024;22:21:32;85.522;140.963;185.082;241.6;8.5;486.6;
1705185392;13.01.2024;22:36:32;85.527;140.985;185.097;241.6;8.5;486.6;
1705186293;13.01.2024;22:51:33;85.532;141.012;185.112;241.6;8.5;486.6;
1705187193;13.01.2024;23:06:33;85.535;141.039;185.126;241.6;8.5;486.6;
1705188093;13.01.2024;23:21:33;85.538;141.064;185.141;241.6;8.5;486.6;
1705188993;13.01.2024;23:36:33;85.541;141.086;185.158;241.6;8.5;486.6;
1705189894;13.01.2024;23:51:34;85.544;141.109;185.174;241.6;8.5;486.6;
1705190794;14.01.2024;00:06:34;85.546;141.131;185.189;241.6;8.5;486.6;
1705191694;14.01.2024;00:21:34;85.549;141.153;185.205;241.6;8.5;486.6;
1705192595;14.01.2024;00:36:35;85.553;141.175;185.222;241.6;8.5;486.6;
1705193495;14.01.2024;00:51:35;85.557;141.198;185.237;241.6;8.5;486.6;
1705194395;14.01.2024;01:06:35;85.56;141.226;185.251;241.6;8.5;486.6;
1705195296;14.01.2024;01:21:36;85.563;141.254;185.265;241.6;8.5;486.6;
1705196196;14.01.2024;01:36:36;85.566;141.279;185.28;241.6;8.5;486.6;
1705197096;14.01.2024;01:51:36;85.569;141.303;185.298;241.6;8.5;486.6;
1705197996;14.01.2024;02:06:36;85.574;141.325;185.314;241.6;8.5;486.6;
1705198897;14.01.2024;02:21:37;85.576;141.347;185.332;241.6;8.5;486.6;
1705199797;14.01.2024;02:36:37;85.58;141.369;185.35;241.6;8.5;486.6;
1705200697;14.01.2024;02:51:37;85.583;141.391;185.367;241.6;8.5;486.6;
1705201598;14.01.2024;03:06:38;85.587;141.417;185.383;241.6;8.5;486.6;
1705202498;14.01.2024;03:21:38;85.59;141.445;185.398;241.6;8.5;486.6;
1705203398;14.01.2024;03:36:38;85.593;141.473;185.414;241.6;8.5;486.6;
1705204299;14.01.2024;03:51:39;85.596;141.496;185.433;241.6;8.5;486.6;
1705205199;14.01.2024;04:06:39;85.599;141.52;185.449;241.6;8.5;486.6;
1705206099;14.01.2024;04:21:39;85.602;141.542;185.464;241.6;8.5;486.6;
1705206999;14.01.2024;04:36:39;85.607;141.563;185.48;241.6;8.5;486.6;
1705207900;14.01.2024;04:51:40;85.612;141.584;185.499;241.6;8.5;486.6;
1705208800;14.01.2024;05:06:40;85.615;141.607;185.515;241.6;8.5;486.6;
1705209700;14.01.2024;05:21:40;85.618;141.633;185.531;241.6;8.5;486.6;
1705210601;14.01.2024;05:36:41;85.62;141.662;185.547;241.6;8.5;486.6;
1705211501;14.01.2024;05:51:41;85.622;141.687;185.564;241.6;8.5;486.6;
1705212401;14.01.2024;06:06:41;85.626;141.711;185.582;241.6;8.5;486.6;
1705213302;14.01.2024;06:21:42;85.631;141.734;185.598;241.6;8.5;486.6;
1705214202;14.01.2024;06:36:42;85.635;141.756;185.615;241.6;8.5;486.6;
1705215102;14.01.2024;06:51:42;85.638;141.778;185.634;241.6;8.5;486.6;
1705216002;14.01.2024;07:06:42;85.641;141.799;185.652;241.6;8.5;486.6;
1705216903;14.01.2024;07:21:43;85.644;141.823;185.667;241.6;8.5;486.6;
1705217803;14.01.2024;07:36:43;85.646;141.848;185.68;241.6;8.5;486.6;
1705218703;14.01.2024;07:51:43;85.649;141.876;185.695;241.6;8.5;486.6;
1705219604;14.01.2024;08:06:44;85.654;141.899;185.711;241.6;8.5;486.6;
1705220504;14.01.2024;08:21:44;85.658;141.921;185.728;241.6;8.5;486.6;
1705221404;14.01.2024;08:36:44;85.662;141.943;185.748;241.6;8.5;486.6;
1705222305;14.01.2024;08:51:45;85.665;141.964;185.767;241.6;8.5;486.6;
1705223205;14.01.2024;09:06:45;85.667;141.986;185.785;241.6;8.5;486.6;
1705224105;14.01.2024;09:21:45;85.67;142.008;185.802;241.6;8.5;486.6;
1705225006;14.01.2024;09:36:46;85.673;142.034;185.818;241.6;8.5;486.6;
1705225906;14.01.2024;09:51:46;85.677;142.061;185.834;241.6;8.5;486.6;
1705226806;14.01.2024;10:06:46;85.682;142.087;185.848;241.6;8.5;486.6;
1705227706;14.01.2024;10:21:46;85.686;142.109;185.866;241.6;8.5;486.6;
1705228607;14.01.2024;10:36:47;85.688;142.132;185.883;241.6;8.5;486.6;
1705229507;14.01.2024;10:51:47;85.691;142.154;185.9;241.6;8.5;486.6;
1705230407;14.01.2024;11:06:47;85.694;142.176;185.917;241.6;8.5;486.6;
1705231308;14.01.2024;11:21:48;85.697;142.197;185.934;241.6;8.5;486.6;
1705232208;14.01.2024;11:36:48;85.7;142.219;185.953;241.6;8.5;486.6;
1705233108;14.01.2024;11:51:48;85.703;142.244;185.97;241.6;8.5;486.6;
1705234009;14.01.2024;12:06:49;85.707;142.272;185.985;241.6;8.5;486.6;
1705234909;14.01.2024;12:21:49;85.71;142.298;186.002;241.6;8.5;486.7;
1705235809;14.01.2024;12:36:49;85.714;142.32;186.019;241.6;8.5;486.7;
1705236709;14.01.2024;12:51:49;85.717;142.343;186.036;241.6;8.5;486.7;
1705237610;14.01.2024;13:06:50;85.721;142.366;186.054;241.6;8.5;486.7;
1705238510;14.01.2024;13:21:50;85.725;142.388;186.07;241.6;8.5;486.7;
1705239410;14.01.2024;13:36:50;85.729;142.41;186.088;241.6;8.5;486.7;
1705240311;14.01.2024;13:51:51;85.732;142.433;186.104;241.6;8.5;486.7;
1705241211;14.01.2024;14:06:51;85.735;142.461;186.118;241.6;8.5;486.7;
1705242111;14.01.2024;14:21:51;85.737;142.49;186.134;241.6;8.5;486.7;
1705243012;14.01.2024;14:36:52;85.74;142.515;186.153;241.6;8.5;486.7;
1705243912;14.01.2024;14:51:52;85.742;142.538;186.171;241.6;8.5;486.7;
1705244812;14.01.2024;15:06:52;85.745;142.561;186.188;241.6;8.5;486.7;
1705245712;14.01.2024;15:21:52;85.75;142.582;186.203;241.6;8.5;486.7;
1705246613;14.01.2024;15:36:53;85.755;142.604;186.217;241.6;8.5;486.7;
1705247513;14.01.2024;15:51:53;85.758;142.626;186.231;241.6;8.5;486.7;
1705248413;14.01.2024;16:06:53;85.761;142.65;186.246;241.6;8.5;486.7;
1705249314;14.01.2024;16:21:54;85.763;142.676;186.264;241.6;8.5;486.7;
1705250214;14.01.2024;16:36:54;85.765;142.704;186.283;241.6;8.5;486.7;
1705251114;14.01.2024;16:51:54;85.769;142.727;186.302;241.6;8.5;486.7;
1705252015;14.01.2024;17:06:55;85.774;142.749;186.319;241.6;8.5;486.7;
1705252915;14.01.2024;17:21:55;85.778;142.772;186.338;241.6;8.5;486.7;
1705253815;14.01.2024;17:36:55;85.781;142.794;186.356;241.6;8.5;486.7;
1705254716;14.01.2024;17:51:56;85.785;142.816;186.375;241.6;8.5;486.7;
1705255616;14.01.2024;18:06:56;85.788;142.839;186.392;241.6;8.5;486.7;
1705256516;14.01.2024;18:21:56;85.79;142.864;186.407;241.6;8.5;486.7;
1705257416;14.01.2024;18:36:56;85.793;142.892;186.422;241.6;8.5;486.7;
1705258317;14.01.2024;18:51:57;85.798;142.916;186.438;241.6;8.5;486.7;
1705259217;14.01.2024;19:06:57;85.803;142.937;186.455;241.6;8.5;486.7;
1705260117;14.01.2024;19:21:57;85.807;142.959;186.473;241.6;8.5;486.7;
1705261018;14.01.2024;19:36:58;85.81;142.981;186.493;241.6;8.5;486.7;
1705261918;14.01.2024;19:51:58;85.813;143.003;186.513;241.6;8.5;486.7;
1705262818;14.01.2024;20:06:58;85.816;143.025;186.531;241.6;8.5;486.7;
1705263719;14.01.2024;20:21:59;85.818;143.049;186.547;241.6;8.5;486.7;
1705264619;14.01.2024;20:36:59;85.821;143.076;186.56;241.6;8.5;486.7;
1705265519;14.01.2024;20:51:59;85.825;143.102;186.573;241.6;8.5;486.7;
1705266419;14.01.2024;21:06:59;85.831;143.125;186.593;241.6;8.5;486.7;
1705267320;14.01.2024;21:22:00;85.835;143.148;186.613;241.6;8.5;486.7;
1705268220;14.01.2024;21:37:00;85.839;143.17;186.633;241.6;8.5;486.7;
1705269120;14.01.2024;21:52:00;85.842;143.193;186.65;241.6;8.5;486.7;
1705270021;14.01.2024;22:07:01;85.846;143.215;186.667;241.6;8.5;486.7;
1705270921;14.01.2024;22:22:01;85.849;143.236;186.682;241.6;8.5;486.7;
1705271822;14.01.2024;22:37:02;85.851;143.26;186.696;241.6;8.5;486.7;
1705272723;14.01.2024;22:52:03;85.853;143.287;186.711;241.6;8.5;486.7;
1705273623;14.01.2024;23:07:03;85.856;143.314;186.729;241.6;8.5;486.7;
1705274524;14.01.2024;23:22:04;85.861;143.336;186.748;241.6;8.5;486.7;
1705275424;14.01.2024;23:37:04;85.866;143.358;186.765;241.6;8.5;486.7;
1705276324;14.01.2024;23:52:04;85.869;143.379;186.783;241.6;8.5;486.7;
1705277225;15.01.2024;00:07:05;85.872;143.401;186.801;241.6;8.5;486.7;
1705278125;15.01.2024;00:22:05;85.875;143.423;186.818;241.6;8.5;486.7;
1705279025;15.01.2024;00:37:05;85.878;143.444;186.833;241.6;8.5;486.7;
1705279926;15.01.2024;00:52:06;85.882;143.469;186.848;241.6;8.5;486.7;
1705280826;15.01.2024;01:07:06;85.885;143.496;186.864;241.6;8.5;486.7;
1705281726;15.01.2024;01:22:06;85.889;143.521;186.881;241.6;8.5;486.7;
1705282626;15.01.2024;01:37:06;85.893;143.541;186.897;241.6;8.5;486.7;
1705283527;15.01.2024;01:52:07;85.896;143.562;186.913;241.6;8.5;486.7;
1705284427;15.01.2024;02:07:07;85.899;143.582;186.928;241.6;8.5;486.7;
1705285327;15.01.2024;02:22:07;85.901;143.601;186.94;241.6;8.5;486.7;
1705286228;15.01.2024;02:37:08;85.903;143.618;186.951;241.6;8.5;486.7;
1705287128;15.01.2024;02:52:08;85.905;143.635;186.963;241.6;8.5;486.7;
1705288028;15.01.2024;03:07:08;85.91;143.656;186.978;241.6;8.5;486.7;
1705288929;15.01.2024;03:22:09;85.915;143.673;186.996;241.6;8.5;486.7;
1705289829;15.01.2024;03:37:09;85.919;143.696;187.011;241.6;8.5;486.7;
1705290729;15.01.2024;03:52:09;85.923;143.719;187.029;241.6;8.5;486.7;
1705291630;15.01.2024;04:07:10;85.928;143.743;187.047;241.6;8.5;486.7;
1705292530;15.01.2024;04:22:10;85.933;143.766;187.065;241.6;8.5;486.7;
1705293430;15.01.2024;04:37:10;85.937;143.789;187.082;241.6;8.5;486.7;
1705294330;15.01.2024;04:52:10;85.941;143.811;187.098;241.6;8.5;486.7;
1705295231;15.01.2024;05:07:11;85.945;143.833;187.114;241.6;8.5;486.7;
1705296131;15.01.2024;05:22:11;85.949;143.855;187.132;241.6;8.5;486.7;
1705297031;15.01.2024;05:37:11;85.954;143.876;187.149;241.6;8.5;486.7;
1705297932;15.01.2024;05:52:12;85.958;143.898;187.167;241.6;8.5;486.7;
1705298832;15.01.2024;06:07:12;85.963;143.919;187.184;241.6;8.5;486.8;
1705299732;15.01.2024;06:22:12;85.967;143.94;187.201;241.6;8.5;486.8;
1705300633;15.01.2024;06:37:13;85.971;143.961;187.218;241.6;8.5;486.9;
1705301533;15.01.2024;06:52:13;85.975;143.981;187.233;241.6;8.5;486.9;
1705302433;15.01.2024;07:07:13;85.979;144.002;187.25;241.6;8.5;486.9;
1705303334;15.01.2024;07:22:14;85.983;144.023;187.266;241.6;8.5;486.9;
1705304234;15.01.2024;07:37:14;85.987;144.042;187.284;241.6;8.5;486.9;
1705305134;15.01.2024;07:52:14;85.991;144.062;187.302;241.6;8.5;486.9;
1705306034;15.01.2024;08:07:14;85.994;144.081;187.32;241.6;8.5;486.9;
1705306935;15.01.2024;08:22:15;85.998;144.102;187.338;241.6;8.5;486.9;
1705307835;15.01.2024;08:37:15;86.003;144.122;187.355;241.6;8.5;486.9;
1705308735;15.01.2024;08:52:15;86.007;144.143;187.372;241.6;8.5;486.9;
1705309636;15.01.2024;09:07:16;86.011;144.164;187.389;241.6;8.5;487;
1705310536;15.01.2024;09:22:16;86.015;144.186;187.406;241.6;8.5;487;
1705311436;15.01.2024;09:37:16;86.019;144.207;187.423;241.6;8.5;487.1;
1705312337;15.01.2024;09:52:17;86.023;144.227;187.44;241.6;8.5;487.1;
1705313237;15.01.2024;10:07:17;86.026;144.248;187.456;241.6;8.5;487.1;
1705314137;15.01.2024;10:22:17;86.03;144.268;187.473;241.6;8.5;487.1;
1705315038;15.01.2024;10:37:18;86.034;144.288;187.489;241.6;8.5;487.1;
1705315938;15.01.2024;10:52:18;86.038;144.309;187.506;241.6;8.5;487.1;
1705316838;15.01.2024;11:07:18;86.042;144.33;187.524;241.6;8.5;487.1;
1705317738;15.01.2024;11:22:18;86.046;144.351;187.542;241.6;8.5;487.2;
1705318639;15.01.2024;11:37:19;86.05;144.371;187.56;241.6;8.5;487.2;
1705319539;15.01.2024;11:52:19;86.055;144.392;187.578;241.6;8.5;487.2;
1705320439;15.01.2024;12:07:19;86.059;144.413;187.596;241.6;8.5;487.3;
1705321340;15.01.2024;12:22:20;86.063;144.434;187.614;241.6;8.5;487.3;
1705322240;15.01.2024;12:37:20;86.068;144.454;187.631;241.6;8.5;487.4;
1705323140;15.01.2024;12:52:20;86.072;144.475;187.649;241.6;8.5;487.4;
1705324041;15.01.2024;13:07:21;86.076;144.495;187.667;241.6;8.5;487.5;
1705324941;15.01.2024;13:22:21;86.08;144.515;187.684;241.6;8.5;487.6;
1705325841;15.01.2024;13:37:21;86.084;144.535;187.702;241.6;8.5;487.6;
1705326742;15.01.2024;13:52:22;86.089;144.556;187.721;241.6;8.5;487.7;
1705327642;15.01.2024;14:07:22;86.093;144.576;187.74;241.6;8.5;487.7;
1705328542;15.01.2024;14:22:22;86.098;144.597;187.759;241.6;8.5;487.7;
1705329442;15.01.2024;14:37:22;86.102;144.617;187.777;241.6;8.5;487.7;
1705330343;15.01.2024;14:52:23;86.106;144.637;187.795;241.6;8.5;487.8;
1705331243;15.01.2024;15:07:23;86.111;144.657;187.811;241.6;8.5;487.8;
1705332143;15.01.2024;15:22:23;86.115;144.677;187.827;241.6;8.5;487.8;
1705333044;15.01.2024;15:37:24;86.119;144.698;187.842;241.6;8.5;487.9;
1705333944;15.01.2024;15:52:24;86.123;144.717;187.856;241.6;8.5;488;
1705334844;15.01.2024;16:07:24;86.127;144.738;187.871;241.6;8.5;488.1;
1705335745;15.01.2024;16:22:25;86.13;144.758;187.887;241.6;8.5;488.1;
1705336645;15.01.2024;16:37:25;86.134;144.778;187.902;241.6;8.5;488.1;
1705337545;15.01.2024;16:52:25;86.138;144.798;187.917;241.6;8.5;488.2;
1705338446;15.01.2024;17:07:26;86.142;144.818;187.932;241.6;8.5;488.2;
1705339346;15.01.2024;17:22:26;86.146;144.838;187.946;241.6;8.5;488.2;
1705340246;15.01.2024;17:37:26;86.149;144.857;187.959;241.6;8.5;488.2;
1705341147;15.01.2024;17:52:27;86.153;144.877;187.974;241.6;8.5;488.2;
1705342047;15.01.2024;18:07:27;86.156;144.896;187.987;241.6;8.5;488.3;
1705342947;15.01.2024;18:22:27;86.16;144.916;188.003;241.6;8.5;488.3;
1705343847;15.01.2024;18:37:27;86.162;144.936;188.017;241.6;8.5;488.3;
1705344748;15.01.2024;18:52:28;86.163;144.955;188.033;241.6;8.5;488.3;
1705345648;15.01.2024;19:07:28;86.164;144.976;188.047;241.6;8.5;488.3;
1705346548;15.01.2024;19:22:28;86.165;144.999;188.059;241.6;8.5;488.3;
1705347449;15.01.2024;19:37:29;86.167;145.023;188.069;241.6;8.5;488.4;
1705348349;15.01.2024;19:52:29;86.17;145.045;188.077;241.6;8.5;488.4;
1705349249;15.01.2024;20:07:29;86.172;145.067;188.084;241.6;8.5;488.4;
1705350150;15.01.2024;20:22:30;86.174;145.089;188.09;241.6;8.5;488.4;
1705351050;15.01.2024;20:37:30;86.176;145.109;188.103;241.6;8.5;488.4;
1705351950;15.01.2024;20:52:30;86.177;145.129;188.118;241.6;8.5;488.4;
1705352850;15.01.2024;21:07:30;86.178;145.148;188.133;241.6;8.5;488.4;
1705353751;15.01.2024;21:22:31;86.18;145.17;188.146;241.6;8.5;488.4;
1705354651;15.01.2024;21:37:31;86.181;145.191;188.16;241.6;8.5;488.4;
1705355551;15.01.2024;21:52:31;86.183;145.213;188.175;241.6;8.5;488.4;
1705356452;15.01.2024;22:07:32;86.184;145.234;188.189;241.6;8.5;488.4;
1705357352;15.01.2024;22:22:32;86.186;145.256;188.203;241.6;8.5;488.4;
1705358252;15.01.2024;22:37:32;86.187;145.282;188.215;241.6;8.5;488.4;
1705359153;15.01.2024;22:52:33;86.189;145.306;188.232;241.6;8.5;488.4;
1705360053;15.01.2024;23:07:33;86.19;145.328;188.248;241.6;8.5;488.4;
1705360953;15.01.2024;23:22:33;86.192;145.35;188.264;241.6;8.5;488.4;
1705361854;15.01.2024;23:37:34;86.193;145.372;188.28;241.6;8.5;488.4;
1705362754;15.01.2024;23:52:34;86.195;145.393;188.294;241.6;8.5;488.4;
1705363654;16.01.2024;00:07:34;86.198;145.414;188.308;241.6;8.5;488.4;
1705364554;16.01.2024;00:22:34;86.202;145.435;188.322;241.6;8.5;488.4;
1705365455;16.01.2024;00:37:35;86.206;145.458;188.337;241.6;8.5;488.4;
1705366355;16.01.2024;00:52:35;86.21;145.485;188.353;241.6;8.5;488.4;
1705367255;16.01.2024;01:07:35;86.212;145.513;188.369;241.6;8.5;488.4;
1705368156;16.01.2024;01:22:36;86.214;145.535;188.386;241.6;8.5;488.4;
1705369056;16.01.2024;01:37:36;86.215;145.557;188.402;241.6;8.5;488.4;
1705369956;16.01.2024;01:52:36;86.217;145.578;188.419;241.6;8.5;488.4;
1705370857;16.01.2024;02:07:37;86.218;145.599;188.436;241.6;8.5;488.4;
1705371757;16.01.2024;02:22:37;86.22;145.62;188.452;241.6;8.5;488.4;
1705372657;16.01.2024;02:37:37;86.224;145.641;188.467;241.6;8.5;488.4;
1705373557;16.01.2024;02:52:37;86.229;145.665;188.481;241.6;8.5;488.4;
1705374458;16.01.2024;03:07:38;86.236;145.688;188.496;241.6;8.5;488.4;
1705375358;16.01.2024;03:22:38;86.241;145.709;188.516;241.6;8.5;488.4;
1705376258;16.01.2024;03:37:38;86.245;145.733;188.533;241.6;8.5;488.4;
1705377159;16.01.2024;03:52:39;86.249;145.758;188.551;241.6;8.5;488.4;
1705378059;16.01.2024;04:07:39;86.253;145.782;188.567;241.6;8.5;488.4;
1705378959;16.01.2024;04:22:39;86.257;145.807;188.585;241.6;8.5;488.4;
1705379860;16.01.2024;04:37:40;86.262;145.832;188.604;241.6;8.5;488.4;
1705380760;16.01.2024;04:52:40;86.266;145.856;188.621;241.6;8.5;488.4;
1705381660;16.01.2024;05:07:40;86.27;145.88;188.638;241.6;8.5;488.4;
1705382561;16.01.2024;05:22:41;86.274;145.904;188.655;241.6;8.5;488.4;
1705383461;16.01.2024;05:37:41;86.279;145.928;188.672;241.6;8.5;488.4;
1705384361;16.01.2024;05:52:41;86.283;145.953;188.69;241.6;8.5;488.4;
1705385261;16.01.2024;06:07:41;86.288;145.978;188.708;241.6;8.5;488.4;
1705386162;16.01.2024;06:22:42;86.292;146.002;188.725;241.6;8.5;488.5;
1705387062;16.01.2024;06:37:42;86.297;146.026;188.742;241.6;8.5;488.5;
1705387962;16.01.2024;06:52:42;86.301;146.05;188.757;241.6;8.5;488.5;
1705388863;16.01.2024;07:07:43;86.304;146.074;188.773;241.6;8.5;488.5;
1705389763;16.01.2024;07:22:43;86.308;146.097;188.788;241.6;8.5;488.6;
1705390663;16.01.2024;07:37:43;86.312;146.119;188.805;241.6;8.5;488.6;
1705391564;16.01.2024;07:52:44;86.315;146.141;188.822;241.6;8.5;488.6;
1705392464;16.01.2024;08:07:44;86.318;146.164;188.838;241.6;8.5;488.6;
1705393364;16.01.2024;08:22:44;86.322;146.187;188.853;241.6;8.5;488.6;
1705394264;16.01.2024;08:37:44;86.326;146.21;188.87;241.6;8.5;488.6;
1705395165;16.01.2024;08:52:45;86.33;146.234;188.886;241.6;8.5;488.6;
1705396065;16.01.2024;09:07:45;86.334;146.258;188.901;241.6;8.5;488.6;
1705396965;16.01.2024;09:22:45;86.337;146.282;188.917;241.6;8.5;488.6;
1705397866;16.01.2024;09:37:46;86.341;146.306;188.934;241.6;8.5;488.7;
1705398766;16.01.2024;09:52:46;86.345;146.33;188.95;241.6;8.5;488.7;
1705399666;16.01.2024;10:07:46;86.349;146.355;188.967;241.6;8.5;488.7;
1705400567;16.01.2024;10:22:47;86.353;146.379;188.983;241.6;8.5;488.7;
1705401467;16.01.2024;10:37:47;86.357;146.403;189.001;241.6;8.5;488.7;
1705402367;16.01.2024;10:52:47;86.361;146.426;189.017;241.6;8.5;488.8;
1705403268;16.01.2024;11:07:48;86.365;146.45;189.034;241.6;8.5;488.8;
1705404168;16.01.2024;11:22:48;86.369;146.474;189.051;241.6;8.5;488.8;
1705405068;16.01.2024;11:37:48;86.373;146.498;189.068;241.6;8.5;488.9;
1705405968;16.01.2024;11:52:48;86.377;146.521;189.085;241.6;8.5;488.9;
1705406869;16.01.2024;12:07:49;86.38;146.545;189.102;241.6;8.5;488.9;
1705407769;16.01.2024;12:22:49;86.384;146.568;189.118;241.6;8.5;489;
1705408669;16.01.2024;12:37:49;86.387;146.593;189.135;241.6;8.5;489;
1705409570;16.01.2024;12:52:50;86.391;146.617;189.152;241.6;8.5;489.1;
1705410470;16.01.2024;13:07:50;86.394;146.641;189.168;241.6;8.5;489.1;
1705411370;16.01.2024;13:22:50;86.397;146.663;189.182;241.6;8.5;489.1;
1705412271;16.01.2024;13:37:51;86.401;146.685;189.196;241.6;8.5;489.2;
1705413171;16.01.2024;13:52:51;86.404;146.707;189.211;241.6;8.5;489.3;
1705414071;16.01.2024;14:07:51;86.407;146.729;189.225;241.6;8.5;489.4;
1705414972;16.01.2024;14:22:52;86.41;146.749;189.239;241.6;8.5;489.4;
1705415872;16.01.2024;14:37:52;86.414;146.77;189.254;241.6;8.5;489.4;
1705416772;16.01.2024;14:52:52;86.417;146.79;189.267;241.6;8.5;489.4;
1705417673;16.01.2024;15:07:53;86.421;146.811;189.282;241.6;8.5;489.5;
1705418573;16.01.2024;15:22:53;86.425;146.831;189.295;241.6;8.5;489.6;
1705419473;16.01.2024;15:37:53;86.428;146.85;189.307;241.6;8.5;489.7;
1705420374;16.01.2024;15:52:54;86.431;146.87;189.32;241.6;8.5;489.7;
1705421274;16.01.2024;16:07:54;86.435;146.889;189.332;241.6;8.5;489.7;
1705422174;16.01.2024;16:22:54;86.438;146.908;189.345;241.6;8.5;489.7;
1705423074;16.01.2024;16:37:54;86.44;146.927;189.357;241.6;8.5;489.8;
1705423975;16.01.2024;16:52:55;86.443;146.95;189.373;241.6;8.5;489.8;
1705424875;16.01.2024;17:07:55;86.446;146.973;189.39;241.6;8.5;489.9;
1705425775;16.01.2024;17:22:55;86.448;146.998;189.408;241.6;8.5;489.9;
1705426676;16.01.2024;17:37:56;86.452;147.022;189.426;241.6;8.5;489.9;
1705427576;16.01.2024;17:52:56;86.456;147.046;189.442;241.6;8.5;489.9;
1705428476;16.01.2024;18:07:56;86.461;147.07;189.458;241.6;8.5;489.9;
1705429377;16.01.2024;18:22:57;86.467;147.094;189.475;241.6;8.5;489.9;
1705430277;16.01.2024;18:37:57;86.467;147.118;189.49;241.6;8.5;489.9;
1705431177;16.01.2024;18:52:57;86.468;147.141;189.509;241.6;8.5;489.9;
1705432078;16.01.2024;19:07:58;86.47;147.163;189.525;241.6;8.5;489.9;
1705432978;16.01.2024;19:22:58;86.472;147.185;189.536;241.6;8.5;489.9;
1705433878;16.01.2024;19:37:58;86.475;147.207;189.545;241.6;8.5;489.9;
1705434779;16.01.2024;19:52:59;86.477;147.228;189.553;241.6;8.5;489.9;
1705435679;16.01.2024;20:07:59;86.479;147.251;189.564;241.6;8.5;490;
1705436579;16.01.2024;20:22:59;86.48;147.277;189.576;241.6;8.5;490;
1705437480;16.01.2024;20:38:00;86.481;147.298;189.59;241.6;8.5;490;
1705438380;16.01.2024;20:53:00;86.482;147.319;189.604;241.6;8.5;490;
1705439280;16.01.2024;21:08:00;86.483;147.34;189.617;241.6;8.5;490;
1705440181;16.01.2024;21:23:01;86.484;147.361;189.629;241.6;8.5;490;
1705441081;16.01.2024;21:38:01;86.485;147.382;189.641;241.6;8.5;490;
1705441981;16.01.2024;21:53:01;86.486;147.402;189.653;241.6;8.5;490;
1705442882;16.01.2024;22:08:02;86.487;147.423;189.663;241.6;8.5;490;
1705443782;16.01.2024;22:23:02;86.488;147.447;189.675;241.6;8.5;490;
1705444682;16.01.2024;22:38:02;86.489;147.473;189.69;241.6;8.5;490;
1705445583;16.01.2024;22:53:03;86.492;147.496;189.706;241.6;8.5;490;
1705446483;16.01.2024;23:08:03;86.495;147.517;189.721;241.6;8.5;490;
1705447383;16.01.2024;23:23:03;86.496;147.538;189.735;241.6;8.5;490;
1705448283;16.01.2024;23:38:03;86.497;147.559;189.748;241.6;8.5;490;
1705449184;16.01.2024;23:53:04;86.498;147.578;189.76;241.6;8.5;490;
1705450084;17.01.2024;00:08:04;86.498;147.599;189.773;241.6;8.5;490;
1705450984;17.01.2024;00:23:04;86.499;147.62;189.786;241.6;8.5;490;
1705451885;17.01.2024;00:38:05;86.5;147.645;189.798;241.6;8.5;490;
1705452785;17.01.2024;00:53:05;86.502;147.67;189.815;241.6;8.5;490;
1705453685;17.01.2024;01:08:05;86.506;147.692;189.831;241.6;8.5;490;
1705454586;17.01.2024;01:23:06;86.509;147.713;189.847;241.6;8.5;490;
1705455486;17.01.2024;01:38:06;86.512;147.732;189.86;241.6;8.5;490;
1705456386;17.01.2024;01:53:06;86.515;147.751;189.872;241.6;8.5;490;
1705457287;17.01.2024;02:08:07;86.518;147.77;189.885;241.6;8.5;490;
1705458187;17.01.2024;02:23:07;86.52;147.789;189.898;241.6;8.5;490;
1705459087;17.01.2024;02:38:07;86.521;147.81;189.91;241.6;8.5;490;
1705459988;17.01.2024;02:53:08;86.522;147.834;189.924;241.6;8.5;490;
1705460888;17.01.2024;03:08:08;86.53;147.854;189.942;241.6;8.5;490;
1705461788;17.01.2024;03:23:08;86.539;147.876;189.97;241.6;8.5;490;
1705462689;17.01.2024;03:38:09;86.545;147.9;189.993;241.6;8.5;490;
1705463589;17.01.2024;03:53:09;86.551;147.924;190.014;241.6;8.5;490;
1705464489;17.01.2024;04:08:09;86.556;147.946;190.033;241.6;8.5;490;
1705465390;17.01.2024;04:23:10;86.561;147.969;190.053;241.6;8.5;490;
1705466290;17.01.2024;04:38:10;86.566;147.992;190.073;241.6;8.5;490;
1705467190;17.01.2024;04:53:10;86.571;148.014;190.093;241.6;8.5;490;
1705468091;17.01.2024;05:08:11;86.577;148.037;190.113;241.6;8.5;490;
1705468991;17.01.2024;05:23:11;86.582;148.059;190.132;241.6;8.5;490;
1705469891;17.01.2024;05:38:11;86.587;148.082;190.153;241.6;8.5;490;
1705470792;17.01.2024;05:53:12;86.592;148.104;190.173;241.6;8.5;490;
1705471692;17.01.2024;06:08:12;86.597;148.127;190.193;241.6;8.5;490.1;
1705472592;17.01.2024;06:23:12;86.602;148.149;190.213;241.6;8.5;490.1;
1705473493;17.01.2024;06:38:13;86.607;148.171;190.233;241.6;8.5;490.1;
1705474393;17.01.2024;06:53:13;86.612;148.193;190.253;241.6;8.5;490.1;
1705475293;17.01.2024;07:08:13;86.617;148.216;190.273;241.6;8.5;490.2;
1705476194;17.01.2024;07:23:14;86.622;148.238;190.293;241.6;8.5;490.2;
1705477094;17.01.2024;07:38:14;86.627;148.259;190.314;241.6;8.5;490.2;
1705477994;17.01.2024;07:53:14;86.632;148.281;190.337;241.6;8.5;490.2;
1705478895;17.01.2024;08:08:15;86.637;148.304;190.357;241.6;8.5;490.2;
1705479795;17.01.2024;08:23:15;86.642;148.326;190.375;241.6;8.5;490.2;
1705480695;17.01.2024;08:38:15;86.647;148.348;190.393;241.6;8.5;490.2;
1705481596;17.01.2024;08:53:16;86.652;148.369;190.41;241.6;8.5;490.2;
1705482496;17.01.2024;09:08:16;86.656;148.391;190.427;241.6;8.5;490.2;
1705483396;17.01.2024;09:23:16;86.661;148.412;190.446;241.6;8.5;490.2;
1705484297;17.01.2024;09:38:17;86.666;148.435;190.467;241.6;8.5;490.3;
1705485197;17.01.2024;09:53:17;86.671;148.456;190.488;241.6;8.5;490.3;
1705486097;17.01.2024;10:08:17;86.676;148.475;190.508;241.6;8.5;490.3;
1705486998;17.01.2024;10:23:18;86.681;148.493;190.526;241.6;8.5;490.4;
1705487898;17.01.2024;10:38:18;86.685;148.511;190.542;241.6;8.5;490.4;
1705488798;17.01.2024;10:53:18;86.69;148.529;190.561;241.6;8.5;490.4;
1705489699;17.01.2024;11:08:19;86.695;148.544;190.579;241.6;8.5;490.4;
1705490599;17.01.2024;11:23:19;86.7;148.558;190.597;241.6;8.5;490.4;
1705491499;17.01.2024;11:38:19;86.704;148.571;190.614;241.6;8.5;490.5;
1705492400;17.01.2024;11:53:20;86.708;148.583;190.631;241.6;8.5;490.5;
1705493300;17.01.2024;12:08:20;86.711;148.594;190.647;241.6;8.5;490.5;
1705494200;17.01.2024;12:23:20;86.714;148.606;190.664;241.6;8.5;490.6;
1705495101;17.01.2024;12:38:21;86.717;148.617;190.679;241.6;8.5;490.6;
1705496001;17.01.2024;12:53:21;86.72;148.627;190.696;241.6;8.5;490.7;
1705496901;17.01.2024;13:08:21;86.722;148.637;190.711;241.6;8.5;490.7;
1705497802;17.01.2024;13:23:22;86.723;148.646;190.724;241.6;8.5;490.7;
1705498702;17.01.2024;13:38:22;86.725;148.653;190.737;241.6;8.5;490.8;
1705499602;17.01.2024;13:53:22;86.728;148.66;190.748;241.6;8.5;490.8;
1705500503;17.01.2024;14:08:23;86.732;148.666;190.759;241.6;8.5;490.8;
1705501403;17.01.2024;14:23:23;86.734;148.673;190.77;241.6;8.5;490.8;
1705502303;17.01.2024;14:38:23;86.737;148.678;190.783;241.6;8.5;490.8;
1705503204;17.01.2024;14:53:24;86.739;148.685;190.797;241.6;8.5;490.8;
1705504104;17.01.2024;15:08:24;86.741;148.692;190.811;241.6;8.5;490.9;
1705505004;17.01.2024;15:23:24;86.743;148.698;190.823;241.6;8.5;491;
1705505905;17.01.2024;15:38:25;86.745;148.704;190.832;241.6;8.5;491;
1705506805;17.01.2024;15:53:25;86.747;148.709;190.841;241.6;8.5;491;
1705507705;17.01.2024;16:08:25;86.749;148.714;190.852;241.6;8.5;491;
1705508606;17.01.2024;16:23:26;86.75;148.72;190.866;241.6;8.5;491;
1705509506;17.01.2024;16:38:26;86.752;148.726;190.877;241.6;8.5;491;
1705510406;17.01.2024;16:53:26;86.754;148.734;190.892;241.6;8.5;491;
1705511306;17.01.2024;17:08:26;86.756;148.74;190.904;241.6;8.5;491.1;
1705512207;17.01.2024;17:23:27;86.76;148.745;190.914;241.6;8.5;491.1;
1705513107;17.01.2024;17:38:27;86.764;148.751;190.923;241.6;8.5;491.1;
1705514007;17.01.2024;17:53:27;86.767;148.757;190.934;241.6;8.5;491.1;
1705514908;17.01.2024;18:08:28;86.77;148.765;190.945;241.6;8.5;491.1;
1705515808;17.01.2024;18:23:28;86.773;148.773;190.956;241.6;8.5;491.1;
1705516708;17.01.2024;18:38:28;86.774;148.781;190.967;241.6;8.5;491.1;
1705517609;17.01.2024;18:53:29;86.776;148.784;190.976;241.6;8.5;491.1;
1705518509;17.01.2024;19:08:29;86.777;148.786;190.983;241.6;8.5;491.1;
1705519409;17.01.2024;19:23:29;86.779;148.786;190.988;241.6;8.5;491.1;
1705520310;17.01.2024;19:38:30;86.78;148.788;190.991;241.6;8.5;491.1;
1705521210;17.01.2024;19:53:30;86.781;148.792;190.996;241.6;8.5;491.1;
1705522110;17.01.2024;20:08:30;86.782;148.796;191.001;241.6;8.5;491.1;
1705523011;17.01.2024;20:23:31;86.783;148.799;191.013;241.6;8.5;491.1;
1705523911;17.01.2024;20:38:31;86.785;148.803;191.026;241.6;8.5;491.1;
1705524811;17.01.2024;20:53:31;86.786;148.806;191.035;241.6;8.5;491.1;
1705525712;17.01.2024;21:08:32;86.787;148.813;191.045;241.6;8.5;491.1;
1705526612;17.01.2024;21:23:32;86.788;148.818;191.056;241.6;8.5;491.1;
1705527512;17.01.2024;21:38:32;86.789;148.822;191.066;241.6;8.5;491.1;
1705528412;17.01.2024;21:53:32;86.791;148.826;191.076;241.6;8.5;491.1;
1705529313;17.01.2024;22:08:33;86.792;148.83;191.085;241.6;8.5;491.1;
1705530213;17.01.2024;22:23:33;86.793;148.834;191.094;241.6;8.5;491.1;
1705531113;17.01.2024;22:38:33;86.794;148.842;191.106;241.6;8.5;491.1;
1705532014;17.01.2024;22:53:34;86.795;148.853;191.12;241.6;8.5;491.1;
1705532914;17.01.2024;23:08:34;86.796;148.864;191.131;241.6;8.5;491.1;
1705533814;17.01.2024;23:23:34;86.797;148.878;191.142;241.6;8.5;491.1;
1705534715;17.01.2024;23:38:35;86.798;148.889;191.153;241.6;8.5;491.1;
1705535615;17.01.2024;23:53:35;86.799;148.9;191.163;241.6;8.5;491.1;
1705536515;18.01.2024;00:08:35;86.8;148.913;191.174;241.6;8.5;491.1;
1705537416;18.01.2024;00:23:36;86.801;148.926;191.185;241.6;8.5;491.1;
1705538316;18.01.2024;00:38:36;86.802;148.939;191.196;241.6;8.5;491.1;
1705539216;18.01.2024;00:53:36;86.803;148.952;191.207;241.6;8.5;491.1;
1705540117;18.01.2024;01:08:37;86.804;148.965;191.22;241.6;8.5;491.1;
1705541017;18.01.2024;01:23:37;86.805;148.979;191.233;241.6;8.5;491.1;
1705541917;18.01.2024;01:38:37;86.806;148.993;191.244;241.6;8.5;491.1;
1705542818;18.01.2024;01:53:38;86.807;149.006;191.255;241.6;8.5;491.1;
1705543718;18.01.2024;02:08:38;86.808;149.019;191.265;241.6;8.5;491.1;
1705544618;18.01.2024;02:23:38;86.809;149.034;191.276;241.6;8.5;491.1;
1705545518;18.01.2024;02:38:38;86.81;149.048;191.287;241.6;8.5;491.1;
1705546419;18.01.2024;02:53:39;86.812;149.062;191.297;241.6;8.5;491.1;
1705547319;18.01.2024;03:08:39;86.821;149.076;191.312;241.6;8.5;491.1;
1705548219;18.01.2024;03:23:39;86.829;149.093;191.34;241.6;8.5;491.1;
1705549120;18.01.2024;03:38:40;86.836;149.114;191.364;241.6;8.5;491.1;
1705550020;18.01.2024;03:53:40;86.842;149.135;191.385;241.6;8.5;491.1;
1705550920;18.01.2024;04:08:40;86.847;149.155;191.405;241.6;8.5;491.1;
1705551821;18.01.2024;04:23:41;86.853;149.175;191.424;241.6;8.5;491.1;
1705552721;18.01.2024;04:38:41;86.857;149.196;191.443;241.6;8.5;491.1;
1705553621;18.01.2024;04:53:41;86.862;149.217;191.463;241.6;8.5;491.1;
1705554522;18.01.2024;05:08:42;86.867;149.238;191.482;241.6;8.5;491.1;
1705555422;18.01.2024;05:23:42;86.872;149.259;191.501;241.6;8.5;491.1;
1705556322;18.01.2024;05:38:42;86.877;149.281;191.521;241.6;8.5;491.2;
1705557223;18.01.2024;05:53:43;86.882;149.303;191.542;241.6;8.5;491.2;
1705558123;18.01.2024;06:08:43;86.887;149.324;191.561;241.6;8.5;491.2;
1705559023;18.01.2024;06:23:43;86.892;149.345;191.58;241.6;8.5;491.3;
1705559924;18.01.2024;06:38:44;86.896;149.367;191.599;241.6;8.5;491.3;
1705560824;18.01.2024;06:53:44;86.901;149.388;191.617;241.6;8.5;491.3;
1705561724;18.01.2024;07:08:44;86.905;149.409;191.636;241.6;8.5;491.3;
1705562624;18.01.2024;07:23:44;86.91;149.431;191.655;241.6;8.5;491.4;
1705563525;18.01.2024;07:38:45;86.914;149.451;191.674;241.6;8.5;491.4;
1705564425;18.01.2024;07:53:45;86.919;149.472;191.693;241.6;8.5;491.4;
1705565325;18.01.2024;08:08:45;86.923;149.492;191.712;241.6;8.5;491.4;
1705566226;18.01.2024;08:23:46;86.928;149.513;191.73;241.6;8.5;491.4;
1705567126;18.01.2024;08:38:46;86.933;149.534;191.749;241.6;8.5;491.4;
1705568026;18.01.2024;08:53:46;86.937;149.554;191.767;241.6;8.5;491.4;
1705568927;18.01.2024;09:08:47;86.941;149.576;191.784;241.6;8.5;491.4;
1705569827;18.01.2024;09:23:47;86.945;149.597;191.8;241.6;8.5;491.4;
1705570727;18.01.2024;09:38:47;86.949;149.617;191.816;241.6;8.5;491.5;
1705571628;18.01.2024;09:53:48;86.954;149.638;191.831;241.6;8.5;491.5;
1705572528;18.01.2024;10:08:48;86.958;149.658;191.846;241.6;8.5;491.5;
1705573428;18.01.2024;10:23:48;86.962;149.678;191.86;241.6;8.5;491.5;
1705574329;18.01.2024;10:38:49;86.966;149.698;191.874;241.6;8.5;491.6;
1705575229;18.01.2024;10:53:49;86.971;149.718;191.889;241.6;8.5;491.6;
1705576129;18.01.2024;11:08:49;86.975;149.738;191.904;241.6;8.5;491.7;
1705577030;18.01.2024;11:23:50;86.979;149.758;191.919;241.6;8.5;491.8;
1705577930;18.01.2024;11:38:50;86.983;149.779;191.933;241.6;8.5;491.8;
1705578830;18.01.2024;11:53:50;86.988;149.801;191.949;241.6;8.5;491.9;
1705579731;18.01.2024;12:08:51;86.993;149.824;191.966;241.6;8.5;492;
1705580631;18.01.2024;12:23:51;86.997;149.845;191.983;241.6;8.5;492.1;
1705581531;18.01.2024;12:38:51;87.001;149.866;192.003;241.6;8.5;492.1;
1705582432;18.01.2024;12:53:52;87.004;149.887;192.02;241.6;8.5;492.2;
1705583332;18.01.2024;13:08:52;87.007;149.908;192.035;241.6;8.5;492.3;
1705584232;18.01.2024;13:23:52;87.011;149.93;192.054;241.6;8.5;492.3;
1705585133;18.01.2024;13:38:53;87.014;149.951;192.072;241.6;8.5;492.4;
1705586033;18.01.2024;13:53:53;87.019;149.972;192.088;241.6;8.5;492.4;
1705586933;18.01.2024;14:08:53;87.022;149.993;192.102;241.6;8.5;492.5;
1705587834;18.01.2024;14:23:54;87.026;150.015;192.117;241.6;8.5;492.6;
1705588734;18.01.2024;14:38:54;87.029;150.038;192.132;241.6;8.5;492.6;
1705589634;18.01.2024;14:53:54;87.032;150.059;192.147;241.6;8.5;492.6;
1705590534;18.01.2024;15:08:54;87.034;150.08;192.16;241.6;8.5;492.7;
1705591435;18.01.2024;15:23:55;87.035;150.099;192.173;241.6;8.5;492.7;
1705592335;18.01.2024;15:38:55;87.037;150.119;192.188;241.6;8.5;492.8;
1705593235;18.01.2024;15:53:55;87.039;150.14;192.203;241.6;8.5;492.8;
1705594136;18.01.2024;16:08:56;87.042;150.161;192.22;241.6;8.5;492.9;
1705595036;18.01.2024;16:23:56;87.044;150.182;192.237;241.6;8.5;492.9;
1705595936;18.01.2024;16:38:56;87.047;150.204;192.253;241.6;8.5;492.9;
1705596837;18.01.2024;16:53:57;87.05;150.225;192.268;241.6;8.5;492.9;
1705597737;18.01.2024;17:08:57;87.055;150.247;192.284;241.6;8.5;492.9;
1705598637;18.01.2024;17:23:57;87.061;150.269;192.3;241.6;8.5;492.9;
1705599538;18.01.2024;17:38:58;87.066;150.291;192.316;241.6;8.5;492.9;
1705600438;18.01.2024;17:53:58;87.07;150.313;192.335;241.6;8.5;492.9;
1705601338;18.01.2024;18:08:58;87.074;150.335;192.353;241.6;8.5;492.9;
1705602239;18.01.2024;18:23:59;87.079;150.358;192.37;241.6;8.5;493;
1705603139;18.01.2024;18:38:59;87.082;150.381;192.387;241.6;8.5;493;
1705604039;18.01.2024;18:53:59;87.085;150.402;192.402;241.6;8.5;493;
1705604940;18.01.2024;19:09:00;87.087;150.421;192.412;241.6;8.5;493;
1705605840;18.01.2024;19:24:00;87.088;150.44;192.419;241.6;8.5;493;
1705606740;18.01.2024;19:39:00;87.09;150.461;192.426;241.6;8.5;493;
1705607641;18.01.2024;19:54:01;87.092;150.482;192.434;241.6;8.5;493;
1705608541;18.01.2024;20:09:01;87.094;150.502;192.442;241.6;8.5;493;
1705609441;18.01.2024;20:24:01;87.096;150.523;192.45;241.6;8.5;493;
1705610342;18.01.2024;20:39:02;87.097;150.541;192.466;241.6;8.5;493;
1705611242;18.01.2024;20:54:02;87.099;150.562;192.477;241.6;8.5;493;
1705612142;18.01.2024;21:09:02;87.1;150.582;192.49;241.6;8.5;493;
1705613043;18.01.2024;21:24:03;87.102;150.601;192.501;241.6;8.5;493;
1705613943;18.01.2024;21:39:03;87.103;150.621;192.512;241.6;8.5;493;
1705614843;18.01.2024;21:54:03;87.104;150.641;192.526;241.6;8.5;493;
1705615744;18.01.2024;22:09:04;87.106;150.661;192.539;241.6;8.5;493;
1705616644;18.01.2024;22:24:04;87.107;150.681;192.552;241.6;8.5;493;
1705617544;18.01.2024;22:39:04;87.108;150.701;192.563;241.6;8.5;493;
1705618445;18.01.2024;22:54:05;87.11;150.722;192.574;241.6;8.5;493;
1705619345;18.01.2024;23:09:05;87.111;150.742;192.585;241.6;8.5;493;
1705620245;18.01.2024;23:24:05;87.113;150.762;192.597;241.6;8.5;493;
1705621146;18.01.2024;23:39:06;87.114;150.782;192.609;241.6;8.5;493;
1705622046;18.01.2024;23:54:06;87.116;150.802;192.621;241.6;8.5;493;
1705622946;19.01.2024;00:09:06;87.117;150.823;192.634;241.6;8.5;493;
1705623847;19.01.2024;00:24:07;87.119;150.844;192.648;241.6;8.5;493;
1705624747;19.01.2024;00:39:07;87.12;150.865;192.661;241.6;8.5;493;
1705625647;19.01.2024;00:54:07;87.122;150.886;192.672;241.6;8.5;493;
1705626548;19.01.2024;01:09:08;87.124;150.907;192.683;241.6;8.5;493;
1705627448;19.01.2024;01:24:08;87.125;150.927;192.695;241.6;8.5;493;
1705628348;19.01.2024;01:39:08;87.127;150.947;192.705;241.6;8.5;493;
1705629249;19.01.2024;01:54:09;87.128;150.968;192.717;241.6;8.5;493;
1705630149;19.01.2024;02:09:09;87.129;150.989;192.733;241.6;8.5;493;
1705631049;19.01.2024;02:24:09;87.131;151.011;192.746;241.6;8.5;493;
1705631950;19.01.2024;02:39:10;87.133;151.032;192.758;241.6;8.5;493;
1705632850;19.01.2024;02:54:10;87.135;151.053;192.77;241.6;8.5;493;
1705633750;19.01.2024;03:09:10;87.142;151.072;192.787;241.6;8.5;493;
1705634651;19.01.2024;03:24:11;87.15;151.093;192.811;241.6;8.5;493;
1705635551;19.01.2024;03:39:11;87.156;151.119;192.834;241.6;8.5;493;
1705636451;19.01.2024;03:54:11;87.162;151.146;192.855;241.6;8.5;493;
1705637352;19.01.2024;04:09:12;87.168;151.173;192.877;241.6;8.5;493;
1705638252;19.01.2024;04:24:12;87.174;151.199;192.897;241.6;8.5;493;
1705639152;19.01.2024;04:39:12;87.179;151.225;192.918;241.6;8.5;493;
1705640053;19.01.2024;04:54:13;87.185;151.251;192.939;241.6;8.5;493;
1705640953;19.01.2024;05:09:13;87.19;151.277;192.959;241.6;8.5;493;
1705641853;19.01.2024;05:24:13;87.195;151.302;192.978;241.6;8.5;493;
1705642753;19.01.2024;05:39:13;87.2;151.327;192.998;241.6;8.5;493.1;
1705643654;19.01.2024;05:54:14;87.206;151.352;193.018;241.6;8.5;493.1;
1705644554;19.01.2024;06:09:14;87.211;151.378;193.04;241.6;8.5;493.1;
1705645454;19.01.2024;06:24:14;87.216;151.402;193.06;241.6;8.5;493.1;
1705646355;19.01.2024;06:39:15;87.221;151.426;193.079;241.6;8.5;493.2;
1705647255;19.01.2024;06:54:15;87.226;151.45;193.098;241.6;8.5;493.2;
1705648155;19.01.2024;07:09:15;87.23;151.473;193.117;241.6;8.5;493.2;
1705649056;19.01.2024;07:24:16;87.235;151.496;193.136;241.6;8.5;493.2;
1705649956;19.01.2024;07:39:16;87.24;151.519;193.155;241.6;8.5;493.2;
1705650856;19.01.2024;07:54:16;87.244;151.541;193.172;241.6;8.5;493.2;
1705651757;19.01.2024;08:09:17;87.248;151.563;193.189;241.6;8.5;493.2;
1705652657;19.01.2024;08:24:17;87.253;151.588;193.208;241.6;8.5;493.2;
1705653557;19.01.2024;08:39:17;87.258;151.611;193.226;241.6;8.5;493.2;
1705654458;19.01.2024;08:54:18;87.262;151.635;193.242;241.6;8.5;493.2;
1705655358;19.01.2024;09:09:18;87.267;151.657;193.259;241.6;8.5;493.2;
1705656258;19.01.2024;09:24:18;87.271;151.68;193.276;241.6;8.5;493.3;
1705657159;19.01.2024;09:39:19;87.275;151.703;193.293;241.6;8.5;493.3;
1705658059;19.01.2024;09:54:19;87.28;151.726;193.31;241.6;8.5;493.3;
1705658959;19.01.2024;10:09:19;87.284;151.75;193.329;241.6;8.5;493.3;
1705659860;19.01.2024;10:24:20;87.289;151.774;193.346;241.6;8.5;493.3;
1705660760;19.01.2024;10:39:20;87.294;151.798;193.364;241.6;8.5;493.3;
1705661660;19.01.2024;10:54:20;87.298;151.821;193.382;241.6;8.5;493.3;
1705662561;19.01.2024;11:09:21;87.302;151.845;193.4;241.6;8.5;493.3;
1705663461;19.01.2024;11:24:21;87.307;151.87;193.419;241.6;8.5;493.4;
1705664361;19.01.2024;11:39:21;87.312;151.895;193.439;241.6;8.5;493.5;
1705665262;19.01.2024;11:54:22;87.316;151.919;193.458;241.6;8.5;493.5;
1705666162;19.01.2024;12:09:22;87.321;151.944;193.476;241.6;8.5;493.5;
1705667062;19.01.2024;12:24:22;87.326;151.968;193.494;241.6;8.5;493.5;
1705667963;19.01.2024;12:39:23;87.33;151.992;193.512;241.6;8.5;493.6;
1705668863;19.01.2024;12:54:23;87.335;152.014;193.53;241.6;8.5;493.6;
1705669763;19.01.2024;13:09:23;87.34;152.038;193.549;241.6;8.5;493.7;
1705670664;19.01.2024;13:24:24;87.345;152.061;193.567;241.6;8.5;493.7;
1705671564;19.01.2024;13:39:24;87.35;152.084;193.583;241.6;8.5;493.7;
1705672464;19.01.2024;13:54:24;87.354;152.107;193.6;241.6;8.5;493.7;
1705673365;19.01.2024;14:09:25;87.358;152.13;193.616;241.6;8.5;493.7;
1705674265;19.01.2024;14:24:25;87.362;152.153;193.634;241.6;8.5;493.8;
1705675165;19.01.2024;14:39:25;87.366;152.175;193.651;241.6;8.5;493.8;
1705676066;19.01.2024;14:54:26;87.37;152.197;193.665;241.6;8.5;493.8;
1705676966;19.01.2024;15:09:26;87.373;152.219;193.68;241.6;8.5;493.8;
1705677866;19.01.2024;15:24:26;87.377;152.244;193.697;241.6;8.5;493.9;
1705678767;19.01.2024;15:39:27;87.382;152.268;193.714;241.6;8.5;493.9;
1705679667;19.01.2024;15:54:27;87.386;152.29;193.731;241.6;8.5;493.9;
1705680567;19.01.2024;16:09:27;87.391;152.314;193.748;241.6;8.5;493.9;
1705681468;19.01.2024;16:24:28;87.396;152.337;193.765;241.6;8.5;493.9;
1705682368;19.01.2024;16:39:28;87.4;152.361;193.783;241.6;8.5;493.9;
1705683268;19.01.2024;16:54:28;87.405;152.386;193.8;241.6;8.5;493.9;
1705684169;19.01.2024;17:09:29;87.41;152.41;193.818;241.6;8.5;493.9;
1705685069;19.01.2024;17:24:29;87.415;152.434;193.837;241.6;8.5;493.9;
1705685969;19.01.2024;17:39:29;87.419;152.46;193.856;241.6;8.5;493.9;
1705686869;19.01.2024;17:54:29;87.424;152.484;193.874;241.6;8.5;493.9;
1705687770;19.01.2024;18:09:30;87.429;152.509;193.892;241.6;8.5;493.9;
1705688670;19.01.2024;18:24:30;87.434;152.534;193.91;241.6;8.5;493.9;
1705689570;19.01.2024;18:39:30;87.437;152.559;193.929;241.6;8.5;493.9;
1705690471;19.01.2024;18:54:31;87.44;152.582;193.948;241.6;8.5;494;
1705691371;19.01.2024;19:09:31;87.443;152.603;193.96;241.6;8.5;494;
1705692271;19.01.2024;19:24:31;87.444;152.621;193.973;241.6;8.5;494;
1705693172;19.01.2024;19:39:32;87.445;152.642;193.987;241.6;8.5;494;
1705694072;19.01.2024;19:54:32;87.447;152.663;194;241.6;8.5;494;
1705694972;19.01.2024;20:09:32;87.448;152.683;194.012;241.6;8.5;494;
1705695873;19.01.2024;20:24:33;87.45;152.703;194.023;241.6;8.5;494;
1705696773;19.01.2024;20:39:33;87.451;152.723;194.034;241.6;8.5;494;
1705697673;19.01.2024;20:54:33;87.453;152.744;194.045;241.6;8.5;494;
1705698574;19.01.2024;21:09:34;87.454;152.764;194.057;241.6;8.5;494;
1705699474;19.01.2024;21:24:34;87.455;152.784;194.068;241.6;8.5;494;
1705700374;19.01.2024;21:39:34;87.457;152.805;194.08;241.6;8.5;494;
1705701275;19.01.2024;21:54:35;87.458;152.826;194.092;241.6;8.5;494;
1705702175;19.01.2024;22:09:35;87.46;152.847;194.104;241.6;8.5;494;
1705703075;19.01.2024;22:24:35;87.461;152.867;194.115;241.6;8.5;494;
1705703976;19.01.2024;22:39:36;87.462;152.887;194.127;241.6;8.5;494;
1705704876;19.01.2024;22:54:36;87.463;152.908;194.139;241.6;8.5;494;
1705705776;19.01.2024;23:09:36;87.465;152.927;194.154;241.6;8.5;494;
1705706677;19.01.2024;23:24:37;87.466;152.947;194.168;241.6;8.5;494;
1705707577;19.01.2024;23:39:37;87.469;152.968;194.183;241.6;8.5;494;
1705708477;19.01.2024;23:54:37;87.471;152.99;194.197;241.6;8.5;494;
1705709378;20.01.2024;00:09:38;87.473;153.015;194.209;241.6;8.5;494;
1705710278;20.01.2024;00:24:38;87.475;153.039;194.223;241.6;8.5;494;
1705711178;20.01.2024;00:39:38;87.477;153.061;194.238;241.6;8.5;494;
1705712079;20.01.2024;00:54:39;87.479;153.082;194.252;241.6;8.5;494;
1705712979;20.01.2024;01:09:39;87.481;153.104;194.266;241.6;8.5;494;
1705713879;20.01.2024;01:24:39;87.482;153.124;194.282;241.6;8.5;494;
1705714780;20.01.2024;01:39:40;87.484;153.144;194.297;241.6;8.5;494;
1705715680;20.01.2024;01:54:40;87.485;153.165;194.31;241.6;8.5;494;
1705716580;20.01.2024;02:09:40;87.486;153.187;194.323;241.6;8.5;494;
1705717481;20.01.2024;02:24:41;87.487;153.213;194.335;241.6;8.5;494;
1705718381;20.01.2024;02:39:41;87.489;153.24;194.348;241.6;8.5;494;
1705719281;20.01.2024;02:54:41;87.491;153.263;194.365;241.6;8.5;494;
1705720182;20.01.2024;03:09:42;87.493;153.285;194.382;241.6;8.5;494;
1705721082;20.01.2024;03:24:42;87.495;153.307;194.398;241.6;8.5;494;
1705721982;20.01.2024;03:39:42;87.497;153.328;194.414;241.6;8.5;494;
1705722883;20.01.2024;03:54:43;87.501;153.349;194.428;241.6;8.5;494;
1705723783;20.01.2024;04:09:43;87.505;153.37;194.442;241.6;8.5;494;
1705724683;20.01.2024;04:24:43;87.507;153.394;194.458;241.6;8.5;494;
1705725584;20.01.2024;04:39:44;87.509;153.421;194.472;241.6;8.5;494;
1705726484;20.01.2024;04:54:44;87.511;153.448;194.486;241.6;8.5;494;
1705727384;20.01.2024;05:09:44;87.512;153.47;194.504;241.6;8.5;494;
1705728285;20.01.2024;05:24:45;87.514;153.492;194.522;241.6;8.5;494;
1705729185;20.01.2024;05:39:45;87.517;153.514;194.538;241.6;8.5;494;
1705730085;20.01.2024;05:54:45;87.52;153.535;194.554;241.6;8.5;494;
1705730985;20.01.2024;06:09:45;87.522;153.556;194.57;241.6;8.5;494;
1705731886;20.01.2024;06:24:46;87.525;153.578;194.586;241.6;8.5;494;
1705732786;20.01.2024;06:39:46;87.529;153.602;194.599;241.6;8.5;494;
1705733686;20.01.2024;06:54:46;87.532;153.627;194.613;241.6;8.5;494;
1705734587;20.01.2024;07:09:47;87.535;153.653;194.627;241.6;8.5;494;
1705735487;20.01.2024;07:24:47;87.537;153.675;194.644;241.6;8.5;494;
1705736387;20.01.2024;07:39:47;87.538;153.697;194.659;241.6;8.5;494;
1705737288;20.01.2024;07:54:48;87.54;153.719;194.676;241.6;8.5;494;
1705738188;20.01.2024;08:09:48;87.542;153.741;194.691;241.6;8.5;494;
1705739088;20.01.2024;08:24:48;87.545;153.763;194.707;241.6;8.5;494;
1705739989;20.01.2024;08:39:49;87.549;153.787;194.721;241.6;8.5;494;
1705740889;20.01.2024;08:54:49;87.553;153.813;194.734;241.6;8.5;494;
1705741789;20.01.2024;09:09:49;87.555;153.84;194.748;241.6;8.5;494;
1705742690;20.01.2024;09:24:50;87.557;153.863;194.763;241.6;8.5;494;
1705743590;20.01.2024;09:39:50;87.56;153.885;194.778;241.6;8.5;494;
1705744490;20.01.2024;09:54:50;87.562;153.906;194.794;241.6;8.5;494;
1705745390;20.01.2024;10:09:50;87.564;153.928;194.808;241.6;8.5;494;
1705746291;20.01.2024;10:24:51;87.566;153.949;194.822;241.6;8.5;494;
1705747191;20.01.2024;10:39:51;87.567;153.97;194.836;241.6;8.5;494;
1705748091;20.01.2024;10:54:51;87.568;153.994;194.849;241.6;8.5;494;
1705748992;20.01.2024;11:09:52;87.569;154.02;194.86;241.6;8.5;494;
1705749892;20.01.2024;11:24:52;87.57;154.046;194.872;241.6;8.5;494;
1705750792;20.01.2024;11:39:52;87.571;154.068;194.885;241.6;8.5;494;
1705751693;20.01.2024;11:54:53;87.573;154.091;194.898;241.6;8.5;494;
1705752593;20.01.2024;12:09:53;87.574;154.113;194.91;241.6;8.5;494;
1705753493;20.01.2024;12:24:53;87.576;154.134;194.923;241.6;8.5;494;
1705754393;20.01.2024;12:39:53;87.577;154.155;194.935;241.6;8.5;494;
1705755294;20.01.2024;12:54:54;87.578;154.175;194.946;241.6;8.5;494;
1705756194;20.01.2024;13:09:54;87.579;154.198;194.956;241.6;8.5;494;
1705757094;20.01.2024;13:24:54;87.58;154.22;194.966;241.6;8.5;494;
1705757995;20.01.2024;13:39:55;87.581;154.239;194.977;241.6;8.5;494;
1705758895;20.01.2024;13:54:55;87.583;154.257;194.99;241.6;8.5;494;
1705759795;20.01.2024;14:09:55;87.584;154.276;195;241.6;8.5;494;
1705760696;20.01.2024;14:24:56;87.585;154.293;195.01;241.6;8.5;494;
1705761596;20.01.2024;14:39:56;87.586;154.309;195.019;241.6;8.5;494;
1705762496;20.01.2024;14:54:56;87.587;154.326;195.028;241.6;8.5;494;
1705763397;20.01.2024;15:09:57;87.588;154.344;195.036;241.6;8.5;494;
1705764297;20.01.2024;15:24:57;87.589;154.365;195.045;241.6;8.5;494;
1705765197;20.01.2024;15:39:57;87.59;154.382;195.055;241.6;8.5;494;
1705766098;20.01.2024;15:54:58;87.592;154.398;195.065;241.6;8.5;494;
1705766998;20.01.2024;16:09:58;87.593;154.415;195.074;241.6;8.5;494;
1705767898;20.01.2024;16:24:58;87.594;154.43;195.086;241.6;8.5;494;
1705768799;20.01.2024;16:39:59;87.595;154.446;195.096;241.6;8.5;494;
1705769699;20.01.2024;16:54:59;87.596;154.462;195.106;241.6;8.5;494;
1705770599;20.01.2024;17:09:59;87.598;154.481;195.117;241.6;8.5;494;
1705771500;20.01.2024;17:25:00;87.599;154.499;195.128;241.6;8.5;494;
1705772400;20.01.2024;17:40:00;87.602;154.517;195.139;241.6;8.5;494;
1705773300;20.01.2024;17:55:00;87.604;154.535;195.15;241.6;8.5;494;
1705774200;20.01.2024;18:10:00;87.606;154.554;195.161;241.6;8.5;494;
1705775101;20.01.2024;18:25:01;87.607;154.575;195.173;241.6;8.5;494;
1705776001;20.01.2024;18:40:01;87.609;154.599;195.185;241.6;8.5;494;
1705776901;20.01.2024;18:55:01;87.61;154.621;195.198;241.6;8.5;494;
1705777802;20.01.2024;19:10:02;87.612;154.641;195.209;241.6;8.5;494;
1705778702;20.01.2024;19:25:02;87.614;154.662;195.22;241.6;8.5;494;
1705779602;20.01.2024;19:40:02;87.616;154.683;195.231;241.6;8.5;494;
1705780503;20.01.2024;19:55:03;87.62;154.703;195.242;241.6;8.5;494;
1705781403;20.01.2024;20:10:03;87.624;154.724;195.253;241.6;8.5;494;
1705782303;20.01.2024;20:25:03;87.628;154.744;195.266;241.6;8.5;494;
1705783204;20.01.2024;20:40:04;87.63;154.766;195.279;241.6;8.5;494;
1705784104;20.01.2024;20:55:04;87.632;154.79;195.291;241.6;8.5;494;
1705785004;20.01.2024;21:10:04;87.634;154.81;195.306;241.6;8.5;494;
1705785905;20.01.2024;21:25:05;87.636;154.83;195.32;241.6;8.5;494;
1705786805;20.01.2024;21:40:05;87.639;154.851;195.333;241.6;8.5;494;
1705787705;20.01.2024;21:55:05;87.641;154.873;195.347;241.6;8.5;494;
1705788606;20.01.2024;22:10:06;87.645;154.893;195.36;241.6;8.5;494;
1705789506;20.01.2024;22:25:06;87.648;154.914;195.374;241.6;8.5;494;
1705790406;20.01.2024;22:40:06;87.651;154.934;195.39;241.6;8.5;494;
1705791307;20.01.2024;22:55:07;87.653;154.958;195.405;241.6;8.5;494;
1705792207;20.01.2024;23:10:07;87.654;154.983;195.419;241.6;8.5;494;
1705793107;20.01.2024;23:25:07;87.656;155.005;195.435;241.6;8.5;494;
1705794008;20.01.2024;23:40:08;87.66;155.026;195.45;241.6;8.5;494;
1705794908;20.01.2024;23:55:08;87.664;155.048;195.464;241.6;8.5;494;
1705795808;21.01.2024;00:10:08;87.669;155.069;195.477;241.6;8.5;494;
1705796709;21.01.2024;00:25:09;87.673;155.09;195.491;241.6;8.5;494;
1705797609;21.01.2024;00:40:09;87.675;155.111;195.505;241.6;8.5;494;
1705798509;21.01.2024;00:55:09;87.678;155.132;195.521;241.6;8.5;494;
1705799410;21.01.2024;01:10:10;87.679;155.156;195.535;241.6;8.5;494;
1705800310;21.01.2024;01:25:10;87.681;155.179;195.55;241.6;8.5;494;
1705801210;21.01.2024;01:40:10;87.683;155.2;195.565;241.6;8.5;494;
1705802111;21.01.2024;01:55:11;87.686;155.22;195.578;241.6;8.5;494;
1705803011;21.01.2024;02:10:11;87.69;155.24;195.59;241.6;8.5;494;
1705803911;21.01.2024;02:25:11;87.695;155.258;195.601;241.6;8.5;494;
1705804811;21.01.2024;02:40:11;87.699;155.277;195.614;241.6;8.5;494;
1705805712;21.01.2024;02:55:12;87.701;155.297;195.628;241.6;8.5;494;
1705806612;21.01.2024;03:10:12;87.703;155.319;195.644;241.6;8.5;494;
1705807512;21.01.2024;03:25:12;87.705;155.344;195.658;241.6;8.5;494;
1705808413;21.01.2024;03:40:13;87.706;155.366;195.674;241.6;8.5;494;
1705809313;21.01.2024;03:55:13;87.708;155.387;195.69;241.6;8.5;494;
1705810213;21.01.2024;04:10:13;87.711;155.408;195.705;241.6;8.5;494;
1705811114;21.01.2024;04:25:14;87.716;155.429;195.718;241.6;8.5;494;
1705812014;21.01.2024;04:40:14;87.72;155.449;195.733;241.6;8.5;494;
1705812914;21.01.2024;04:55:14;87.724;155.469;195.748;241.6;8.5;494;
1705813815;21.01.2024;05:10:15;87.728;155.49;195.762;241.6;8.5;494;
1705814715;21.01.2024;05:25:15;87.73;155.513;195.778;241.6;8.5;494;
1705815615;21.01.2024;05:40:15;87.732;155.538;195.793;241.6;8.5;494;
1705816516;21.01.2024;05:55:16;87.734;155.556;195.806;241.6;8.5;494;
1705817416;21.01.2024;06:10:16;87.736;155.572;195.815;241.6;8.5;494;
1705818316;21.01.2024;06:25:16;87.739;155.588;195.824;241.6;8.5;494;
1705819217;21.01.2024;06:40:17;87.743;155.604;195.834;241.6;8.5;494;
1705820117;21.01.2024;06:55:17;87.746;155.622;195.847;241.6;8.5;494;
1705821017;21.01.2024;07:10:17;87.749;155.641;195.864;241.6;8.5;494;
1705821918;21.01.2024;07:25:18;87.751;155.662;195.879;241.6;8.5;494;
1705822818;21.01.2024;07:40:18;87.753;155.687;195.896;241.6;8.5;494;
1705823718;21.01.2024;07:55:18;87.756;155.712;195.911;241.6;8.5;494;
1705824619;21.01.2024;08:10:19;87.76;155.733;195.927;241.6;8.5;494;
1705825519;21.01.2024;08:25:19;87.764;155.749;195.936;241.6;8.5;494;
1705826419;21.01.2024;08:40:19;87.766;155.765;195.945;241.6;8.5;494;
1705827320;21.01.2024;08:55:20;87.769;155.78;195.956;241.6;8.5;494;
1705828220;21.01.2024;09:10:20;87.771;155.798;195.97;241.6;8.5;494;
1705829120;21.01.2024;09:25:20;87.774;155.818;195.986;241.6;8.5;494;
1705830021;21.01.2024;09:40:21;87.777;155.841;196.001;241.6;8.5;494;
1705830921;21.01.2024;09:55:21;87.779;155.86;196.011;241.6;8.5;494;
1705831821;21.01.2024;10:10:21;87.781;155.876;196.021;241.6;8.5;494;
1705832722;21.01.2024;10:25:22;87.784;155.891;196.031;241.6;8.5;494;
1705833622;21.01.2024;10:40:22;87.787;155.91;196.042;241.6;8.5;494;
1705834522;21.01.2024;10:55:22;87.79;155.929;196.057;241.6;8.5;494;
1705835423;21.01.2024;11:10:23;87.792;155.947;196.072;241.6;8.5;494;
1705836323;21.01.2024;11:25:23;87.794;155.963;196.088;241.6;8.5;494;
1705837223;21.01.2024;11:40:23;87.796;155.979;196.102;241.6;8.5;494;
1705838124;21.01.2024;11:55:24;87.798;155.994;196.111;241.6;8.5;494;
1705839024;21.01.2024;12:10:24;87.798;156.006;196.115;241.6;8.5;494;
1705839924;21.01.2024;12:25:24;87.798;156.016;196.12;241.6;8.5;494;
1705840825;21.01.2024;12:40:25;87.798;156.025;196.123;241.6;8.5;494;
1705841725;21.01.2024;12:55:25;87.798;156.034;196.125;241.6;8.5;494;
1705842625;21.01.2024;13:10:25;87.799;156.044;196.131;241.6;8.5;494;
1705843526;21.01.2024;13:25:26;87.799;156.054;196.135;241.6;8.5;494;
1705844426;21.01.2024;13:40:26;87.8;156.066;196.144;241.6;8.5;494;
1705845326;21.01.2024;13:55:26;87.801;156.079;196.152;241.6;8.5;494;
1705846227;21.01.2024;14:10:27;87.801;156.085;196.153;241.6;8.5;494;
1705847127;21.01.2024;14:25:27;87.801;156.092;196.153;241.6;8.5;494;
1705848027;21.01.2024;14:40:27;87.801;156.102;196.157;241.6;8.5;494;
1705848928;21.01.2024;14:55:28;87.803;156.119;196.169;241.6;8.5;494;
1705849828;21.01.2024;15:10:28;87.806;156.14;196.19;241.6;8.5;494;
1705850728;21.01.2024;15:25:28;87.81;156.156;196.203;241.6;8.5;494;
1705851628;21.01.2024;15:40:28;87.813;156.172;196.217;241.6;8.5;494;
1705852529;21.01.2024;15:55:29;87.816;156.189;196.234;241.6;8.5;494;
1705853429;21.01.2024;16:10:29;87.819;156.206;196.248;241.6;8.5;494;
1705854329;21.01.2024;16:25:29;87.822;156.224;196.262;241.6;8.5;494;
1705855230;21.01.2024;16:40:30;87.825;156.237;196.277;241.6;8.5;494;
1705856130;21.01.2024;16:55:30;87.828;156.249;196.291;241.6;8.5;494;
1705857030;21.01.2024;17:10:30;87.831;156.26;196.304;241.6;8.5;494;
1705857931;21.01.2024;17:25:31;87.835;156.269;196.314;241.6;8.5;494;
1705858831;21.01.2024;17:40:31;87.838;156.279;196.328;241.6;8.5;494;
1705859731;21.01.2024;17:55:31;87.841;156.29;196.343;241.6;8.5;494;
1705860632;21.01.2024;18:10:32;87.843;156.303;196.358;241.6;8.5;494;
1705861532;21.01.2024;18:25:32;87.845;156.315;196.371;241.6;8.5;494;
1705862432;21.01.2024;18:40:32;87.847;156.326;196.383;241.6;8.5;494;
1705863333;21.01.2024;18:55:33;87.849;156.337;196.397;241.6;8.5;494;
1705864233;21.01.2024;19:10:33;87.851;156.346;196.407;241.6;8.5;494;
1705865133;21.01.2024;19:25:33;87.852;156.358;196.418;241.6;8.5;494;
1705866034;21.01.2024;19:40:34;87.854;156.374;196.433;241.6;8.5;494;
1705866934;21.01.2024;19:55:34;87.856;156.385;196.448;241.6;8.5;494;
1705867834;21.01.2024;20:10:34;87.859;156.396;196.46;241.6;8.5;494;
1705868735;21.01.2024;20:25:35;87.861;156.407;196.472;241.6;8.5;494;
1705869635;21.01.2024;20:40:35;87.863;156.417;196.484;241.6;8.5;494;
1705870535;21.01.2024;20:55:35;87.867;156.427;196.496;241.6;8.5;494;
1705871436;21.01.2024;21:10:36;87.872;156.438;196.507;241.6;8.5;494;
1705872336;21.01.2024;21:25:36;87.875;156.448;196.517;241.6;8.5;494;
1705873236;21.01.2024;21:40:36;87.877;156.457;196.53;241.6;8.5;494;
1705874136;21.01.2024;21:55:36;87.879;156.466;196.543;241.6;8.5;494;
1705875037;21.01.2024;22:10:37;87.881;156.476;196.557;241.6;8.5;494;
1705875937;21.01.2024;22:25:37;87.884;156.485;196.569;241.6;8.5;494;
1705876837;21.01.2024;22:40:37;87.886;156.497;196.581;241.6;8.5;494;
1705877738;21.01.2024;22:55:38;87.887;156.511;196.594;241.6;8.5;494;
1705878638;21.01.2024;23:10:38;87.889;156.521;196.607;241.6;8.5;494;
1705879538;21.01.2024;23:25:38;87.891;156.529;196.62;241.6;8.5;494;
1705880439;21.01.2024;23:40:39;87.893;156.539;196.634;241.6;8.5;494;
1705881339;21.01.2024;23:55:39;87.894;156.549;196.648;241.6;8.5;494;
1705882239;22.01.2024;00:10:39;87.897;156.559;196.661;241.6;8.5;494;
1705883140;22.01.2024;00:25:40;87.899;156.569;196.671;241.6;8.5;494;
1705884040;22.01.2024;00:40:40;87.901;156.577;196.68;241.6;8.5;494;
1705884940;22.01.2024;00:55:40;87.904;156.587;196.69;241.6;8.5;494;
1705885841;22.01.2024;01:10:41;87.906;156.596;196.701;241.6;8.5;494;
1705886741;22.01.2024;01:25:41;87.908;156.605;196.717;241.6;8.5;494;
1705887641;22.01.2024;01:40:41;87.91;156.614;196.73;241.6;8.5;494;
1705888542;22.01.2024;01:55:42;87.912;156.626;196.743;241.6;8.5;494;
1705889442;22.01.2024;02:10:42;87.916;156.64;196.755;241.6;8.5;494;
1705890342;22.01.2024;02:25:42;87.92;156.649;196.767;241.6;8.5;494;
1705891243;22.01.2024;02:40:43;87.923;156.656;196.778;241.6;8.5;494;
1705892143;22.01.2024;02:55:43;87.925;156.665;196.788;241.6;8.5;494;
1705893043;22.01.2024;03:10:43;87.931;156.672;196.805;241.6;8.5;494;
1705893944;22.01.2024;03:25:44;87.937;156.684;196.829;241.6;8.5;494;
1705894844;22.01.2024;03:40:44;87.942;156.7;196.851;241.6;8.5;494;
1705895744;22.01.2024;03:55:44;87.949;156.714;196.872;241.6;8.5;494;
1705896645;22.01.2024;04:10:45;87.954;156.726;196.89;241.6;8.5;494;
1705897545;22.01.2024;04:25:45;87.959;156.738;196.907;241.6;8.5;494;
1705898445;22.01.2024;04:40:45;87.963;156.75;196.925;241.6;8.5;494;
1705899346;22.01.2024;04:55:46;87.969;156.763;196.945;241.6;8.5;494;
1705900246;22.01.2024;05:10:46;87.974;156.777;196.966;241.6;8.5;494;
1705901147;22.01.2024;05:25:47;87.979;156.789;196.985;241.6;8.5;494;
1705902048;22.01.2024;05:40:48;87.984;156.8;197.004;241.6;8.5;494;
1705902949;22.01.2024;05:55:49;87.989;156.812;197.022;241.6;8.5;494;
1705903849;22.01.2024;06:10:49;87.993;156.825;197.041;241.6;8.5;494.1;
1705904749;22.01.2024;06:25:49;87.998;156.838;197.059;241.6;8.5;494.2;
1705905650;22.01.2024;06:40:50;88.003;156.851;197.079;241.6;8.5;494.2;
1705906550;22.01.2024;06:55:50;88.008;156.863;197.098;241.6;8.5;494.2;
1705907450;22.01.2024;07:10:50;88.012;156.875;197.115;241.6;8.5;494.2;
1705908350;22.01.2024;07:25:50;88.017;156.886;197.133;241.6;8.5;494.2;
1705909251;22.01.2024;07:40:51;88.021;156.898;197.15;241.6;8.5;494.2;
1705910151;22.01.2024;07:55:51;88.025;156.909;197.166;241.6;8.5;494.2;
1705911051;22.01.2024;08:10:51;88.029;156.921;197.182;241.6;8.5;494.2;
1705911952;22.01.2024;08:25:52;88.034;156.936;197.204;241.6;8.5;494.2;
1705912852;22.01.2024;08:40:52;88.039;156.947;197.222;241.6;8.5;494.2;
1705913752;22.01.2024;08:55:52;88.042;156.956;197.236;241.6;8.5;494.2;
1705914653;22.01.2024;09:10:53;88.046;156.966;197.251;241.6;8.5;494.2;
1705915553;22.01.2024;09:25:53;88.049;156.976;197.266;241.6;8.5;494.2;
1705916453;22.01.2024;09:40:53;88.053;156.986;197.282;241.6;8.5;494.3;
1705917354;22.01.2024;09:55:54;88.057;156.995;197.296;241.6;8.5;494.3;
1705918254;22.01.2024;10:10:54;88.061;157.004;197.309;241.6;8.5;494.3;
1705919154;22.01.2024;10:25:54;88.065;157.015;197.325;241.6;8.5;494.4;
1705920055;22.01.2024;10:40:55;88.07;157.021;197.342;241.6;8.5;494.4;
1705920955;22.01.2024;10:55:55;88.076;157.027;197.358;241.6;8.5;494.4;
1705921855;22.01.2024;11:10:55;88.082;157.032;197.372;241.6;8.5;494.4;
1705922756;22.01.2024;11:25:56;88.086;157.035;197.384;241.6;8.5;494.4;
1705923656;22.01.2024;11:40:56;88.09;157.039;197.395;241.6;8.5;494.4;
1705924556;22.01.2024;11:55:56;88.094;157.043;197.408;241.6;8.5;494.5;
1705925457;22.01.2024;12:10:57;88.098;157.048;197.419;241.6;8.5;494.5;
1705926357;22.01.2024;12:25:57;88.101;157.051;197.431;241.6;8.5;494.5;
1705927257;22.01.2024;12:40:57;88.105;157.053;197.441;241.6;8.5;494.6;
1705928158;22.01.2024;12:55:58;88.108;157.055;197.452;241.6;8.5;494.6;
1705929058;22.01.2024;13:10:58;88.111;157.058;197.462;241.6;8.5;494.7;
1705929958;22.01.2024;13:25:58;88.114;157.062;197.471;241.6;8.5;494.8;
1705930859;22.01.2024;13:40:59;88.116;157.065;197.48;241.6;8.5;494.8;
1705931759;22.01.2024;13:55:59;88.119;157.068;197.49;241.6;8.5;494.9;
1705932659;22.01.2024;14:10:59;88.121;157.072;197.499;241.6;8.5;494.9;
1705933560;22.01.2024;14:26:00;88.124;157.074;197.508;241.6;8.5;494.9;
1705934460;22.01.2024;14:41:00;88.127;157.077;197.517;241.6;8.5;494.9;
1705935360;22.01.2024;14:56:00;88.129;157.08;197.527;241.6;8.5;494.9;
1705936261;22.01.2024;15:11:01;88.133;157.083;197.538;241.6;8.5;495;
1705937161;22.01.2024;15:26:01;88.136;157.086;197.55;241.6;8.5;495;
1705938061;22.01.2024;15:41:01;88.139;157.09;197.563;241.6;8.5;495;
1705938961;22.01.2024;15:56:01;88.141;157.094;197.574;241.6;8.5;495.2;
1705939862;22.01.2024;16:11:02;88.145;157.097;197.584;241.6;8.5;495.2;
1705940762;22.01.2024;16:26:02;88.15;157.1;197.593;241.6;8.5;495.2;
1705941662;22.01.2024;16:41:02;88.153;157.103;197.602;241.6;8.5;495.2;
1705942563;22.01.2024;16:56:03;88.156;157.106;197.611;241.6;8.5;495.2;
1705943463;22.01.2024;17:11:03;88.159;157.11;197.621;241.6;8.5;495.2;
1705944363;22.01.2024;17:26:03;88.162;157.113;197.63;241.6;8.5;495.2;
1705945264;22.01.2024;17:41:04;88.166;157.116;197.641;241.6;8.5;495.2;
1705946164;22.01.2024;17:56:04;88.17;157.119;197.654;241.6;8.5;495.3;
1705947064;22.01.2024;18:11:04;88.174;157.124;197.667;241.6;8.5;495.3;
1705947965;22.01.2024;18:26:05;88.178;157.128;197.679;241.6;8.5;495.3;
1705948865;22.01.2024;18:41:05;88.179;157.131;197.689;241.6;8.5;495.3;
1705949765;22.01.2024;18:56:05;88.181;157.133;197.698;241.6;8.5;495.3;
1705950666;22.01.2024;19:11:06;88.182;157.135;197.703;241.6;8.5;495.3;
1705951566;22.01.2024;19:26:06;88.184;157.136;197.707;241.6;8.5;495.3;
1705952466;22.01.2024;19:41:06;88.185;157.137;197.711;241.6;8.5;495.3;
1705953367;22.01.2024;19:56:07;88.186;157.139;197.715;241.6;8.5;495.3;
1705954267;22.01.2024;20:11:07;88.188;157.142;197.72;241.6;8.5;495.3;
1705955167;22.01.2024;20:26:07;88.189;157.146;197.725;241.6;8.5;495.3;
1705956068;22.01.2024;20:41:08;88.19;157.149;197.729;241.6;8.5;495.3;
1705956968;22.01.2024;20:56:08;88.192;157.151;197.734;241.6;8.5;495.3;
1705957868;22.01.2024;21:11:08;88.193;157.153;197.739;241.6;8.5;495.3;
1705958769;22.01.2024;21:26:09;88.194;157.157;197.743;241.6;8.5;495.3;
1705959669;22.01.2024;21:41:09;88.196;157.161;197.747;241.6;8.5;495.3;
1705960569;22.01.2024;21:56:09;88.197;157.163;197.752;241.6;8.5;495.3;
1705961469;22.01.2024;22:11:09;88.198;157.165;197.757;241.6;8.5;495.3;
1705962370;22.01.2024;22:26:10;88.199;157.169;197.762;241.6;8.5;495.3;
1705963270;22.01.2024;22:41:10;88.201;157.173;197.766;241.6;8.5;495.3;
1705964170;22.01.2024;22:56:10;88.202;157.177;197.771;241.6;8.5;495.3;
1705965071;22.01.2024;23:11:11;88.203;157.179;197.776;241.6;8.5;495.3;
1705965971;22.01.2024;23:26:11;88.204;157.182;197.781;241.6;8.5;495.3;
1705966871;22.01.2024;23:41:11;88.206;157.185;197.786;241.6;8.5;495.3;
1705967772;22.01.2024;23:56:12;88.207;157.189;197.79;241.6;8.5;495.3;
1705968672;23.01.2024;00:11:12;88.208;157.192;197.795;241.6;8.5;495.3;
1705969572;23.01.2024;00:26:12;88.21;157.194;197.801;241.6;8.5;495.3;
1705970473;23.01.2024;00:41:13;88.211;157.198;197.807;241.6;8.5;495.3;
1705971373;23.01.2024;00:56:13;88.212;157.202;197.811;241.6;8.5;495.3;
1705972273;23.01.2024;01:11:13;88.213;157.205;197.816;241.6;8.5;495.3;
1705973174;23.01.2024;01:26:14;88.215;157.207;197.821;241.6;8.5;495.3;
1705974074;23.01.2024;01:41:14;88.216;157.211;197.826;241.6;8.5;495.3;
1705974974;23.01.2024;01:56:14;88.217;157.214;197.831;241.6;8.5;495.3;
1705975874;23.01.2024;02:11:14;88.218;157.216;197.836;241.6;8.5;495.3;
1705976775;23.01.2024;02:26:15;88.22;157.219;197.841;241.6;8.5;495.3;
1705977675;23.01.2024;02:41:15;88.221;157.221;197.847;241.6;8.5;495.3;
1705978575;23.01.2024;02:56:15;88.223;157.225;197.851;241.6;8.5;495.3;
1705979476;23.01.2024;03:11:16;88.231;157.227;197.864;241.6;8.5;495.3;
1705980376;23.01.2024;03:26:16;88.239;157.232;197.888;241.6;8.5;495.3;
1705981276;23.01.2024;03:41:16;88.245;157.237;197.904;241.6;8.5;495.3;
1705982177;23.01.2024;03:56:17;88.251;157.241;197.917;241.6;8.5;495.3;
1705983077;23.01.2024;04:11:17;88.256;157.245;197.93;241.6;8.5;495.3;
1705983977;23.01.2024;04:26:17;88.261;157.249;197.943;241.6;8.5;495.3;
1705984877;23.01.2024;04:41:17;88.266;157.254;197.956;241.6;8.5;495.3;
1705985778;23.01.2024;04:56:18;88.271;157.258;197.969;241.6;8.5;495.3;
1705986678;23.01.2024;05:11:18;88.276;157.263;197.982;241.6;8.5;495.3;
1705987578;23.01.2024;05:26:18;88.281;157.269;197.996;241.6;8.5;495.3;
1705988479;23.01.2024;05:41:19;88.286;157.273;198.011;241.6;8.5;495.3;
1705989379;23.01.2024;05:56:19;88.291;157.278;198.025;241.6;8.5;495.4;
1705990279;23.01.2024;06:11:19;88.296;157.282;198.039;241.6;8.5;495.4;
1705991180;23.01.2024;06:26:20;88.3;157.287;198.052;241.6;8.5;495.4;
1705992080;23.01.2024;06:41:20;88.305;157.291;198.064;241.6;8.5;495.4;
1705992980;23.01.2024;06:56:20;88.31;157.295;198.077;241.6;8.5;495.5;
1705993881;23.01.2024;07:11:21;88.314;157.3;198.088;241.6;8.5;495.5;
1705994781;23.01.2024;07:26:21;88.319;157.304;198.1;241.6;8.5;495.5;
1705995681;23.01.2024;07:41:21;88.324;157.309;198.113;241.6;8.5;495.5;
1705996581;23.01.2024;07:56:21;88.328;157.313;198.125;241.6;8.5;495.5;
1705997482;23.01.2024;08:11:22;88.333;157.317;198.14;241.6;8.5;495.5;
1705998382;23.01.2024;08:26:22;88.337;157.322;198.154;241.6;8.5;495.5;
1705999282;23.01.2024;08:41:22;88.342;157.327;198.168;241.6;8.5;495.6;
1706000183;23.01.2024;08:56:23;88.346;157.332;198.182;241.6;8.5;495.6;
1706001083;23.01.2024;09:11:23;88.351;157.337;198.195;241.6;8.5;495.6;
1706001983;23.01.2024;09:26:23;88.355;157.342;198.206;241.6;8.5;495.6;
1706002884;23.01.2024;09:41:24;88.358;157.346;198.217;241.6;8.5;495.6;
1706003784;23.01.2024;09:56:24;88.36;157.349;198.227;241.6;8.5;495.6;
1706004684;23.01.2024;10:11:24;88.363;157.353;198.237;241.6;8.5;495.7;
1706005585;23.01.2024;10:26:25;88.365;157.358;198.249;241.6;8.5;495.7;
1706006485;23.01.2024;10:41:25;88.368;157.362;198.26;241.6;8.5;495.7;
1706007385;23.01.2024;10:56:25;88.371;157.367;198.271;241.6;8.5;495.7;
1706008286;23.01.2024;11:11:26;88.374;157.369;198.281;241.6;8.5;495.7;
1706009186;23.01.2024;11:26:26;88.376;157.373;198.291;241.6;8.5;495.7;
1706010086;23.01.2024;11:41:26;88.378;157.378;198.302;241.6;8.5;495.7;
1706010987;23.01.2024;11:56:27;88.38;157.381;198.312;241.6;8.5;495.8;
1706011887;23.01.2024;12:11:27;88.382;157.384;198.326;241.6;8.5;495.8;
1706012787;23.01.2024;12:26:27;88.384;157.387;198.338;241.6;8.5;495.8;
1706013687;23.01.2024;12:41:27;88.388;157.391;198.349;241.6;8.5;495.9;
1706014588;23.01.2024;12:56:28;88.393;157.395;198.36;241.6;8.5;495.9;
1706015488;23.01.2024;13:11:28;88.397;157.398;198.37;241.6;8.5;496;
1706016388;23.01.2024;13:26:28;88.399;157.402;198.381;241.6;8.5;496;
1706017289;23.01.2024;13:41:29;88.4;157.405;198.391;241.6;8.5;496.1;
1706018189;23.01.2024;13:56:29;88.402;157.411;198.402;241.6;8.5;496.2;
1706019089;23.01.2024;14:11:29;88.403;157.416;198.412;241.6;8.5;496.2;
1706019990;23.01.2024;14:26:30;88.405;157.419;198.42;241.6;8.5;496.3;
1706020890;23.01.2024;14:41:30;88.407;157.421;198.428;241.6;8.5;496.3;
1706021790;23.01.2024;14:56:30;88.409;157.423;198.435;241.6;8.5;496.3;
1706022691;23.01.2024;15:11:31;88.411;157.427;198.444;241.6;8.5;496.4;
1706023591;23.01.2024;15:26:31;88.412;157.43;198.453;241.6;8.5;496.4;
1706024491;23.01.2024;15:41:31;88.414;157.433;198.464;241.6;8.5;496.4;
1706025392;23.01.2024;15:56:32;88.417;157.437;198.475;241.6;8.5;496.5;
1706026292;23.01.2024;16:11:32;88.42;157.44;198.485;241.6;8.5;496.5;
1706027192;23.01.2024;16:26:32;88.422;157.444;198.496;241.6;8.5;496.5;
1706028093;23.01.2024;16:41:33;88.424;157.447;198.506;241.6;8.5;496.5;
1706028993;23.01.2024;16:56:33;88.427;157.451;198.516;241.6;8.5;496.5;
1706029893;23.01.2024;17:11:33;88.431;157.454;198.526;241.6;8.5;496.5;
1706030794;23.01.2024;17:26:34;88.435;157.457;198.535;241.6;8.5;496.6;
1706031694;23.01.2024;17:41:34;88.44;157.462;198.545;241.6;8.5;496.6;
1706032594;23.01.2024;17:56:34;88.446;157.466;198.557;241.6;8.5;496.6;
1706033495;23.01.2024;18:11:35;88.45;157.47;198.568;241.6;8.5;496.6;
1706034395;23.01.2024;18:26:35;88.452;157.472;198.577;241.6;8.5;496.6;
1706035295;23.01.2024;18:41:35;88.453;157.476;198.589;241.6;8.5;496.6;
1706036196;23.01.2024;18:56:36;88.454;157.48;198.599;241.6;8.5;496.6;
1706037096;23.01.2024;19:11:36;88.456;157.481;198.605;241.6;8.5;496.6;
1706037996;23.01.2024;19:26:36;88.458;157.482;198.609;241.6;8.5;496.6;
1706038897;23.01.2024;19:41:37;88.46;157.482;198.612;241.6;8.5;496.6;
1706039797;23.01.2024;19:56:37;88.461;157.482;198.616;241.6;8.5;496.6;
1706040697;23.01.2024;20:11:37;88.462;157.484;198.62;241.6;8.5;496.6;
1706041598;23.01.2024;20:26:38;88.464;157.488;198.625;241.6;8.5;496.6;
1706042498;23.01.2024;20:41:38;88.465;157.491;198.629;241.6;8.5;496.6;
1706043398;23.01.2024;20:56:38;88.467;157.493;198.634;241.6;8.5;496.6;
1706044299;23.01.2024;21:11:39;88.468;157.495;198.638;241.6;8.5;496.6;
1706045199;23.01.2024;21:26:39;88.47;157.499;198.642;241.6;8.5;496.6;
1706046099;23.01.2024;21:41:39;88.471;157.501;198.647;241.6;8.5;496.6;
1706047000;23.01.2024;21:56:40;88.473;157.503;198.651;241.6;8.5;496.6;
1706047900;23.01.2024;22:11:40;88.474;157.505;198.655;241.6;8.5;496.6;
1706048800;23.01.2024;22:26:40;88.475;157.508;198.659;241.6;8.5;496.6;
1706049701;23.01.2024;22:41:41;88.477;157.511;198.664;241.6;8.5;496.6;
1706050601;23.01.2024;22:56:41;88.478;157.513;198.668;241.6;8.5;496.6;
1706051501;23.01.2024;23:11:41;88.48;157.515;198.673;241.6;8.5;496.6;
1706052402;23.01.2024;23:26:42;88.481;157.518;198.677;241.6;8.5;496.6;
1706053302;23.01.2024;23:41:42;88.483;157.521;198.681;241.6;8.5;496.6;
1706054202;23.01.2024;23:56:42;88.484;157.524;198.686;241.6;8.5;496.6;
1706055103;24.01.2024;00:11:43;88.486;157.525;198.69;241.6;8.5;496.6;
1706056003;24.01.2024;00:26:43;88.487;157.527;198.694;241.6;8.5;496.6;
1706056903;24.01.2024;00:41:43;88.488;157.531;198.698;241.6;8.5;496.6;
1706057804;24.01.2024;00:56:44;88.49;157.533;198.703;241.6;8.5;496.6;
1706058704;24.01.2024;01:11:44;88.491;157.535;198.708;241.6;8.5;496.6;
1706059604;24.01.2024;01:26:44;88.493;157.537;198.712;241.6;8.5;496.6;
1706060505;24.01.2024;01:41:45;88.494;157.54;198.716;241.6;8.5;496.6;
1706061405;24.01.2024;01:56:45;88.496;157.543;198.721;241.6;8.5;496.6;
1706062305;24.01.2024;02:11:45;88.497;157.545;198.726;241.6;8.5;496.6;
1706063206;24.01.2024;02:26:46;88.498;157.546;198.731;241.6;8.5;496.6;
1706064106;24.01.2024;02:41:46;88.5;157.549;198.735;241.6;8.5;496.6;
1706065006;24.01.2024;02:56:46;88.502;157.552;198.739;241.6;8.5;496.6;
1706065907;24.01.2024;03:11:47;88.509;157.553;198.752;241.6;8.5;496.6;
1706066807;24.01.2024;03:26:47;88.516;157.557;198.773;241.6;8.5;496.6;
1706067707;24.01.2024;03:41:47;88.522;157.561;198.788;241.6;8.5;496.6;
1706068608;24.01.2024;03:56:48;88.526;157.564;198.799;241.6;8.5;496.6;
1706069508;24.01.2024;04:11:48;88.53;157.566;198.81;241.6;8.5;496.6;
1706070408;24.01.2024;04:26:48;88.534;157.568;198.822;241.6;8.5;496.6;
1706071309;24.01.2024;04:41:49;88.539;157.571;198.833;241.6;8.5;496.6;
1706072209;24.01.2024;04:56:49;88.543;157.574;198.845;241.6;8.5;496.6;
1706073109;24.01.2024;05:11:49;88.548;157.578;198.858;241.6;8.5;496.6;
1706074010;24.01.2024;05:26:50;88.552;157.583;198.872;241.6;8.5;496.6;
1706074910;24.01.2024;05:41:50;88.557;157.588;198.886;241.6;8.5;496.6;
1706075810;24.01.2024;05:56:50;88.562;157.591;198.899;241.6;8.5;496.6;
1706076711;24.01.2024;06:11:51;88.566;157.594;198.91;241.6;8.5;496.7;
1706077611;24.01.2024;06:26:51;88.569;157.596;198.92;241.6;8.5;496.8;
1706078511;24.01.2024;06:41:51;88.571;157.598;198.93;241.6;8.5;496.8;
1706079412;24.01.2024;06:56:52;88.574;157.601;198.94;241.6;8.5;496.8;
1706080312;24.01.2024;07:11:52;88.577;157.604;198.949;241.6;8.5;496.8;
1706081212;24.01.2024;07:26:52;88.579;157.606;198.96;241.6;8.5;496.8;
1706082113;24.01.2024;07:41:53;88.581;157.609;198.971;241.6;8.5;496.8;
1706083013;24.01.2024;07:56:53;88.582;157.612;198.984;241.6;8.5;496.8;
1706083913;24.01.2024;08:11:53;88.584;157.615;198.996;241.6;8.5;496.8;
1706084814;24.01.2024;08:26:54;88.586;157.618;199.005;241.6;8.5;496.8;
1706085714;24.01.2024;08:41:54;88.588;157.622;199.015;241.6;8.5;496.9;
1706086614;24.01.2024;08:56:54;88.591;157.624;199.024;241.6;8.5;496.9;
1706087515;24.01.2024;09:11:55;88.593;157.627;199.033;241.6;8.5;496.9;
1706088415;24.01.2024;09:26:55;88.595;157.63;199.042;241.6;8.5;496.9;
1706089315;24.01.2024;09:41:55;88.598;157.633;199.052;241.6;8.5;497;
1706090216;24.01.2024;09:56:56;88.6;157.636;199.061;241.6;8.5;497;
1706091116;24.01.2024;10:11:56;88.603;157.638;199.071;241.6;8.5;497;
1706092016;24.01.2024;10:26:56;88.605;157.641;199.08;241.6;8.5;497;
1706092917;24.01.2024;10:41:57;88.607;157.643;199.09;241.6;8.5;497;
1706093817;24.01.2024;10:56:57;88.609;157.646;199.1;241.6;8.5;497.1;
1706094717;24.01.2024;11:11:57;88.611;157.649;199.109;241.6;8.5;497.1;
1706095618;24.01.2024;11:26:58;88.614;157.652;199.118;241.6;8.5;497.1;
1706096518;24.01.2024;11:41:58;88.616;157.653;199.128;241.6;8.5;497.1;
1706097418;24.01.2024;11:56:58;88.617;157.656;199.139;241.6;8.5;497.2;
1706098319;24.01.2024;12:11:59;88.618;157.66;199.148;241.6;8.5;497.2;
1706099219;24.01.2024;12:26:59;88.619;157.663;199.157;241.6;8.5;497.2;
1706100119;24.01.2024;12:41:59;88.62;157.666;199.164;241.6;8.5;497.2;
1706101020;24.01.2024;12:57:00;88.622;157.668;199.171;241.6;8.5;497.3;
1706101920;24.01.2024;13:12:00;88.623;157.67;199.178;241.6;8.5;497.3;
1706102820;24.01.2024;13:27:00;88.624;157.672;199.184;241.6;8.5;497.4;
1706103721;24.01.2024;13:42:01;88.625;157.675;199.191;241.6;8.5;497.5;
1706104621;24.01.2024;13:57:01;88.626;157.678;199.197;241.6;8.5;497.5;
1706105521;24.01.2024;14:12:01;88.628;157.68;199.204;241.6;8.5;497.5;
1706106422;24.01.2024;14:27:02;88.629;157.682;199.211;241.6;8.5;497.5;
1706107322;24.01.2024;14:42:02;88.63;157.684;199.22;241.6;8.5;497.5;
1706108222;24.01.2024;14:57:02;88.632;157.687;199.228;241.6;8.5;497.5;
1706109123;24.01.2024;15:12:03;88.633;157.69;199.235;241.6;8.5;497.5;
1706110023;24.01.2024;15:27:03;88.635;157.692;199.243;241.6;8.5;497.5;
1706110923;24.01.2024;15:42:03;88.637;157.695;199.251;241.6;8.5;497.6;
1706111824;24.01.2024;15:57:04;88.638;157.698;199.258;241.6;8.5;497.6;
1706112724;24.01.2024;16:12:04;88.639;157.7;199.265;241.6;8.5;497.6;
1706113624;24.01.2024;16:27:04;88.641;157.702;199.271;241.6;8.5;497.6;
1706114525;24.01.2024;16:42:05;88.642;157.704;199.276;241.6;8.5;497.6;
1706115425;24.01.2024;16:57:05;88.643;157.707;199.283;241.6;8.5;497.7;
1706116325;24.01.2024;17:12:05;88.644;157.71;199.289;241.6;8.5;497.7;
1706117226;24.01.2024;17:27:06;88.645;157.713;199.295;241.6;8.5;497.7;
1706118126;24.01.2024;17:42:06;88.646;157.716;199.302;241.6;8.5;497.7;
1706119026;24.01.2024;17:57:06;88.648;157.72;199.31;241.6;8.5;497.7;
1706119927;24.01.2024;18:12:07;88.65;157.722;199.321;241.6;8.5;497.7;
1706120827;24.01.2024;18:27:07;88.652;157.725;199.33;241.6;8.5;497.7;
1706121727;24.01.2024;18:42:07;88.654;157.728;199.337;241.6;8.5;497.7;
1706122627;24.01.2024;18:57:07;88.655;157.731;199.344;241.6;8.5;497.7;
1706123528;24.01.2024;19:12:08;88.657;157.731;199.348;241.6;8.5;497.7;
1706124428;24.01.2024;19:27:08;88.66;157.731;199.351;241.6;8.5;497.7;
1706125328;24.01.2024;19:42:08;88.661;157.731;199.354;241.6;8.5;497.7;
1706126229;24.01.2024;19:57:09;88.662;157.732;199.358;241.6;8.5;497.7;
1706127129;24.01.2024;20:12:09;88.664;157.733;199.362;241.6;8.5;497.7;
1706128029;24.01.2024;20:27:09;88.665;157.736;199.366;241.6;8.5;497.7;
1706128930;24.01.2024;20:42:10;88.666;157.738;199.37;241.6;8.5;497.7;
1706129830;24.01.2024;20:57:10;88.668;157.74;199.374;241.6;8.5;497.7;
1706130730;24.01.2024;21:12:10;88.669;157.743;199.379;241.6;8.5;497.7;
1706131631;24.01.2024;21:27:11;88.671;157.745;199.383;241.6;8.5;497.7;
1706132531;24.01.2024;21:42:11;88.672;157.747;199.387;241.6;8.5;497.7;
1706133431;24.01.2024;21:57:11;88.673;157.749;199.391;241.6;8.5;497.7;
1706134332;24.01.2024;22:12:12;88.675;157.751;199.395;241.6;8.5;497.7;
1706135232;24.01.2024;22:27:12;88.676;157.753;199.399;241.6;8.5;497.7;
1706136132;24.01.2024;22:42:12;88.678;157.755;199.404;241.6;8.5;497.7;
1706137033;24.01.2024;22:57:13;88.679;157.757;199.408;241.6;8.5;497.7;
1706137933;24.01.2024;23:12:13;88.68;157.759;199.412;241.6;8.5;497.7;
1706138833;24.01.2024;23:27:13;88.682;157.762;199.416;241.6;8.5;497.7;
1706139734;24.01.2024;23:42:14;88.683;157.765;199.42;241.6;8.5;497.7;
1706140634;24.01.2024;23:57:14;88.685;157.767;199.425;241.6;8.5;497.7;
1706141534;25.01.2024;00:12:14;88.686;157.769;199.429;241.6;8.5;497.7;
1706142435;25.01.2024;00:27:15;88.687;157.771;199.433;241.6;8.5;497.7;
1706143335;25.01.2024;00:42:15;88.689;157.773;199.438;241.6;8.5;497.7;
1706144235;25.01.2024;00:57:15;88.69;157.775;199.442;241.6;8.5;497.7;
1706145136;25.01.2024;01:12:16;88.692;157.777;199.446;241.6;8.5;497.7;
1706146036;25.01.2024;01:27:16;88.693;157.78;199.45;241.6;8.5;497.7;
1706146936;25.01.2024;01:42:16;88.695;157.784;199.455;241.6;8.5;497.7;
1706147837;25.01.2024;01:57:17;88.696;157.786;199.459;241.6;8.5;497.7;
1706148737;25.01.2024;02:12:17;88.698;157.788;199.465;241.6;8.5;497.7;
1706149637;25.01.2024;02:27:17;88.699;157.79;199.471;241.6;8.5;497.7;
1706150538;25.01.2024;02:42:18;88.7;157.792;199.476;241.6;8.5;497.7;
1706151438;25.01.2024;02:57:18;88.702;157.794;199.48;241.6;8.5;497.7;
1706152338;25.01.2024;03:12:18;88.711;157.795;199.494;241.6;8.5;497.7;
1706153239;25.01.2024;03:27:19;88.717;157.8;199.516;241.6;8.5;497.7;
1706154139;25.01.2024;03:42:19;88.723;157.804;199.53;241.6;8.5;497.7;
1706155039;25.01.2024;03:57:19;88.727;157.807;199.542;241.6;8.5;497.7;
1706155940;25.01.2024;04:12:20;88.731;157.81;199.553;241.6;8.5;497.7;
1706156840;25.01.2024;04:27:20;88.735;157.814;199.565;241.6;8.5;497.7;
1706157740;25.01.2024;04:42:20;88.74;157.817;199.576;241.6;8.5;497.7;
1706158641;25.01.2024;04:57:21;88.744;157.82;199.587;241.6;8.5;497.7;
1706159541;25.01.2024;05:12:21;88.747;157.825;199.598;241.6;8.5;497.7;
1706160441;25.01.2024;05:27:21;88.752;157.83;199.609;241.6;8.5;497.8;
1706161342;25.01.2024;05:42:22;88.756;157.834;199.619;241.6;8.5;497.8;
1706162242;25.01.2024;05:57:22;88.759;157.837;199.629;241.6;8.5;497.8;
1706163142;25.01.2024;06:12:22;88.761;157.84;199.639;241.6;8.5;497.9;
1706164043;25.01.2024;06:27:23;88.764;157.844;199.647;241.6;8.5;497.9;
1706164943;25.01.2024;06:42:23;88.766;157.847;199.656;241.6;8.5;497.9;
1706165843;25.01.2024;06:57:23;88.769;157.851;199.666;241.6;8.5;497.9;
1706166744;25.01.2024;07:12:24;88.771;157.854;199.678;241.6;8.5;497.9;
1706167644;25.01.2024;07:27:24;88.772;157.858;199.689;241.6;8.5;497.9;
1706168544;25.01.2024;07:42:24;88.774;157.861;199.7;241.6;8.5;498;
1706169445;25.01.2024;07:57:25;88.776;157.864;199.711;241.6;8.5;498;
1706170345;25.01.2024;08:12:25;88.779;157.868;199.721;241.6;8.5;498;
1706171245;25.01.2024;08:27:25;88.781;157.872;199.73;241.6;8.5;498;
1706172145;25.01.2024;08:42:25;88.783;157.875;199.739;241.6;8.5;498;
1706173046;25.01.2024;08:57:26;88.785;157.878;199.747;241.6;8.5;498;
1706173946;25.01.2024;09:12:26;88.787;157.882;199.754;241.6;8.5;498;
1706174846;25.01.2024;09:27:26;88.788;157.885;199.763;241.6;8.5;498;
1706175747;25.01.2024;09:42:27;88.79;157.888;199.771;241.6;8.5;498;
1706176647;25.01.2024;09:57:27;88.791;157.892;199.78;241.6;8.5;498;
1706177547;25.01.2024;10:12:27;88.793;157.894;199.788;241.6;8.5;498.1;
1706178448;25.01.2024;10:27:28;88.795;157.897;199.796;241.6;8.5;498.1;
1706179348;25.01.2024;10:42:28;88.796;157.901;199.805;241.6;8.5;498.1;
1706180248;25.01.2024;10:57:28;88.798;157.904;199.814;241.6;8.5;498.1;
1706181149;25.01.2024;11:12:29;88.801;157.907;199.821;241.6;8.5;498.2;
1706182049;25.01.2024;11:27:29;88.803;157.911;199.829;241.6;8.5;498.2;
1706182949;25.01.2024;11:42:29;88.805;157.915;199.837;241.6;8.5;498.2;
1706183850;25.01.2024;11:57:30;88.806;157.918;199.845;241.6;8.5;498.2;
1706184750;25.01.2024;12:12:30;88.808;157.919;199.852;241.6;8.5;498.2;
1706185650;25.01.2024;12:27:30;88.81;157.922;199.859;241.6;8.5;498.2;
1706186551;25.01.2024;12:42:31;88.811;157.925;199.866;241.6;8.5;498.3;
1706187451;25.01.2024;12:57:31;88.812;157.927;199.874;241.6;8.5;498.3;
1706188351;25.01.2024;13:12:31;88.814;157.93;199.881;241.6;8.5;498.4;
1706189252;25.01.2024;13:27:32;88.815;157.933;199.888;241.6;8.5;498.4;
1706190152;25.01.2024;13:42:32;88.816;157.936;199.895;241.6;8.5;498.4;
1706191052;25.01.2024;13:57:32;88.818;157.939;199.902;241.6;8.5;498.4;
1706191952;25.01.2024;14:12:32;88.819;157.942;199.91;241.6;8.5;498.4;
1706192853;25.01.2024;14:27:33;88.82;157.945;199.918;241.6;8.5;498.4;
1706193753;25.01.2024;14:42:33;88.822;157.948;199.924;241.6;8.5;498.5;
1706194653;25.01.2024;14:57:33;88.823;157.951;199.93;241.6;8.5;498.5;
1706195554;25.01.2024;15:12:34;88.824;157.953;199.936;241.6;8.5;498.5;
1706196454;25.01.2024;15:27:34;88.826;157.956;199.943;241.6;8.5;498.5;
1706197354;25.01.2024;15:42:34;88.827;157.958;199.95;241.6;8.5;498.5;
1706198255;25.01.2024;15:57:35;88.83;157.961;199.957;241.6;8.5;498.6;
1706199155;25.01.2024;16:12:35;88.832;157.964;199.964;241.6;8.5;498.6;
1706200055;25.01.2024;16:27:35;88.833;157.967;199.972;241.6;8.5;498.6;
1706200956;25.01.2024;16:42:36;88.835;157.97;199.981;241.6;8.5;498.6;
1706201856;25.01.2024;16:57:36;88.837;157.973;199.987;241.6;8.5;498.6;
1706202756;25.01.2024;17:12:36;88.838;157.976;199.994;241.6;8.5;498.6;
1706203657;25.01.2024;17:27:37;88.84;157.979;200;241.6;8.5;498.6;
1706204557;25.01.2024;17:42:37;88.842;157.982;200.006;241.6;8.5;498.6;
1706205457;25.01.2024;17:57:37;88.844;157.984;200.014;241.6;8.5;498.6;
1706206357;25.01.2024;18:12:37;88.845;157.987;200.023;241.6;8.5;498.6;
1706207258;25.01.2024;18:27:38;88.847;157.991;200.032;241.6;8.5;498.6;
1706208158;25.01.2024;18:42:38;88.849;157.994;200.04;241.6;8.5;498.6;
1706209058;25.01.2024;18:57:38;88.85;157.996;200.048;241.6;8.5;498.6;
1706209959;25.01.2024;19:12:39;88.851;157.997;200.052;241.6;8.5;498.6;
1706210859;25.01.2024;19:27:39;88.851;157.997;200.054;241.6;8.5;498.6;
1706211759;25.01.2024;19:42:39;88.852;157.997;200.059;241.6;8.5;498.6;
1706212660;25.01.2024;19:57:40;88.853;157.998;200.064;241.6;8.5;498.6;
1706213560;25.01.2024;20:12:40;88.854;157.999;200.072;241.6;8.5;498.6;
1706214460;25.01.2024;20:27:40;88.855;158.002;200.078;241.6;8.5;498.6;
1706215361;25.01.2024;20:42:41;88.856;158.005;200.084;241.6;8.5;498.6;
1706216261;25.01.2024;20:57:41;88.858;158.007;200.09;241.6;8.5;498.6;
1706217161;25.01.2024;21:12:41;88.859;158.011;200.096;241.6;8.5;498.6;
1706218061;25.01.2024;21:27:41;88.86;158.013;200.102;241.6;8.5;498.6;
1706218962;25.01.2024;21:42:42;88.861;158.015;200.108;241.6;8.5;498.6;
1706219862;25.01.2024;21:57:42;88.862;158.017;200.114;241.6;8.5;498.6;
1706220762;25.01.2024;22:12:42;88.863;158.019;200.12;241.6;8.5;498.6;
1706221663;25.01.2024;22:27:43;88.865;158.021;200.125;241.6;8.5;498.6;
1706222563;25.01.2024;22:42:43;88.866;158.023;200.13;241.6;8.5;498.6;
1706223463;25.01.2024;22:57:43;88.867;158.024;200.135;241.6;8.5;498.6;
1706224364;25.01.2024;23:12:44;88.868;158.027;200.139;241.6;8.5;498.6;
1706225264;25.01.2024;23:27:44;88.869;158.031;200.143;241.6;8.5;498.6;
1706226164;25.01.2024;23:42:44;88.87;158.033;200.148;241.6;8.5;498.6;
1706227064;25.01.2024;23:57:44;88.871;158.035;200.153;241.6;8.5;498.6;
1706227965;26.01.2024;00:12:45;88.873;158.037;200.157;241.6;8.5;498.6;
1706228865;26.01.2024;00:27:45;88.874;158.039;200.162;241.6;8.5;498.6;
1706229765;26.01.2024;00:42:45;88.875;158.041;200.167;241.6;8.5;498.6;
1706230666;26.01.2024;00:57:46;88.876;158.043;200.171;241.6;8.5;498.6;
1706231566;26.01.2024;01:12:46;88.877;158.045;200.176;241.6;8.5;498.6;
1706232466;26.01.2024;01:27:46;88.878;158.048;200.181;241.6;8.5;498.6;
1706233367;26.01.2024;01:42:47;88.88;158.051;200.189;241.6;8.5;498.6;
1706234267;26.01.2024;01:57:47;88.881;158.053;200.194;241.6;8.5;498.6;
1706235167;26.01.2024;02:12:47;88.882;158.055;200.198;241.6;8.5;498.6;
1706236068;26.01.2024;02:27:48;88.883;158.057;200.203;241.6;8.5;498.6;
1706236968;26.01.2024;02:42:48;88.885;158.06;200.208;241.6;8.5;498.6;
1706237868;26.01.2024;02:57:48;88.886;158.062;200.212;241.6;8.5;498.6;
1706238769;26.01.2024;03:12:49;88.894;158.063;200.23;241.6;8.5;498.6;
1706239669;26.01.2024;03:27:49;88.901;158.068;200.255;241.6;8.5;498.6;
1706240569;26.01.2024;03:42:49;88.907;158.072;200.271;241.6;8.5;498.6;
1706241470;26.01.2024;03:57:50;88.911;158.075;200.283;241.6;8.5;498.6;
1706242370;26.01.2024;04:12:50;88.915;158.078;200.294;241.6;8.5;498.6;
1706243270;26.01.2024;04:27:50;88.919;158.081;200.305;241.6;8.5;498.6;
1706244170;26.01.2024;04:42:50;88.923;158.084;200.316;241.6;8.5;498.6;
1706245071;26.01.2024;04:57:51;88.926;158.088;200.327;241.6;8.5;498.6;
1706245971;26.01.2024;05:12:51;88.929;158.093;200.339;241.6;8.5;498.6;
1706246871;26.01.2024;05:27:51;88.932;158.098;200.352;241.6;8.5;498.6;
1706247772;26.01.2024;05:42:52;88.936;158.102;200.366;241.6;8.5;498.7;
1706248672;26.01.2024;05:57:52;88.939;158.105;200.378;241.6;8.5;498.7;
1706249572;26.01.2024;06:12:52;88.941;158.108;200.391;241.6;8.5;498.7;
1706250473;26.01.2024;06:27:53;88.944;158.112;200.401;241.6;8.5;498.7;
1706251373;26.01.2024;06:42:53;88.946;158.115;200.409;241.6;8.5;498.8;
1706252273;26.01.2024;06:57:53;88.949;158.118;200.418;241.6;8.5;498.8;
1706253174;26.01.2024;07:12:54;88.951;158.121;200.426;241.6;8.5;498.8;
1706254074;26.01.2024;07:27:54;88.953;158.124;200.437;241.6;8.5;498.8;
1706254974;26.01.2024;07:42:54;88.955;158.127;200.447;241.6;8.5;498.8;
1706255875;26.01.2024;07:57:55;88.958;158.13;200.46;241.6;8.5;498.8;
1706256775;26.01.2024;08:12:55;88.96;158.134;200.474;241.6;8.5;498.8;
1706257675;26.01.2024;08:27:55;88.962;158.138;200.486;241.6;8.5;498.8;
1706258576;26.01.2024;08:42:56;88.966;158.141;200.497;241.6;8.5;498.8;
1706259476;26.01.2024;08:57:56;88.971;158.144;200.506;241.6;8.5;498.8;
1706260376;26.01.2024;09:12:56;88.974;158.148;200.516;241.6;8.5;498.8;
1706261277;26.01.2024;09:27:57;88.978;158.151;200.525;241.6;8.5;498.8;
1706262177;26.01.2024;09:42:57;88.981;158.154;200.534;241.6;8.5;498.8;
1706263077;26.01.2024;09:57:57;88.984;158.157;200.544;241.6;8.5;498.8;
1706263978;26.01.2024;10:12:58;88.986;158.161;200.552;241.6;8.5;498.8;
1706264878;26.01.2024;10:27:58;88.989;158.164;200.56;241.6;8.5;498.8;
1706265778;26.01.2024;10:42:58;88.991;158.167;200.57;241.6;8.5;498.8;
1706266679;26.01.2024;10:57:59;88.993;158.17;200.582;241.6;8.5;498.8;
1706267579;26.01.2024;11:12:59;88.995;158.174;200.593;241.6;8.5;498.8;
1706268479;26.01.2024;11:27:59;88.997;158.177;200.602;241.6;8.5;498.8;
1706269380;26.01.2024;11:43:00;88.999;158.181;200.61;241.6;8.5;498.8;
1706270280;26.01.2024;11:58:00;89;158.184;200.618;241.6;8.5;498.8;
1706271180;26.01.2024;12:13:00;89.002;158.186;200.626;241.6;8.5;498.8;
1706272081;26.01.2024;12:28:01;89.004;158.19;200.635;241.6;8.5;498.8;
1706272981;26.01.2024;12:43:01;89.006;158.193;200.643;241.6;8.5;498.8;
1706273881;26.01.2024;12:58:01;89.008;158.197;200.651;241.6;8.5;498.8;
1706274782;26.01.2024;13:13:02;89.01;158.2;200.659;241.6;8.5;498.8;
1706275682;26.01.2024;13:28:02;89.014;158.202;200.665;241.6;8.5;498.8;
1706276582;26.01.2024;13:43:02;89.016;158.204;200.672;241.6;8.5;498.9;
1706277483;26.01.2024;13:58:03;89.018;158.208;200.684;241.6;8.5;498.9;
1706278383;26.01.2024;14:13:03;89.019;158.211;200.697;241.6;8.5;498.9;
1706279283;26.01.2024;14:28:03;89.022;158.214;200.709;241.6;8.5;498.9;
1706280184;26.01.2024;14:43:04;89.024;158.219;200.724;241.6;8.5;498.9;
1706281084;26.01.2024;14:58:04;89.026;158.222;200.736;241.6;8.5;498.9;
1706281984;26.01.2024;15:13:04;89.028;158.225;200.747;241.6;8.5;498.9;
1706282885;26.01.2024;15:28:05;89.029;158.228;200.757;241.6;8.5;498.9;
1706283785;26.01.2024;15:43:05;89.031;158.232;200.767;241.6;8.5;498.9;
1706284685;26.01.2024;15:58:05;89.033;158.235;200.776;241.6;8.5;498.9;
1706285586;26.01.2024;16:13:06;89.034;158.238;200.783;241.6;8.5;498.9;
1706286486;26.01.2024;16:28:06;89.035;158.24;200.79;241.6;8.5;498.9;
1706287386;26.01.2024;16:43:06;89.037;158.243;200.796;241.6;8.5;498.9;
1706288287;26.01.2024;16:58:07;89.038;158.246;200.803;241.6;8.5;498.9;
1706289187;26.01.2024;17:13:07;89.039;158.25;200.811;241.6;8.5;498.9;
1706290087;26.01.2024;17:28:07;89.04;158.254;200.818;241.6;8.5;498.9;
1706290988;26.01.2024;17:43:08;89.043;158.258;200.825;241.6;8.5;498.9;
1706291888;26.01.2024;17:58:08;89.046;158.26;200.834;241.6;8.5;498.9;
1706292788;26.01.2024;18:13:08;89.05;158.264;200.845;241.6;8.5;498.9;
1706293689;26.01.2024;18:28:09;89.052;158.269;200.856;241.6;8.5;498.9;
1706294589;26.01.2024;18:43:09;89.055;158.273;200.866;241.6;8.5;498.9;
1706295489;26.01.2024;18:58:09;89.056;158.275;200.874;241.6;8.5;498.9;
1706296390;26.01.2024;19:13:10;89.057;158.276;200.878;241.6;8.5;498.9;
1706297290;26.01.2024;19:28:10;89.058;158.276;200.882;241.6;8.5;498.9;
1706298190;26.01.2024;19:43:10;89.059;158.279;200.886;241.6;8.5;498.9;
1706299091;26.01.2024;19:58:11;89.06;158.283;200.891;241.6;8.5;498.9;
1706299991;26.01.2024;20:13:11;89.062;158.286;200.896;241.6;8.5;498.9;
1706300891;26.01.2024;20:28:11;89.063;158.288;200.901;241.6;8.5;498.9;
1706301791;26.01.2024;20:43:11;89.064;158.292;200.905;241.6;8.5;498.9;
1706302692;26.01.2024;20:58:12;89.066;158.296;200.91;241.6;8.5;498.9;
1706303592;26.01.2024;21:13:12;89.067;158.298;200.916;241.6;8.5;498.9;
1706304492;26.01.2024;21:28:12;89.068;158.301;200.921;241.6;8.5;498.9;
1706305393;26.01.2024;21:43:13;89.07;158.304;200.926;241.6;8.5;498.9;
1706306293;26.01.2024;21:58:13;89.071;158.307;200.932;241.6;8.5;498.9;
1706307193;26.01.2024;22:13:13;89.072;158.312;200.94;241.6;8.5;498.9;
1706308094;26.01.2024;22:28:14;89.074;158.315;200.945;241.6;8.5;498.9;
1706308994;26.01.2024;22:43:14;89.075;158.317;200.951;241.6;8.5;498.9;
1706309894;26.01.2024;22:58:14;89.076;158.321;200.956;241.6;8.5;498.9;
1706310795;26.01.2024;23:13:15;89.078;158.326;200.961;241.6;8.5;498.9;
1706311695;26.01.2024;23:28:15;89.079;158.33;200.967;241.6;8.5;498.9;
1706312595;26.01.2024;23:43:15;89.081;158.332;200.973;241.6;8.5;498.9;
1706313496;26.01.2024;23:58:16;89.082;158.336;200.981;241.6;8.5;498.9;
1706314396;27.01.2024;00:13:16;89.083;158.342;200.987;241.6;8.5;498.9;
1706315296;27.01.2024;00:28:16;89.085;158.346;200.992;241.6;8.5;498.9;
1706316197;27.01.2024;00:43:17;89.086;158.349;200.998;241.6;8.5;498.9;
1706317097;27.01.2024;00:58:17;89.089;158.352;201.004;241.6;8.5;498.9;
1706317997;27.01.2024;01:13:17;89.091;158.358;201.011;241.6;8.5;498.9;
1706318898;27.01.2024;01:28:18;89.092;158.362;201.022;241.6;8.5;498.9;
1706319798;27.01.2024;01:43:18;89.094;158.366;201.032;241.6;8.5;498.9;
1706320698;27.01.2024;01:58:18;89.097;158.37;201.039;241.6;8.5;498.9;
1706321599;27.01.2024;02:13:19;89.099;158.376;201.044;241.6;8.5;498.9;
1706322499;27.01.2024;02:28:19;89.1;158.381;201.049;241.6;8.5;498.9;
1706323399;27.01.2024;02:43:19;89.102;158.384;201.055;241.6;8.5;498.9;
1706324300;27.01.2024;02:58:20;89.104;158.388;201.061;241.6;8.5;498.9;
1706325200;27.01.2024;03:13:20;89.106;158.393;201.066;241.6;8.5;498.9;
1706326100;27.01.2024;03:28:20;89.107;158.399;201.074;241.7;8.5;498.9;
1706327001;27.01.2024;03:43:21;89.11;158.404;201.082;241.7;8.5;498.9;
1706327901;27.01.2024;03:58:21;89.112;158.408;201.089;241.7;8.5;498.9;
1706328801;27.01.2024;04:13:21;89.113;158.412;201.095;241.8;8.5;498.9;
1706329702;27.01.2024;04:28:22;89.114;158.418;201.099;241.8;8.5;498.9;
1706330602;27.01.2024;04:43:22;89.116;158.423;201.106;241.8;8.5;498.9;
1706331502;27.01.2024;04:58:22;89.117;158.425;201.115;241.8;8.5;498.9;
1706332403;27.01.2024;05:13:23;89.118;158.429;201.127;241.8;8.5;498.9;
1706333303;27.01.2024;05:28:23;89.12;158.436;201.136;241.8;8.5;498.9;
1706334203;27.01.2024;05:43:23;89.122;158.443;201.144;241.8;8.5;498.9;
1706335104;27.01.2024;05:58:24;89.124;158.447;201.151;241.8;8.5;498.9;
1706336004;27.01.2024;06:13:24;89.127;158.45;201.156;241.8;8.5;498.9;
1706336904;27.01.2024;06:28:24;89.129;158.455;201.161;241.8;8.5;498.9;
1706337805;27.01.2024;06:43:25;89.13;158.464;201.167;241.8;8.5;498.9;
1706338705;27.01.2024;06:58:25;89.132;158.468;201.182;241.8;8.5;498.9;
1706339605;27.01.2024;07:13:25;89.134;158.473;201.195;241.8;8.5;498.9;
1706340506;27.01.2024;07:28:26;89.136;158.478;201.205;241.8;8.5;498.9;
1706341406;27.01.2024;07:43:26;89.138;158.486;201.212;241.8;8.5;498.9;
1706342306;27.01.2024;07:58:26;89.14;158.491;201.22;241.8;8.5;498.9;
1706343207;27.01.2024;08:13:27;89.142;158.494;201.228;241.8;8.5;498.9;
1706344107;27.01.2024;08:28:27;89.144;158.497;201.237;241.8;8.5;498.9;
1706345007;27.01.2024;08:43:27;89.146;158.505;201.247;241.8;8.5;498.9;
1706345908;27.01.2024;08:58:28;89.148;158.513;201.259;241.8;8.5;498.9;
1706346808;27.01.2024;09:13:28;89.15;158.519;201.27;241.8;8.5;498.9;
1706347708;27.01.2024;09:28:28;89.152;158.523;201.279;241.8;8.5;498.9;
1706348609;27.01.2024;09:43:29;89.155;158.528;201.285;241.8;8.5;498.9;
1706349509;27.01.2024;09:58:29;89.156;158.535;201.29;241.8;8.5;498.9;
1706350409;27.01.2024;10:13:29;89.158;158.539;201.296;241.8;8.5;498.9;
1706351310;27.01.2024;10:28:30;89.16;158.543;201.301;241.8;8.5;498.9;
1706352210;27.01.2024;10:43:30;89.161;158.546;201.307;241.8;8.5;498.9;
1706353110;27.01.2024;10:58:30;89.162;158.551;201.311;241.8;8.5;498.9;
1706354011;27.01.2024;11:13:31;89.163;158.557;201.316;241.8;8.5;498.9;
1706354911;27.01.2024;11:28:31;89.164;158.562;201.321;241.8;8.5;498.9;
1706355811;27.01.2024;11:43:31;89.165;158.566;201.328;241.8;8.5;498.9;
1706356712;27.01.2024;11:58:32;89.166;158.57;201.337;241.8;8.5;498.9;
1706357612;27.01.2024;12:13:32;89.167;158.575;201.343;241.8;8.5;498.9;
1706358512;27.01.2024;12:28:32;89.169;158.578;201.349;241.8;8.5;498.9;
1706359412;27.01.2024;12:43:32;89.17;158.58;201.353;241.8;8.5;498.9;
1706360313;27.01.2024;12:58:33;89.171;158.584;201.357;241.8;8.5;498.9;
1706361213;27.01.2024;13:13:33;89.172;158.588;201.362;241.8;8.5;498.9;
1706362113;27.01.2024;13:28:33;89.172;158.592;201.366;241.8;8.5;498.9;
1706363014;27.01.2024;13:43:34;89.174;158.596;201.371;241.8;8.5;498.9;
1706363914;27.01.2024;13:58:34;89.175;158.598;201.376;241.8;8.5;498.9;
1706364814;27.01.2024;14:13:34;89.176;158.603;201.381;241.8;8.5;498.9;
1706365715;27.01.2024;14:28:35;89.177;158.606;201.385;241.8;8.5;498.9;
1706366615;27.01.2024;14:43:35;89.178;158.608;201.39;241.8;8.5;498.9;
1706367515;27.01.2024;14:58:35;89.179;158.61;201.394;241.8;8.5;498.9;
1706368416;27.01.2024;15:13:36;89.18;158.614;201.399;241.8;8.5;498.9;
1706369316;27.01.2024;15:28:36;89.181;158.619;201.404;241.8;8.5;498.9;
1706370216;27.01.2024;15:43:36;89.182;158.622;201.409;241.8;8.5;498.9;
1706371117;27.01.2024;15:58:37;89.184;158.624;201.413;241.8;8.5;498.9;
1706372017;27.01.2024;16:13:37;89.185;158.628;201.418;241.8;8.5;498.9;
1706372917;27.01.2024;16:28:37;89.186;158.632;201.422;241.8;8.5;498.9;
1706373818;27.01.2024;16:43:38;89.187;158.635;201.428;241.8;8.5;498.9;
1706374718;27.01.2024;16:58:38;89.189;158.637;201.435;241.8;8.5;498.9;
1706375618;27.01.2024;17:13:38;89.19;158.639;201.442;241.8;8.5;498.9;
1706376519;27.01.2024;17:28:39;89.191;158.645;201.447;241.8;8.5;498.9;
1706377419;27.01.2024;17:43:39;89.192;158.649;201.452;241.8;8.5;498.9;
1706378319;27.01.2024;17:58:39;89.194;158.652;201.457;241.8;8.5;498.9;
1706379220;27.01.2024;18:13:40;89.195;158.655;201.462;241.8;8.5;498.9;
1706380120;27.01.2024;18:28:40;89.197;158.659;201.467;241.8;8.5;498.9;
1706381020;27.01.2024;18:43:40;89.199;158.663;201.471;241.8;8.5;498.9;
1706381921;27.01.2024;18:58:41;89.201;158.667;201.477;241.8;8.5;498.9;
1706382821;27.01.2024;19:13:41;89.203;158.668;201.481;241.8;8.5;498.9;
1706383721;27.01.2024;19:28:41;89.204;158.671;201.489;241.8;8.5;498.9;
1706384622;27.01.2024;19:43:42;89.206;158.676;201.496;241.8;8.5;498.9;
1706385522;27.01.2024;19:58:42;89.208;158.681;201.502;241.8;8.5;498.9;
1706386422;27.01.2024;20:13:42;89.21;158.686;201.513;241.8;8.5;498.9;
1706387323;27.01.2024;20:28:43;89.212;158.692;201.521;241.8;8.5;498.9;
1706388223;27.01.2024;20:43:43;89.214;158.697;201.527;241.8;8.5;498.9;
1706389123;27.01.2024;20:58:43;89.216;158.699;201.532;241.8;8.5;498.9;
1706390024;27.01.2024;21:13:44;89.218;158.701;201.541;241.8;8.5;498.9;
1706390924;27.01.2024;21:28:44;89.219;158.705;201.548;241.8;8.5;498.9;
1706391824;27.01.2024;21:43:44;89.221;158.711;201.554;241.8;8.5;498.9;
1706392724;27.01.2024;21:58:44;89.222;158.716;201.559;241.8;8.5;498.9;
1706393625;27.01.2024;22:13:45;89.223;158.722;201.567;241.8;8.5;498.9;
1706394525;27.01.2024;22:28:45;89.225;158.728;201.576;241.8;8.5;498.9;
1706395425;27.01.2024;22:43:45;89.226;158.733;201.582;241.8;8.5;498.9;
1706396326;27.01.2024;22:58:46;89.228;158.738;201.591;241.8;8.5;498.9;
1706397226;27.01.2024;23:13:46;89.229;158.743;201.602;241.8;8.5;498.9;
1706398126;27.01.2024;23:28:46;89.231;158.747;201.612;241.8;8.5;498.9;
1706399027;27.01.2024;23:43:47;89.234;158.751;201.619;241.8;8.5;498.9;
1706399927;27.01.2024;23:58:47;89.236;158.757;201.624;241.8;8.5;498.9;
1706400827;28.01.2024;00:13:47;89.238;158.764;201.63;241.8;8.5;498.9;
1706401728;28.01.2024;00:28:48;89.24;158.768;201.637;241.8;8.5;498.9;
1706402628;28.01.2024;00:43:48;89.242;158.771;201.646;241.8;8.5;498.9;
1706403528;28.01.2024;00:58:48;89.244;158.778;201.653;241.8;8.5;498.9;
1706404429;28.01.2024;01:13:49;89.246;158.786;201.663;241.8;8.5;498.9;
1706405329;28.01.2024;01:28:49;89.248;158.791;201.675;241.8;8.5;498.9;
1706406229;28.01.2024;01:43:49;89.25;158.795;201.685;241.8;8.5;498.9;
1706407130;28.01.2024;01:58:50;89.252;158.801;201.694;241.8;8.5;498.9;
1706408030;28.01.2024;02:13:50;89.254;158.806;201.705;241.8;8.5;498.9;
1706408930;28.01.2024;02:28:50;89.256;158.812;201.713;241.8;8.5;498.9;
1706409831;28.01.2024;02:43:51;89.259;158.82;201.721;241.8;8.5;498.9;
1706410731;28.01.2024;02:58:51;89.262;158.825;201.731;241.8;8.5;498.9;
1706411631;28.01.2024;03:13:51;89.265;158.831;201.739;241.8;8.5;498.9;
1706412532;28.01.2024;03:28:52;89.267;158.837;201.748;241.8;8.5;498.9;
1706413432;28.01.2024;03:43:52;89.269;158.84;201.758;241.8;8.5;498.9;
1706414332;28.01.2024;03:58:52;89.271;158.844;201.769;241.8;8.5;498.9;
1706415233;28.01.2024;04:13:53;89.272;158.849;201.782;241.8;8.5;498.9;
1706416133;28.01.2024;04:28:53;89.274;158.857;201.795;241.8;8.5;498.9;
1706417033;28.01.2024;04:43:53;89.276;158.865;201.805;241.8;8.5;498.9;
1706417933;28.01.2024;04:58:53;89.279;158.869;201.814;241.8;8.5;498.9;
1706418834;28.01.2024;05:13:54;89.281;158.874;201.822;241.8;8.5;498.9;
1706419734;28.01.2024;05:28:54;89.283;158.882;201.829;241.8;8.5;498.9;
1706420634;28.01.2024;05:43:54;89.285;158.886;201.84;241.8;8.5;498.9;
1706421535;28.01.2024;05:58:55;89.287;158.891;201.852;241.8;8.5;498.9;
1706422435;28.01.2024;06:13:55;89.289;158.894;201.868;241.8;8.5;498.9;
1706423335;28.01.2024;06:28:55;89.292;158.903;201.88;241.8;8.5;498.9;
1706424236;28.01.2024;06:43:56;89.295;158.912;201.889;241.8;8.5;498.9;
1706425136;28.01.2024;06:58:56;89.297;158.917;201.898;241.8;8.5;498.9;
1706426036;28.01.2024;07:13:56;89.3;158.92;201.906;241.8;8.5;498.9;
1706426937;28.01.2024;07:28:57;89.302;158.925;201.914;241.8;8.5;498.9;
1706427837;28.01.2024;07:43:57;89.304;158.932;201.925;241.8;8.5;498.9;
1706428737;28.01.2024;07:58:57;89.307;158.938;201.94;241.8;8.5;498.9;
1706429638;28.01.2024;08:13:58;89.31;158.943;201.954;241.8;8.5;498.9;
1706430538;28.01.2024;08:28:58;89.313;158.948;201.963;241.8;8.5;498.9;
1706431438;28.01.2024;08:43:58;89.315;158.954;201.972;241.8;8.5;498.9;
1706432339;28.01.2024;08:58:59;89.318;158.961;201.979;241.8;8.5;498.9;
1706433239;28.01.2024;09:13:59;89.32;158.965;201.987;241.8;8.5;498.9;
1706434139;28.01.2024;09:28:59;89.322;158.968;201.994;241.8;8.5;498.9;
1706435040;28.01.2024;09:44:00;89.325;158.974;202.001;241.8;8.5;498.9;
1706435940;28.01.2024;09:59:00;89.327;158.981;202.012;241.8;8.5;498.9;
1706436840;28.01.2024;10:14:00;89.329;158.989;202.021;241.8;8.5;498.9;
1706437741;28.01.2024;10:29:01;89.332;158.994;202.03;241.8;8.5;498.9;
1706438641;28.01.2024;10:44:01;89.334;158.998;202.036;241.8;8.5;498.9;
1706439541;28.01.2024;10:59:01;89.336;159.002;202.041;241.8;8.5;498.9;
1706440441;28.01.2024;11:14:01;89.337;159.005;202.045;241.8;8.5;498.9;
1706441342;28.01.2024;11:29:02;89.339;159.009;202.051;241.8;8.5;498.9;
1706442242;28.01.2024;11:44:02;89.34;159.012;202.056;241.8;8.5;498.9;
1706443143;28.01.2024;11:59:03;89.341;159.016;202.061;241.8;8.5;498.9;
1706444044;28.01.2024;12:14:04;89.342;159.021;202.066;241.8;8.5;498.9;
1706444945;28.01.2024;12:29:05;89.343;159.024;202.071;241.8;8.5;498.9;
1706445845;28.01.2024;12:44:05;89.344;159.026;202.076;241.8;8.5;498.9;
1706446745;28.01.2024;12:59:05;89.345;159.029;202.08;241.8;8.5;498.9;
1706447645;28.01.2024;13:14:05;89.346;159.033;202.085;241.8;8.5;498.9;
1706448546;28.01.2024;13:29:06;89.347;159.037;202.091;241.8;8.5;498.9;
1706449446;28.01.2024;13:44:06;89.348;159.04;202.097;241.8;8.5;498.9;
1706450346;28.01.2024;13:59:06;89.349;159.043;202.101;241.8;8.5;498.9;
1706451247;28.01.2024;14:14:07;89.35;159.046;202.105;241.8;8.5;498.9;
1706452147;28.01.2024;14:29:07;89.351;159.048;202.11;241.8;8.5;498.9;
1706453047;28.01.2024;14:44:07;89.352;159.051;202.115;241.8;8.5;498.9;
1706453948;28.01.2024;14:59:08;89.354;159.053;202.12;241.8;8.5;498.9;
1706454848;28.01.2024;15:14:08;89.355;159.058;202.124;241.8;8.5;498.9;
1706455748;28.01.2024;15:29:08;89.356;159.061;202.129;241.8;8.5;498.9;
1706456649;28.01.2024;15:44:09;89.357;159.063;202.134;241.8;8.5;498.9;
1706457549;28.01.2024;15:59:09;89.358;159.065;202.138;241.8;8.5;498.9;
1706458449;28.01.2024;16:14:09;89.36;159.068;202.143;241.8;8.5;498.9;
1706459349;28.01.2024;16:29:09;89.361;159.07;202.148;241.8;8.5;498.9;
1706460250;28.01.2024;16:44:10;89.362;159.072;202.154;241.8;8.5;498.9;
1706461150;28.01.2024;16:59:10;89.363;159.074;202.161;241.8;8.5;498.9;
1706462050;28.01.2024;17:14:10;89.365;159.078;202.167;241.8;8.5;498.9;
1706462951;28.01.2024;17:29:11;89.366;159.083;202.171;241.8;8.5;498.9;
1706463851;28.01.2024;17:44:11;89.367;159.086;202.176;241.8;8.5;498.9;
1706464751;28.01.2024;17:59:11;89.369;159.088;202.181;241.8;8.5;498.9;
1706465652;28.01.2024;18:14:12;89.37;159.09;202.186;241.8;8.5;498.9;
1706466552;28.01.2024;18:29:12;89.371;159.093;202.191;241.8;8.5;498.9;
1706467452;28.01.2024;18:44:12;89.372;159.095;202.195;241.8;8.5;498.9;
1706468352;28.01.2024;18:59:12;89.374;159.098;202.2;241.8;8.5;498.9;
1706469253;28.01.2024;19:14:13;89.375;159.099;202.205;241.8;8.5;498.9;
1706470153;28.01.2024;19:29:13;89.376;159.101;202.213;241.8;8.5;498.9;
1706471053;28.01.2024;19:44:13;89.377;159.107;202.218;241.8;8.5;498.9;
1706471954;28.01.2024;19:59:14;89.379;159.11;202.224;241.8;8.5;498.9;
1706472854;28.01.2024;20:14:14;89.38;159.112;202.229;241.8;8.5;498.9;
1706473754;28.01.2024;20:29:14;89.382;159.115;202.234;241.8;8.5;498.9;
1706474655;28.01.2024;20:44:15;89.384;159.121;202.239;241.8;8.5;498.9;
1706475555;28.01.2024;20:59:15;89.386;159.124;202.245;241.8;8.5;498.9;
1706476455;28.01.2024;21:14:15;89.388;159.126;202.251;241.8;8.5;498.9;
1706477355;28.01.2024;21:29:15;89.39;159.129;202.259;241.8;8.5;498.9;
1706478256;28.01.2024;21:44:16;89.392;159.134;202.265;241.8;8.5;498.9;
1706479156;28.01.2024;21:59:16;89.394;159.137;202.271;241.8;8.5;498.9;
1706480056;28.01.2024;22:14:16;89.396;159.14;202.277;241.8;8.5;498.9;
1706480957;28.01.2024;22:29:17;89.398;159.142;202.283;241.8;8.5;498.9;
1706481857;28.01.2024;22:44:17;89.399;159.147;202.288;241.8;8.5;498.9;
1706482757;28.01.2024;22:59:17;89.401;159.152;202.293;241.8;8.5;498.9;
1706483658;28.01.2024;23:14:18;89.402;159.154;202.302;241.8;8.5;498.9;
1706484558;28.01.2024;23:29:18;89.403;159.157;202.309;241.8;8.5;498.9;
1706485458;28.01.2024;23:44:18;89.405;159.161;202.316;241.8;8.5;498.9;
1706486358;28.01.2024;23:59:18;89.406;159.166;202.321;241.8;8.5;498.9;
1706487259;29.01.2024;00:14:19;89.408;159.169;202.327;241.8;8.5;498.9;
1706488159;29.01.2024;00:29:19;89.41;159.171;202.332;241.8;8.5;498.9;
1706489059;29.01.2024;00:44:19;89.412;159.175;202.338;241.8;8.5;498.9;
1706489960;29.01.2024;00:59:20;89.414;159.179;202.343;241.8;8.5;498.9;
1706490860;29.01.2024;01:14:20;89.415;159.183;202.351;241.8;8.5;498.9;
1706491760;29.01.2024;01:29:20;89.416;159.186;202.363;241.8;8.5;498.9;
1706492661;29.01.2024;01:44:21;89.418;159.189;202.37;241.8;8.5;498.9;
1706493561;29.01.2024;01:59:21;89.42;159.194;202.376;241.8;8.5;498.9;
1706494461;29.01.2024;02:14:21;89.422;159.199;202.381;241.8;8.5;498.9;
1706495362;29.01.2024;02:29:22;89.424;159.202;202.387;241.8;8.5;498.9;
1706496262;29.01.2024;02:44:22;89.427;159.204;202.392;241.8;8.5;498.9;
1706497162;29.01.2024;02:59:22;89.429;159.208;202.399;241.8;8.5;498.9;
1706498062;29.01.2024;03:14:22;89.438;159.209;202.423;241.8;8.5;498.9;
1706498963;29.01.2024;03:29:23;89.444;159.214;202.453;241.8;8.5;498.9;
1706499863;29.01.2024;03:44:23;89.451;159.221;202.475;241.8;8.5;498.9;
1706500763;29.01.2024;03:59:23;89.457;159.226;202.493;241.8;8.5;498.9;
1706501664;29.01.2024;04:14:24;89.462;159.231;202.51;241.8;8.5;498.9;
1706502564;29.01.2024;04:29:24;89.467;159.235;202.527;241.8;8.5;498.9;
1706503464;29.01.2024;04:44:24;89.472;159.24;202.544;241.8;8.5;498.9;
1706504365;29.01.2024;04:59:25;89.477;159.246;202.561;241.8;8.5;498.9;
1706505265;29.01.2024;05:14:25;89.482;159.251;202.578;241.8;8.5;498.9;
1706506165;29.01.2024;05:29:25;89.487;159.257;202.595;241.8;8.5;499;
1706507066;29.01.2024;05:44:26;89.493;159.262;202.612;241.8;8.5;499;
1706507966;29.01.2024;05:59:26;89.498;159.267;202.628;241.8;8.5;499;
1706508866;29.01.2024;06:14:26;89.503;159.272;202.644;241.8;8.5;499;
1706509766;29.01.2024;06:29:26;89.508;159.277;202.661;241.8;8.5;499;
1706510667;29.01.2024;06:44:27;89.512;159.282;202.675;241.8;8.5;499;
1706511567;29.01.2024;06:59:27;89.517;159.288;202.691;241.8;8.5;499;
1706512467;29.01.2024;07:14:27;89.522;159.292;202.708;241.8;8.5;499;
1706513368;29.01.2024;07:29:28;89.527;159.297;202.728;241.8;8.5;499;
1706514268;29.01.2024;07:44:28;89.531;159.302;202.747;241.8;8.5;499.1;
1706515168;29.01.2024;07:59:28;89.537;159.308;202.765;241.8;8.5;499.1;
1706516069;29.01.2024;08:14:29;89.542;159.314;202.781;241.8;8.5;499.1;
1706516969;29.01.2024;08:29:29;89.547;159.319;202.8;241.8;8.5;499.1;
1706517869;29.01.2024;08:44:29;89.552;159.324;202.818;241.8;8.5;499.1;
1706518769;29.01.2024;08:59:29;89.556;159.329;202.837;241.8;8.5;499.1;
1706519670;29.01.2024;09:14:30;89.561;159.335;202.854;241.8;8.5;499.1;
1706520570;29.01.2024;09:29:30;89.565;159.34;202.871;241.8;8.5;499.1;
1706521470;29.01.2024;09:44:30;89.569;159.346;202.885;241.8;8.5;499.1;
1706522371;29.01.2024;09:59:31;89.573;159.351;202.896;241.8;8.5;499.1;
1706523271;29.01.2024;10:14:31;89.577;159.355;202.906;241.8;8.5;499.2;
1706524171;29.01.2024;10:29:31;89.58;159.36;202.918;241.8;8.5;499.2;
1706525072;29.01.2024;10:44:32;89.582;159.365;202.929;241.8;8.5;499.2;
1706525972;29.01.2024;10:59:32;89.584;159.368;202.939;241.8;8.5;499.2;
1706526872;29.01.2024;11:14:32;89.587;159.371;202.948;241.8;8.5;499.2;
1706527773;29.01.2024;11:29:33;89.589;159.374;202.957;241.8;8.5;499.2;
1706528673;29.01.2024;11:44:33;89.591;159.377;202.966;241.8;8.5;499.2;
1706529573;29.01.2024;11:59:33;89.593;159.381;202.974;241.8;8.5;499.2;
1706530473;29.01.2024;12:14:33;89.594;159.384;202.981;241.8;8.5;499.3;
1706531374;29.01.2024;12:29:34;89.595;159.387;202.987;241.8;8.5;499.3;
1706532274;29.01.2024;12:44:34;89.596;159.39;202.993;241.8;8.5;499.3;
1706533174;29.01.2024;12:59:34;89.597;159.393;202.998;241.8;8.5;499.3;
1706534075;29.01.2024;13:14:35;89.598;159.395;203.003;241.8;8.5;499.4;
1706534975;29.01.2024;13:29:35;89.599;159.398;203.008;241.8;8.5;499.4;
1706535875;29.01.2024;13:44:35;89.6;159.401;203.014;241.8;8.5;499.4;
1706536776;29.01.2024;13:59:36;89.602;159.404;203.019;241.8;8.5;499.4;
1706537676;29.01.2024;14:14:36;89.603;159.406;203.024;241.8;8.5;499.4;
1706538576;29.01.2024;14:29:36;89.604;159.408;203.029;241.8;8.5;499.5;
1706539477;29.01.2024;14:44:37;89.606;159.411;203.034;241.8;8.5;499.5;
1706540377;29.01.2024;14:59:37;89.607;159.414;203.038;241.8;8.5;499.5;
1706541277;29.01.2024;15:14:37;89.609;159.416;203.044;241.8;8.5;499.5;
1706542177;29.01.2024;15:29:37;89.61;159.419;203.051;241.8;8.5;499.5;
1706543078;29.01.2024;15:44:38;89.612;159.421;203.056;241.8;8.5;499.5;
1706543978;29.01.2024;15:59:38;89.614;159.424;203.061;241.8;8.5;499.6;
1706544878;29.01.2024;16:14:38;89.615;159.426;203.066;241.8;8.5;499.6;
1706545779;29.01.2024;16:29:39;89.617;159.429;203.071;241.8;8.5;499.6;
1706546679;29.01.2024;16:44:39;89.618;159.431;203.076;241.8;8.5;499.6;
1706547579;29.01.2024;16:59:39;89.62;159.434;203.081;241.8;8.5;499.7;
1706548480;29.01.2024;17:14:40;89.621;159.437;203.087;241.8;8.5;499.7;
1706549380;29.01.2024;17:29:40;89.623;159.439;203.095;241.8;8.5;499.7;
1706550280;29.01.2024;17:44:40;89.624;159.442;203.105;241.8;8.5;499.7;
1706551180;29.01.2024;17:59:40;89.626;159.445;203.115;241.8;8.5;499.7;
1706552081;29.01.2024;18:14:41;89.627;159.449;203.123;241.8;8.5;499.7;
1706552981;29.01.2024;18:29:41;89.628;159.452;203.132;241.8;8.5;499.7;
1706553881;29.01.2024;18:44:41;89.629;159.454;203.139;241.8;8.5;499.7;
1706554782;29.01.2024;18:59:42;89.63;159.456;203.145;241.8;8.5;499.7;
1706555682;29.01.2024;19:14:42;89.632;159.457;203.148;241.8;8.5;499.7;
1706556582;29.01.2024;19:29:42;89.634;159.457;203.152;241.8;8.5;499.7;
1706557483;29.01.2024;19:44:43;89.635;159.458;203.156;241.8;8.5;499.7;
1706558383;29.01.2024;19:59:43;89.637;159.46;203.16;241.8;8.5;499.7;
1706559283;29.01.2024;20:14:43;89.638;159.463;203.164;241.8;8.5;499.7;
1706560184;29.01.2024;20:29:44;89.639;159.467;203.169;241.8;8.5;499.7;
1706561084;29.01.2024;20:44:44;89.64;159.469;203.173;241.8;8.5;499.7;
1706561984;29.01.2024;20:59:44;89.642;159.471;203.178;241.8;8.5;499.7;
1706562884;29.01.2024;21:14:44;89.643;159.473;203.182;241.8;8.5;499.7;
1706563785;29.01.2024;21:29:45;89.644;159.477;203.187;241.8;8.5;499.7;
1706564685;29.01.2024;21:44:45;89.645;159.481;203.191;241.8;8.5;499.7;
1706565585;29.01.2024;21:59:45;89.647;159.483;203.196;241.8;8.5;499.7;
1706566486;29.01.2024;22:14:46;89.648;159.485;203.2;241.8;8.5;499.7;
1706567386;29.01.2024;22:29:46;89.649;159.488;203.204;241.8;8.5;499.7;
1706568286;29.01.2024;22:44:46;89.65;159.492;203.209;241.8;8.5;499.7;
1706569187;29.01.2024;22:59:47;89.652;159.495;203.215;241.8;8.5;499.7;
1706570087;29.01.2024;23:14:47;89.653;159.497;203.222;241.8;8.5;499.7;
1706570987;29.01.2024;23:29:47;89.654;159.501;203.227;241.8;8.5;499.7;
1706571888;29.01.2024;23:44:48;89.655;159.503;203.232;241.8;8.5;499.7;
1706572788;29.01.2024;23:59:48;89.657;159.507;203.236;241.8;8.5;499.7;
1706573688;30.01.2024;00:14:48;89.658;159.509;203.24;241.8;8.5;499.7;
1706574588;30.01.2024;00:29:48;89.659;159.511;203.245;241.8;8.5;499.7;
1706575489;30.01.2024;00:44:49;89.66;159.515;203.249;241.8;8.5;499.7;
1706576389;30.01.2024;00:59:49;89.662;159.519;203.254;241.8;8.5;499.7;
1706577289;30.01.2024;01:14:49;89.663;159.521;203.259;241.8;8.5;499.7;
1706578190;30.01.2024;01:29:50;89.664;159.523;203.267;241.8;8.5;499.7;
1706579090;30.01.2024;01:44:50;89.665;159.527;203.273;241.8;8.5;499.7;
1706579990;30.01.2024;01:59:50;89.667;159.531;203.278;241.8;8.5;499.7;
1706580891;30.01.2024;02:14:51;89.668;159.534;203.282;241.8;8.5;499.7;
1706581791;30.01.2024;02:29:51;89.669;159.536;203.287;241.8;8.5;499.7;
1706582691;30.01.2024;02:44:51;89.67;159.54;203.291;241.8;8.5;499.7;
1706583591;30.01.2024;02:59:51;89.672;159.543;203.296;241.8;8.5;499.7;
1706584492;30.01.2024;03:14:52;89.682;159.545;203.317;241.8;8.5;499.7;
1706585392;30.01.2024;03:29:52;89.689;159.55;203.344;241.8;8.5;499.7;
1706586292;30.01.2024;03:44:52;89.695;159.555;203.361;241.8;8.5;499.7;
1706587193;30.01.2024;03:59:53;89.7;159.559;203.375;241.8;8.5;499.7;
1706588093;30.01.2024;04:14:53;89.705;159.563;203.39;241.8;8.5;499.7;
1706588993;30.01.2024;04:29:53;89.71;159.567;203.404;241.8;8.5;499.7;
1706589894;30.01.2024;04:44:54;89.714;159.572;203.418;241.8;8.5;499.7;
1706590794;30.01.2024;04:59:54;89.719;159.576;203.431;241.8;8.5;499.7;
1706591694;30.01.2024;05:14:54;89.724;159.581;203.445;241.8;8.5;499.7;
1706592594;30.01.2024;05:29:54;89.728;159.586;203.458;241.8;8.5;499.7;
1706593495;30.01.2024;05:44:55;89.733;159.591;203.472;241.8;8.5;499.8;
1706594395;30.01.2024;05:59:55;89.738;159.595;203.485;241.8;8.5;499.8;
1706595295;30.01.2024;06:14:55;89.742;159.599;203.497;241.8;8.5;499.9;
1706596196;30.01.2024;06:29:56;89.746;159.603;203.508;241.8;8.5;499.9;
1706597096;30.01.2024;06:44:56;89.75;159.607;203.519;241.8;8.5;499.9;
1706597996;30.01.2024;06:59:56;89.754;159.611;203.53;241.8;8.5;499.9;
1706598897;30.01.2024;07:14:57;89.758;159.615;203.542;241.8;8.5;499.9;
1706599797;30.01.2024;07:29:57;89.762;159.62;203.556;241.8;8.5;499.9;
1706600697;30.01.2024;07:44:57;89.765;159.624;203.569;241.8;8.5;499.9;
1706601598;30.01.2024;07:59:58;89.768;159.628;203.582;241.8;8.5;499.9;
1706602498;30.01.2024;08:14:58;89.771;159.632;203.593;241.8;8.5;499.9;
1706603398;30.01.2024;08:29:58;89.774;159.636;203.608;241.8;8.5;499.9;
1706604299;30.01.2024;08:44:59;89.777;159.64;203.624;241.8;8.5;499.9;
1706605199;30.01.2024;08:59:59;89.779;159.644;203.638;241.8;8.5;499.9;
1706606099;30.01.2024;09:14:59;89.782;159.648;203.65;241.8;8.5;499.9;
1706606999;30.01.2024;09:29:59;89.785;159.653;203.66;241.8;8.5;499.9;
1706607900;30.01.2024;09:45:00;89.788;159.656;203.67;241.8;8.5;500;
1706608800;30.01.2024;10:00:00;89.791;159.66;203.681;241.8;8.5;500;
1706609700;30.01.2024;10:15:00;89.794;159.664;203.69;241.8;8.5;500;
1706610601;30.01.2024;10:30:01;89.796;159.667;203.701;241.8;8.5;500;
1706611501;30.01.2024;10:45:01;89.799;159.671;203.71;241.8;8.5;500.1;
1706612401;30.01.2024;11:00:01;89.801;159.675;203.718;241.8;8.5;500.1;
1706613302;30.01.2024;11:15:02;89.803;159.678;203.725;241.8;8.5;500.1;
1706614202;30.01.2024;11:30:02;89.804;159.681;203.733;241.8;8.5;500.1;
1706615102;30.01.2024;11:45:02;89.806;159.685;203.741;241.8;8.5;500.1;
1706616003;30.01.2024;12:00:03;89.808;159.688;203.748;241.8;8.5;500.1;
1706616903;30.01.2024;12:15:03;89.809;159.692;203.755;241.8;8.5;500.1;
1706617803;30.01.2024;12:30:03;89.811;159.694;203.762;241.8;8.5;500.2;
1706618703;30.01.2024;12:45:03;89.812;159.697;203.771;241.8;8.5;500.2;
1706619604;30.01.2024;13:00:04;89.813;159.699;203.779;241.8;8.5;500.2;
1706620504;30.01.2024;13:15:04;89.814;159.703;203.787;241.8;8.5;500.2;
1706621404;30.01.2024;13:30:04;89.816;159.705;203.794;241.8;8.5;500.3;
1706622305;30.01.2024;13:45:05;89.817;159.708;203.802;241.8;8.5;500.3;
1706623205;30.01.2024;14:00:05;89.818;159.71;203.809;241.8;8.5;500.3;
1706624105;30.01.2024;14:15:05;89.819;159.713;203.816;241.8;8.5;500.3;
1706625006;30.01.2024;14:30:06;89.82;159.716;203.822;241.8;8.5;500.3;
1706625906;30.01.2024;14:45:06;89.821;159.718;203.829;241.8;8.5;500.4;
1706626806;30.01.2024;15:00:06;89.822;159.72;203.838;241.8;8.5;500.4;
1706627707;30.01.2024;15:15:07;89.823;159.724;203.845;241.8;8.5;500.4;
1706628607;30.01.2024;15:30:07;89.824;159.727;203.85;241.8;8.5;500.4;
1706629507;30.01.2024;15:45:07;89.825;159.729;203.855;241.8;8.5;500.4;
1706630408;30.01.2024;16:00:08;89.827;159.732;203.86;241.8;8.5;500.4;
1706631308;30.01.2024;16:15:08;89.827;159.735;203.865;241.8;8.5;500.5;
1706632208;30.01.2024;16:30:08;89.828;159.738;203.87;241.8;8.5;500.5;
1706633108;30.01.2024;16:45:08;89.829;159.74;203.877;241.8;8.5;500.5;
1706634009;30.01.2024;17:00:09;89.831;159.744;203.884;241.8;8.5;500.5;
1706634909;30.01.2024;17:15:09;89.832;159.747;203.89;241.8;8.5;500.5;
1706635809;30.01.2024;17:30:09;89.833;159.75;203.896;241.8;8.5;500.6;
1706636710;30.01.2024;17:45:10;89.835;159.754;203.902;241.8;8.5;500.6;
1706637610;30.01.2024;18:00:10;89.836;159.756;203.91;241.8;8.5;500.6;
1706638510;30.01.2024;18:15:10;89.837;159.76;203.917;241.8;8.5;500.6;
1706639411;30.01.2024;18:30:11;89.838;159.763;203.925;241.8;8.5;500.6;
1706640311;30.01.2024;18:45:11;89.839;159.765;203.934;241.8;8.5;500.6;
1706641211;30.01.2024;19:00:11;89.84;159.768;203.94;241.8;8.5;500.6;
1706642112;30.01.2024;19:15:12;89.842;159.768;203.943;241.8;8.5;500.6;
1706643012;30.01.2024;19:30:12;89.843;159.768;203.945;241.8;8.5;500.6;
1706643912;30.01.2024;19:45:12;89.844;159.769;203.949;241.8;8.5;500.6;
1706644812;30.01.2024;20:00:12;89.845;159.77;203.952;241.8;8.5;500.6;
1706645713;30.01.2024;20:15:13;89.847;159.773;203.956;241.8;8.5;500.6;
1706646613;30.01.2024;20:30:13;89.848;159.777;203.96;241.8;8.5;500.6;
1706647513;30.01.2024;20:45:13;89.849;159.779;203.966;241.8;8.5;500.6;
1706648414;30.01.2024;21:00:14;89.85;159.781;203.971;241.8;8.5;500.6;
1706649314;30.01.2024;21:15:14;89.851;159.783;203.975;241.8;8.5;500.6;
1706650214;30.01.2024;21:30:14;89.852;159.786;203.98;241.8;8.5;500.6;
1706651115;30.01.2024;21:45:15;89.853;159.788;203.985;241.8;8.5;500.6;
1706652015;30.01.2024;22:00:15;89.855;159.79;203.99;241.8;8.5;500.6;
1706652915;30.01.2024;22:15:15;89.856;159.793;203.995;241.8;8.5;500.6;
1706653816;30.01.2024;22:30:16;89.857;159.797;204;241.8;8.5;500.6;
1706654716;30.01.2024;22:45:16;89.859;159.8;204.005;241.8;8.5;500.6;
1706655616;30.01.2024;23:00:16;89.86;159.802;204.01;241.8;8.5;500.6;
1706656516;30.01.2024;23:15:16;89.861;159.803;204.014;241.8;8.5;500.6;
1706657417;30.01.2024;23:30:17;89.861;159.803;204.015;241.8;8.5;500.6;
1706658317;30.01.2024;23:45:17;89.861;159.803;204.016;241.8;8.5;500.6;
1706659217;31.01.2024;00:00:17;89.861;159.807;204.018;241.8;8.5;500.6;
1706660118;31.01.2024;00:15:18;89.863;159.815;204.026;241.8;8.5;500.6;
1706661018;31.01.2024;00:30:18;89.865;159.82;204.035;241.8;8.5;500.6;
1706661918;31.01.2024;00:45:18;89.867;159.824;204.041;241.8;8.5;500.6;
1706662819;31.01.2024;01:00:19;89.868;159.826;204.047;241.8;8.5;500.6;
1706663719;31.01.2024;01:15:19;89.87;159.828;204.053;241.8;8.5;500.6;
1706664619;31.01.2024;01:30:19;89.871;159.831;204.061;241.8;8.5;500.6;
1706665520;31.01.2024;01:45:20;89.872;159.835;204.066;241.8;8.5;500.6;
1706666420;31.01.2024;02:00:20;89.873;159.838;204.071;241.8;8.5;500.6;
1706667320;31.01.2024;02:15:20;89.875;159.84;204.076;241.8;8.5;500.6;
1706668220;31.01.2024;02:30:20;89.876;159.842;204.081;241.8;8.5;500.6;
1706669121;31.01.2024;02:45:21;89.877;159.846;204.086;241.8;8.5;500.6;
1706670021;31.01.2024;03:00:21;89.879;159.849;204.092;241.8;8.5;500.6;
1706670921;31.01.2024;03:15:21;89.889;159.851;204.113;241.8;8.5;500.6;
1706671822;31.01.2024;03:30:22;89.895;159.858;204.14;241.8;8.5;500.6;
1706672722;31.01.2024;03:45:22;89.901;159.864;204.161;241.8;8.5;500.6;
1706673622;31.01.2024;04:00:22;89.906;159.868;204.176;241.8;8.5;500.6;
1706674523;31.01.2024;04:15:23;89.91;159.872;204.19;241.8;8.5;500.6;
1706675423;31.01.2024;04:30:23;89.915;159.876;204.203;241.8;8.5;500.6;
1706676323;31.01.2024;04:45:23;89.919;159.88;204.217;241.8;8.5;500.6;
1706677224;31.01.2024;05:00:24;89.923;159.885;204.23;241.8;8.5;500.6;
1706678124;31.01.2024;05:15:24;89.927;159.89;204.244;241.8;8.5;500.6;
1706679024;31.01.2024;05:30:24;89.932;159.896;204.258;241.8;8.5;500.7;
1706679924;31.01.2024;05:45:24;89.936;159.9;204.271;241.8;8.5;500.7;
1706680825;31.01.2024;06:00:25;89.94;159.904;204.283;241.8;8.5;500.7;
1706681725;31.01.2024;06:15:25;89.944;159.908;204.294;241.8;8.5;500.9;
1706682625;31.01.2024;06:30:25;89.947;159.913;204.306;241.8;8.5;501;
1706683526;31.01.2024;06:45:26;89.951;159.918;204.316;241.8;8.5;501.2;
1706684426;31.01.2024;07:00:26;89.954;159.922;204.326;241.8;8.5;501.4;
1706685326;31.01.2024;07:15:26;89.957;159.926;204.336;241.8;8.5;501.5;
1706686227;31.01.2024;07:30:27;89.959;159.93;204.347;241.8;8.5;501.6;
1706687127;31.01.2024;07:45:27;89.962;159.934;204.36;241.8;8.5;501.8;
1706688027;31.01.2024;08:00:27;89.964;159.939;204.373;241.8;8.5;501.9;
1706688927;31.01.2024;08:15:27;89.967;159.944;204.384;241.8;8.5;502.1;
1706689828;31.01.2024;08:30:28;89.97;159.949;204.395;241.8;8.5;502.2;
1706690728;31.01.2024;08:45:28;89.974;159.953;204.406;241.8;8.5;502.4;
1706691628;31.01.2024;09:00:28;89.978;159.957;204.416;241.8;8.5;502.5;
1706692529;31.01.2024;09:15:29;89.98;159.962;204.428;241.8;8.5;502.7;
1706693429;31.01.2024;09:30:29;89.983;159.966;204.443;241.8;8.5;502.8;
1706694329;31.01.2024;09:45:29;89.985;159.97;204.457;241.8;8.5;503;
1706695230;31.01.2024;10:00:30;89.987;159.975;204.468;241.8;8.5;503.1;
1706696130;31.01.2024;10:15:30;89.989;159.98;204.479;241.8;8.5;503.1;
1706697030;31.01.2024;10:30:30;89.992;159.983;204.488;241.8;8.5;503.1;
1706697930;31.01.2024;10:45:30;89.994;159.987;204.498;241.8;8.5;503.1;
1706698831;31.01.2024;11:00:31;89.995;159.991;204.509;241.8;8.5;503.1;
1706699731;31.01.2024;11:15:31;89.997;159.995;204.519;241.8;8.5;503.1;
1706700631;31.01.2024;11:30:31;90;159.999;204.531;241.8;8.5;503.1;
1706701532;31.01.2024;11:45:32;90.004;160.003;204.541;241.8;8.5;503.1;
1706702432;31.01.2024;12:00:32;90.006;160.007;204.55;241.8;8.5;503.2;
1706703332;31.01.2024;12:15:32;90.008;160.011;204.558;241.8;8.5;503.2;
1706704233;31.01.2024;12:30:33;90.01;160.014;204.565;241.8;8.5;503.2;
1706705133;31.01.2024;12:45:33;90.012;160.017;204.572;241.8;8.5;503.2;
1706706033;31.01.2024;13:00:33;90.014;160.02;204.578;241.8;8.5;503.3;
1706706933;31.01.2024;13:15:33;90.015;160.024;204.585;241.8;8.5;503.3;
1706707834;31.01.2024;13:30:34;90.016;160.028;204.592;241.8;8.5;503.3;
1706708734;31.01.2024;13:45:34;90.018;160.031;204.599;241.8;8.5;503.3;
1706709634;31.01.2024;14:00:34;90.019;160.033;204.606;241.8;8.5;503.4;
1706710535;31.01.2024;14:15:35;90.021;160.036;204.615;241.8;8.5;503.4;
1706711435;31.01.2024;14:30:35;90.023;160.04;204.624;241.8;8.5;503.5;
1706712335;31.01.2024;14:45:35;90.026;160.044;204.633;241.8;8.5;503.5;
1706713236;31.01.2024;15:00:36;90.028;160.047;204.64;241.8;8.5;503.5;
1706714136;31.01.2024;15:15:36;90.03;160.049;204.646;241.8;8.5;503.6;
1706715036;31.01.2024;15:30:36;90.031;160.052;204.653;241.8;8.5;503.6;
1706715937;31.01.2024;15:45:37;90.033;160.055;204.66;241.8;8.5;503.6;
1706716837;31.01.2024;16:00:37;90.035;160.058;204.667;241.8;8.5;503.6;
1706717737;31.01.2024;16:15:37;90.036;160.061;204.674;241.8;8.5;503.6;
1706718637;31.01.2024;16:30:37;90.037;160.063;204.681;241.8;8.5;503.7;
1706719538;31.01.2024;16:45:38;90.039;160.065;204.691;241.8;8.5;503.7;
1706720438;31.01.2024;17:00:38;90.04;160.069;204.7;241.8;8.5;503.7;
1706721338;31.01.2024;17:15:38;90.042;160.072;204.708;241.8;8.5;503.7;
1706722239;31.01.2024;17:30:39;90.044;160.075;204.715;241.8;8.5;503.8;
1706723139;31.01.2024;17:45:39;90.047;160.078;204.723;241.8;8.5;503.8;
1706724039;31.01.2024;18:00:39;90.049;160.081;204.731;241.8;8.5;503.8;
1706724940;31.01.2024;18:15:40;90.051;160.084;204.738;241.8;8.5;503.8;
1706725840;31.01.2024;18:30:40;90.053;160.087;204.745;241.8;8.5;503.8;
1706726740;31.01.2024;18:45:40;90.053;160.09;204.752;241.8;8.5;503.8;
1706727641;31.01.2024;19:00:41;90.054;160.094;204.758;241.8;8.5;503.8;
1706728541;31.01.2024;19:15:41;90.056;160.094;204.761;241.8;8.5;503.9;
1706729441;31.01.2024;19:30:41;90.058;160.095;204.765;241.8;8.5;503.9;
1706730341;31.01.2024;19:45:41;90.06;160.095;204.769;241.8;8.5;503.9;
1706731242;31.01.2024;20:00:42;90.061;160.097;204.773;241.8;8.5;503.9;
1706732142;31.01.2024;20:15:42;90.063;160.1;204.777;241.8;8.5;503.9;
1706733042;31.01.2024;20:30:42;90.064;160.102;204.782;241.8;8.5;503.9;
1706733943;31.01.2024;20:45:43;90.066;160.104;204.787;241.8;8.5;503.9;
1706734843;31.01.2024;21:00:43;90.067;160.106;204.792;241.8;8.5;503.9;
1706735743;31.01.2024;21:15:43;90.069;160.109;204.797;241.8;8.5;503.9;
1706736644;31.01.2024;21:30:44;90.07;160.112;204.803;241.8;8.5;503.9;
1706737544;31.01.2024;21:45:44;90.072;160.114;204.808;241.8;8.5;503.9;
1706738444;31.01.2024;22:00:44;90.074;160.116;204.813;241.8;8.5;503.9;
1706739344;31.01.2024;22:15:44;90.075;160.12;204.818;241.8;8.5;503.9;
1706740245;31.01.2024;22:30:45;90.077;160.123;204.823;241.8;8.5;503.9;
1706741145;31.01.2024;22:45:45;90.078;160.125;204.831;241.8;8.5;503.9;
1706742045;31.01.2024;23:00:45;90.08;160.128;204.838;241.8;8.5;503.9;
1706742946;31.01.2024;23:15:46;90.081;160.132;204.844;241.8;8.5;503.9;
1706743846;31.01.2024;23:30:46;90.083;160.134;204.849;241.8;8.5;503.9;
1706744746;31.01.2024;23:45:46;90.084;160.136;204.854;241.8;8.5;503.9;
1706745647;01.02.2024;00:00:47;90.086;160.138;204.859;241.8;8.5;503.9;
1706746547;01.02.2024;00:15:47;90.087;160.141;204.863;241.8;8.5;503.9;
1706747447;01.02.2024;00:30:47;90.088;160.143;204.868;241.8;8.5;503.9;
1706748347;01.02.2024;00:45:47;90.09;160.146;204.873;241.8;8.5;503.9;
1706749248;01.02.2024;01:00:48;90.091;160.148;204.879;241.8;8.5;503.9;
1706750148;01.02.2024;01:15:48;90.093;160.15;204.884;241.8;8.5;503.9;
1706751048;01.02.2024;01:30:48;90.094;160.154;204.891;241.8;8.5;503.9;
1706751949;01.02.2024;01:45:49;90.096;160.156;204.897;241.8;8.5;503.9;
1706752849;01.02.2024;02:00:49;90.097;160.158;204.902;241.8;8.5;503.9;
1706753749;01.02.2024;02:15:49;90.099;160.16;204.907;241.8;8.5;503.9;
1706754650;01.02.2024;02:30:50;90.1;160.163;204.912;241.8;8.5;503.9;
1706755550;01.02.2024;02:45:50;90.101;160.167;204.917;241.8;8.5;503.9;
1706756450;01.02.2024;03:00:50;90.104;160.169;204.922;241.8;8.5;503.9;
1706757350;01.02.2024;03:15:50;90.113;160.171;204.943;241.8;8.5;503.9;
1706758251;01.02.2024;03:30:51;90.119;160.176;204.97;241.8;8.5;503.9;
1706759151;01.02.2024;03:45:51;90.125;160.18;204.988;241.8;8.5;503.9;
1706760051;01.02.2024;04:00:51;90.129;160.183;205.004;241.8;8.5;503.9;
1706760952;01.02.2024;04:15:52;90.134;160.186;205.019;241.8;8.5;503.9;
1706761852;01.02.2024;04:30:52;90.138;160.19;205.034;241.8;8.5;503.9;
1706762752;01.02.2024;04:45:52;90.143;160.193;205.048;241.8;8.5;503.9;
1706763652;01.02.2024;05:00:52;90.147;160.197;205.061;241.8;8.5;503.9;
1706764553;01.02.2024;05:15:53;90.152;160.202;205.075;241.8;8.5;503.9;
1706765453;01.02.2024;05:30:53;90.157;160.207;205.089;241.8;8.5;503.9;
1706766353;01.02.2024;05:45:53;90.161;160.211;205.104;241.8;8.5;503.9;
1706767254;01.02.2024;06:00:54;90.165;160.215;205.117;241.8;8.5;504;
1706768154;01.02.2024;06:15:54;90.169;160.219;205.128;241.8;8.5;504;
1706769054;01.02.2024;06:30:54;90.172;160.222;205.138;241.8;8.5;504;
1706769955;01.02.2024;06:45:55;90.175;160.225;205.148;241.8;8.5;504.1;
1706770855;01.02.2024;07:00:55;90.177;160.228;205.158;241.8;8.5;504.1;
1706771755;01.02.2024;07:15:55;90.18;160.232;205.17;241.8;8.5;504.1;
1706772656;01.02.2024;07:30:56;90.183;160.235;205.18;241.8;8.5;504.1;
1706773556;01.02.2024;07:45:56;90.185;160.238;205.191;241.8;8.5;504.1;
1706774456;01.02.2024;08:00:56;90.188;160.242;205.202;241.8;8.5;504.1;
1706775356;01.02.2024;08:15:56;90.19;160.245;205.214;241.8;8.5;504.1;
1706776257;01.02.2024;08:30:57;90.194;160.249;205.224;241.8;8.5;504.1;
1706777157;01.02.2024;08:45:57;90.196;160.253;205.236;241.8;8.5;504.1;
1706778057;01.02.2024;09:00:57;90.199;160.257;205.246;241.8;8.5;504.2;
1706778958;01.02.2024;09:15:58;90.201;160.26;205.257;241.8;8.5;504.2;
1706779858;01.02.2024;09:30:58;90.203;160.263;205.269;241.8;8.5;504.2;
1706780758;01.02.2024;09:45:58;90.205;160.268;205.28;241.8;8.5;504.2;
1706781659;01.02.2024;10:00:59;90.207;160.271;205.288;241.8;8.5;504.3;
1706782559;01.02.2024;10:15:59;90.209;160.274;205.295;241.8;8.5;504.3;
1706783459;01.02.2024;10:30:59;90.211;160.277;205.303;241.8;8.5;504.3;
1706784359;01.02.2024;10:45:59;90.212;160.28;205.311;241.8;8.5;504.3;
1706785260;01.02.2024;11:01:00;90.214;160.284;205.324;241.8;8.5;504.4;
1706786160;01.02.2024;11:16:00;90.215;160.288;205.338;241.8;8.5;504.4;
1706787060;01.02.2024;11:31:00;90.217;160.292;205.35;241.8;8.5;504.4;
1706787961;01.02.2024;11:46:01;90.219;160.296;205.36;241.8;8.5;504.4;
1706788861;01.02.2024;12:01:01;90.22;160.298;205.369;241.8;8.5;504.4;
1706789761;01.02.2024;12:16:01;90.224;160.301;205.377;241.8;8.5;504.4;
1706790662;01.02.2024;12:31:02;90.226;160.306;205.386;241.8;8.5;504.5;
1706791562;01.02.2024;12:46:02;90.228;160.31;205.395;241.8;8.5;504.5;
1706792462;01.02.2024;13:01:02;90.23;160.314;205.403;241.8;8.5;504.5;
1706793363;01.02.2024;13:16:03;90.231;160.316;205.41;241.8;8.5;504.5;
1706794263;01.02.2024;13:31:03;90.234;160.318;205.42;241.8;8.5;504.5;
1706795163;01.02.2024;13:46:03;90.238;160.32;205.428;241.8;8.5;504.5;
1706796064;01.02.2024;14:01:04;90.24;160.324;205.437;241.8;8.5;504.6;
1706796964;01.02.2024;14:16:04;90.242;160.328;205.449;241.8;8.5;504.6;
1706797864;01.02.2024;14:31:04;90.244;160.334;205.459;241.8;8.5;504.6;
1706798764;01.02.2024;14:46:04;90.246;160.339;205.468;241.8;8.5;504.6;
1706799665;01.02.2024;15:01:05;90.248;160.342;205.477;241.8;8.5;504.7;
1706800565;01.02.2024;15:16:05;90.249;160.343;205.483;241.8;8.5;504.7;
1706801465;01.02.2024;15:31:05;90.251;160.344;205.488;241.8;8.5;504.7;
1706802366;01.02.2024;15:46:06;90.252;160.347;205.495;241.8;8.5;504.7;
1706803266;01.02.2024;16:01:06;90.254;160.351;205.508;241.8;8.5;504.8;
1706804166;01.02.2024;16:16:06;90.257;160.355;205.519;241.8;8.5;504.8;
1706805067;01.02.2024;16:31:07;90.261;160.359;205.531;241.8;8.5;504.8;
1706805967;01.02.2024;16:46:07;90.264;160.362;205.543;241.8;8.5;504.9;
1706806867;01.02.2024;17:01:07;90.266;160.366;205.553;241.8;8.5;504.9;
1706807768;01.02.2024;17:16:08;90.267;160.369;205.561;241.8;8.5;504.9;
1706808668;01.02.2024;17:31:08;90.269;160.372;205.568;241.8;8.5;504.9;
1706809568;01.02.2024;17:46:08;90.271;160.375;205.576;241.8;8.5;504.9;
1706810469;01.02.2024;18:01:09;90.272;160.378;205.583;241.8;8.5;504.9;
1706811369;01.02.2024;18:16:09;90.274;160.381;205.59;241.8;8.5;505;
1706812269;01.02.2024;18:31:09;90.276;160.384;205.6;241.8;8.5;505;
1706813169;01.02.2024;18:46:09;90.277;160.388;205.609;241.8;8.5;505;
1706814070;01.02.2024;19:01:10;90.278;160.392;205.618;241.8;8.5;505;
1706814970;01.02.2024;19:16:10;90.279;160.393;205.621;241.8;8.5;505;
1706815870;01.02.2024;19:31:10;90.28;160.393;205.625;241.8;8.5;505;
1706816771;01.02.2024;19:46:11;90.281;160.393;205.63;241.8;8.5;505;
1706817671;01.02.2024;20:01:11;90.282;160.394;205.635;241.8;8.5;505;
1706818571;01.02.2024;20:16:11;90.284;160.397;205.64;241.8;8.5;505;
1706819472;01.02.2024;20:31:12;90.285;160.399;205.645;241.8;8.5;505;
1706820372;01.02.2024;20:46:12;90.286;160.401;205.65;241.8;8.5;505;
1706821272;01.02.2024;21:01:12;90.287;160.404;205.655;241.8;8.5;505;
1706822173;01.02.2024;21:16:13;90.289;160.407;205.66;241.8;8.5;505;
1706823073;01.02.2024;21:31:13;90.29;160.409;205.665;241.8;8.5;505;
1706823973;01.02.2024;21:46:13;90.291;160.411;205.67;241.8;8.5;505;
1706824873;01.02.2024;22:01:13;90.292;160.413;205.674;241.8;8.5;505;
1706825774;01.02.2024;22:16:14;90.293;160.417;205.679;241.8;8.5;505;
1706826674;01.02.2024;22:31:14;90.295;160.42;205.685;241.8;8.5;505;
1706827574;01.02.2024;22:46:14;90.296;160.422;205.689;241.8;8.5;505;
1706828475;01.02.2024;23:01:15;90.297;160.424;205.694;241.8;8.5;505;
1706829375;01.02.2024;23:16:15;90.299;160.428;205.7;241.8;8.5;505;
1706830275;01.02.2024;23:31:15;90.3;160.431;205.706;241.8;8.5;505;
1706831176;01.02.2024;23:46:16;90.301;160.433;205.711;241.8;8.5;505;
1706832076;02.02.2024;00:01:16;90.302;160.435;205.716;241.8;8.5;505;
1706832976;02.02.2024;00:16:16;90.304;160.438;205.723;241.8;8.5;505;
1706833876;02.02.2024;00:31:16;90.305;160.442;205.729;241.8;8.5;505;
1706834777;02.02.2024;00:46:17;90.306;160.444;205.735;241.8;8.5;505;
1706835677;02.02.2024;01:01:17;90.308;160.446;205.74;241.8;8.5;505;
1706836577;02.02.2024;01:16:17;90.309;160.449;205.745;241.8;8.5;505;
1706837478;02.02.2024;01:31:18;90.31;160.452;205.75;241.8;8.5;505;
1706838378;02.02.2024;01:46:18;90.311;160.454;205.755;241.8;8.5;505;
1706839278;02.02.2024;02:01:18;90.312;160.457;205.76;241.8;8.5;505;
1706840178;02.02.2024;02:16:18;90.314;160.46;205.766;241.8;8.5;505;
1706841079;02.02.2024;02:31:19;90.315;160.464;205.774;241.8;8.5;505;
1706841979;02.02.2024;02:46:19;90.317;160.467;205.78;241.8;8.5;505;
1706842879;02.02.2024;03:01:19;90.319;160.469;205.785;241.8;8.5;505;
1706843780;02.02.2024;03:16:20;90.328;160.471;205.809;241.8;8.5;505;
1706844680;02.02.2024;03:31:20;90.334;160.478;205.836;241.8;8.5;505;
1706845580;02.02.2024;03:46:20;90.341;160.486;205.858;241.8;8.5;505;
1706846481;02.02.2024;04:01:21;90.346;160.49;205.876;241.8;8.5;505;
1706847381;02.02.2024;04:16:21;90.35;160.493;205.891;241.8;8.5;505;
1706848281;02.02.2024;04:31:21;90.354;160.498;205.908;241.8;8.5;505;
1706849182;02.02.2024;04:46:22;90.358;160.502;205.924;241.8;8.5;505;
1706850082;02.02.2024;05:01:22;90.363;160.507;205.941;241.8;8.5;505;
1706850982;02.02.2024;05:16:22;90.367;160.512;205.957;241.8;8.5;505;
1706851882;02.02.2024;05:31:22;90.372;160.517;205.975;241.8;8.5;505;
1706852783;02.02.2024;05:46:23;90.377;160.522;205.995;241.8;8.5;505;
1706853683;02.02.2024;06:01:23;90.381;160.529;206.014;241.8;8.5;505;
1706854583;02.02.2024;06:16:23;90.386;160.534;206.031;241.8;8.5;505.1;
1706855484;02.02.2024;06:31:24;90.391;160.539;206.044;241.8;8.5;505.1;
1706856384;02.02.2024;06:46:24;90.395;160.543;206.057;241.8;8.5;505.1;
1706857284;02.02.2024;07:01:24;90.398;160.547;206.069;241.8;8.5;505.1;
1706858185;02.02.2024;07:16:25;90.4;160.551;206.079;241.8;8.5;505.2;
1706859085;02.02.2024;07:31:25;90.403;160.555;206.089;241.8;8.5;505.2;
1706859985;02.02.2024;07:46:25;90.405;160.558;206.102;241.8;8.5;505.2;
1706860885;02.02.2024;08:01:25;90.408;160.563;206.116;241.8;8.5;505.2;
1706861786;02.02.2024;08:16:26;90.411;160.569;206.128;241.8;8.5;505.2;
1706862686;02.02.2024;08:31:26;90.415;160.574;206.14;241.8;8.5;505.2;
1706863586;02.02.2024;08:46:26;90.419;160.577;206.153;241.8;8.5;505.2;
1706864487;02.02.2024;09:01:27;90.423;160.581;206.165;241.8;8.5;505.2;
1706865387;02.02.2024;09:16:27;90.428;160.585;206.175;241.8;8.5;505.2;
1706866287;02.02.2024;09:31:27;90.432;160.591;206.184;241.8;8.5;505.3;
1706867188;02.02.2024;09:46:28;90.435;160.595;206.196;241.8;8.5;505.3;
1706868088;02.02.2024;10:01:28;90.438;160.599;206.208;241.8;8.5;505.4;
1706868988;02.02.2024;10:16:28;90.441;160.603;206.216;241.8;8.5;505.4;
1706869888;02.02.2024;10:31:28;90.443;160.606;206.224;241.8;8.5;505.4;
1706870789;02.02.2024;10:46:29;90.446;160.61;206.231;241.8;8.5;505.4;
1706871689;02.02.2024;11:01:29;90.448;160.613;206.24;241.8;8.5;505.4;
1706872589;02.02.2024;11:16:29;90.449;160.616;206.25;241.8;8.5;505.5;
1706873490;02.02.2024;11:31:30;90.451;160.62;206.257;241.8;8.5;505.5;
1706874390;02.02.2024;11:46:30;90.452;160.624;206.265;241.8;8.5;505.5;
1706875290;02.02.2024;12:01:30;90.454;160.627;206.272;241.8;8.5;505.6;
1706876191;02.02.2024;12:16:31;90.455;160.631;206.28;241.8;8.5;505.6;
1706877091;02.02.2024;12:31:31;90.456;160.634;206.287;241.8;8.5;505.6;
1706877991;02.02.2024;12:46:31;90.457;160.636;206.295;241.8;8.5;505.7;
1706878891;02.02.2024;13:01:31;90.458;160.639;206.301;241.8;8.5;505.7;
1706879792;02.02.2024;13:16:32;90.46;160.642;206.307;241.8;8.5;505.7;
1706880692;02.02.2024;13:31:32;90.461;160.645;206.314;241.8;8.5;505.8;
1706881592;02.02.2024;13:46:32;90.462;160.649;206.32;241.8;8.5;505.8;
1706882493;02.02.2024;14:01:33;90.463;160.652;206.326;241.8;8.5;505.8;
1706883393;02.02.2024;14:16:33;90.464;160.655;206.331;241.8;8.5;505.8;
1706884293;02.02.2024;14:31:33;90.466;160.658;206.336;241.8;8.5;505.8;
1706885194;02.02.2024;14:46:34;90.467;160.661;206.34;241.8;8.5;505.9;
1706886094;02.02.2024;15:01:34;90.468;160.664;206.345;241.8;8.5;505.9;
1706886994;02.02.2024;15:16:34;90.469;160.667;206.351;241.8;8.5;505.9;
1706887895;02.02.2024;15:31:35;90.47;160.67;206.356;241.8;8.5;505.9;
1706888795;02.02.2024;15:46:35;90.472;160.674;206.361;241.8;8.5;506;
1706889695;02.02.2024;16:01:35;90.473;160.677;206.366;241.8;8.5;506;
1706890595;02.02.2024;16:16:35;90.474;160.679;206.371;241.8;8.5;506.1;
1706891496;02.02.2024;16:31:36;90.475;160.682;206.377;241.8;8.5;506.1;
1706892396;02.02.2024;16:46:36;90.476;160.685;206.385;241.8;8.5;506.1;
1706893297;02.02.2024;17:01:37;90.478;160.689;206.392;241.8;8.5;506.1;
1706894198;02.02.2024;17:16:38;90.48;160.693;206.398;241.8;8.5;506.1;
1706895098;02.02.2024;17:31:38;90.481;160.696;206.404;241.8;8.5;506.1;
1706895999;02.02.2024;17:46:39;90.483;160.698;206.409;241.8;8.5;506.1;
1706896899;02.02.2024;18:01:39;90.484;160.701;206.416;241.8;8.5;506.1;
1706897799;02.02.2024;18:16:39;90.485;160.705;206.423;241.8;8.5;506.2;
1706898700;02.02.2024;18:31:40;90.487;160.709;206.43;241.8;8.5;506.2;
1706899600;02.02.2024;18:46:40;90.488;160.712;206.438;241.8;8.5;506.2;
1706900500;02.02.2024;19:01:40;90.49;160.714;206.445;241.8;8.5;506.2;
1706901401;02.02.2024;19:16:41;90.49;160.715;206.448;241.8;8.5;506.2;
1706902301;02.02.2024;19:31:41;90.491;160.715;206.451;241.8;8.5;506.2;
1706903201;02.02.2024;19:46:41;90.492;160.717;206.455;241.8;8.5;506.2;
1706904101;02.02.2024;20:01:41;90.493;160.719;206.459;241.8;8.5;506.2;
1706905002;02.02.2024;20:16:42;90.495;160.722;206.465;241.8;8.5;506.2;
1706905902;02.02.2024;20:31:42;90.496;160.724;206.47;241.8;8.5;506.2;
1706906802;02.02.2024;20:46:42;90.497;160.727;206.475;241.8;8.5;506.2;
1706907703;02.02.2024;21:01:43;90.498;160.73;206.48;241.8;8.5;506.2;
1706908603;02.02.2024;21:16:43;90.5;160.732;206.485;241.8;8.5;506.2;
1706909503;02.02.2024;21:31:43;90.501;160.734;206.49;241.8;8.5;506.2;
1706910404;02.02.2024;21:46:44;90.502;160.736;206.495;241.8;8.5;506.2;
1706911304;02.02.2024;22:01:44;90.503;160.74;206.499;241.8;8.5;506.2;
1706912204;02.02.2024;22:16:44;90.505;160.743;206.504;241.8;8.5;506.2;
1706913104;02.02.2024;22:31:44;90.506;160.745;206.51;241.8;8.5;506.2;
1706914005;02.02.2024;22:46:45;90.507;160.747;206.517;241.8;8.5;506.2;
1706914905;02.02.2024;23:01:45;90.509;160.751;206.522;241.8;8.5;506.2;
1706915805;02.02.2024;23:16:45;90.51;160.754;206.527;241.8;8.5;506.2;
1706916706;02.02.2024;23:31:46;90.511;160.756;206.532;241.8;8.5;506.2;
1706917606;02.02.2024;23:46:46;90.512;160.758;206.537;241.8;8.5;506.2;
1706918506;03.02.2024;00:01:46;90.514;160.762;206.542;241.8;8.5;506.2;
1706919407;03.02.2024;00:16:47;90.515;160.765;206.547;241.8;8.5;506.2;
1706920307;03.02.2024;00:31:47;90.516;160.768;206.552;241.8;8.5;506.2;
1706921207;03.02.2024;00:46:47;90.518;160.77;206.558;241.8;8.5;506.2;
1706922107;03.02.2024;01:01:47;90.519;160.773;206.566;241.8;8.5;506.2;
1706923008;03.02.2024;01:16:48;90.52;160.777;206.572;241.8;8.5;506.2;
1706923908;03.02.2024;01:31:48;90.521;160.779;206.577;241.8;8.5;506.2;
1706924808;03.02.2024;01:46:48;90.523;160.781;206.582;241.8;8.5;506.2;
1706925709;03.02.2024;02:01:49;90.524;160.783;206.587;241.8;8.5;506.2;
1706926609;03.02.2024;02:16:49;90.525;160.787;206.592;241.8;8.5;506.2;
1706927509;03.02.2024;02:31:49;90.527;160.791;206.597;241.8;8.5;506.2;
1706928410;03.02.2024;02:46:50;90.528;160.793;206.602;241.8;8.5;506.2;
1706929310;03.02.2024;03:01:50;90.529;160.795;206.607;241.8;8.5;506.2;
1706930210;03.02.2024;03:16:50;90.53;160.798;206.614;241.8;8.5;506.2;
1706931110;03.02.2024;03:31:50;90.532;160.803;206.62;241.8;8.5;506.2;
1706932011;03.02.2024;03:46:51;90.533;160.806;206.626;241.8;8.5;506.2;
1706932911;03.02.2024;04:01:51;90.535;160.808;206.632;241.8;8.5;506.2;
1706933811;03.02.2024;04:16:51;90.536;160.811;206.637;241.8;8.5;506.2;
1706934712;03.02.2024;04:31:52;90.537;160.814;206.642;241.8;8.5;506.2;
1706935612;03.02.2024;04:46:52;90.538;160.817;206.648;241.8;8.5;506.2;
1706936512;03.02.2024;05:01:52;90.541;160.82;206.655;241.8;8.5;506.2;
1706937413;03.02.2024;05:16:53;90.543;160.823;206.661;241.8;8.5;506.2;
1706938313;03.02.2024;05:31:53;90.545;160.828;206.667;241.8;8.5;506.2;
1706939213;03.02.2024;05:46:53;90.546;160.832;206.673;241.8;8.5;506.2;
1706940114;03.02.2024;06:01:54;90.548;160.835;206.679;241.8;8.5;506.2;
1706941014;03.02.2024;06:16:54;90.549;160.837;206.684;241.8;8.5;506.2;
1706941914;03.02.2024;06:31:54;90.55;160.841;206.69;241.8;8.5;506.2;
1706942814;03.02.2024;06:46:54;90.551;160.844;206.698;241.8;8.5;506.2;
1706943715;03.02.2024;07:01:55;90.553;160.847;206.705;241.8;8.5;506.2;
1706944615;03.02.2024;07:16:55;90.554;160.85;206.711;241.8;8.5;506.2;
1706945515;03.02.2024;07:31:55;90.556;160.854;206.717;241.8;8.5;506.2;
1706946416;03.02.2024;07:46:56;90.557;160.857;206.722;241.8;8.5;506.2;
1706947316;03.02.2024;08:01:56;90.558;160.861;206.727;241.8;8.5;506.2;
1706948216;03.02.2024;08:16:56;90.56;160.863;206.733;241.8;8.5;506.2;
1706949117;03.02.2024;08:31:57;90.561;160.865;206.739;241.8;8.5;506.2;
1706950017;03.02.2024;08:46:57;90.562;160.868;206.746;241.8;8.5;506.2;
1706950917;03.02.2024;09:01:57;90.563;160.873;206.752;241.8;8.5;506.2;
1706951817;03.02.2024;09:16:57;90.565;160.876;206.758;241.8;8.5;506.2;
1706952718;03.02.2024;09:31:58;90.567;160.879;206.764;241.8;8.5;506.2;
1706953618;03.02.2024;09:46:58;90.569;160.883;206.769;241.8;8.5;506.2;
1706954518;03.02.2024;10:01:58;90.571;160.886;206.775;241.8;8.5;506.2;
1706955419;03.02.2024;10:16:59;90.573;160.889;206.78;241.8;8.5;506.2;
1706956319;03.02.2024;10:31:59;90.574;160.891;206.785;241.8;8.5;506.2;
1706957219;03.02.2024;10:46:59;90.575;160.894;206.79;241.8;8.5;506.2;
1706958120;03.02.2024;11:02:00;90.577;160.898;206.795;241.8;8.5;506.2;
1706959020;03.02.2024;11:17:00;90.578;160.901;206.803;241.8;8.5;506.2;
1706959920;03.02.2024;11:32:00;90.579;160.903;206.809;241.8;8.5;506.2;
1706960821;03.02.2024;11:47:01;90.581;160.906;206.815;241.8;8.5;506.2;
1706961721;03.02.2024;12:02:01;90.582;160.91;206.821;241.8;8.5;506.2;
1706962621;03.02.2024;12:17:01;90.583;160.914;206.827;241.8;8.5;506.2;
1706963521;03.02.2024;12:32:01;90.585;160.917;206.833;241.8;8.5;506.2;
1706964422;03.02.2024;12:47:02;90.586;160.919;206.838;241.8;8.5;506.2;
1706965322;03.02.2024;13:02:02;90.587;160.922;206.842;241.8;8.5;506.2;
1706966222;03.02.2024;13:17:02;90.589;160.925;206.847;241.8;8.5;506.2;
1706967123;03.02.2024;13:32:03;90.59;160.927;206.851;241.8;8.5;506.2;
1706968023;03.02.2024;13:47:03;90.591;160.929;206.856;241.8;8.5;506.2;
1706968923;03.02.2024;14:02:03;90.592;160.932;206.862;241.8;8.5;506.2;
1706969824;03.02.2024;14:17:04;90.594;160.936;206.867;241.8;8.5;506.2;
1706970724;03.02.2024;14:32:04;90.595;160.94;206.873;241.8;8.5;506.2;
1706971624;03.02.2024;14:47:04;90.596;160.943;206.879;241.8;8.5;506.2;
1706972524;03.02.2024;15:02:04;90.598;160.945;206.884;241.8;8.5;506.2;
1706973425;03.02.2024;15:17:05;90.599;160.947;206.889;241.8;8.5;506.2;
1706974325;03.02.2024;15:32:05;90.6;160.95;206.896;241.8;8.5;506.2;
1706975225;03.02.2024;15:47:05;90.601;160.953;206.902;241.8;8.5;506.2;
1706976126;03.02.2024;16:02:06;90.603;160.956;206.908;241.8;8.5;506.2;
1706977026;03.02.2024;16:17:06;90.604;160.959;206.914;241.8;8.5;506.2;
1706977926;03.02.2024;16:32:06;90.605;160.963;206.919;241.8;8.5;506.2;
1706978827;03.02.2024;16:47:07;90.607;160.965;206.924;241.8;8.5;506.2;
1706979727;03.02.2024;17:02:07;90.608;160.968;206.93;241.8;8.5;506.2;
1706980627;03.02.2024;17:17:07;90.609;160.97;206.936;241.8;8.5;506.2;
1706981527;03.02.2024;17:32:07;90.611;160.974;206.942;241.8;8.5;506.2;
1706982428;03.02.2024;17:47:08;90.612;160.976;206.949;241.8;8.5;506.2;
1706983328;03.02.2024;18:02:08;90.613;160.98;206.955;241.8;8.5;506.2;
1706984228;03.02.2024;18:17:08;90.615;160.982;206.961;241.8;8.5;506.2;
1706985129;03.02.2024;18:32:09;90.616;160.986;206.966;241.8;8.5;506.2;
1706986029;03.02.2024;18:47:09;90.617;160.989;206.972;241.8;8.5;506.2;
1706986929;03.02.2024;19:02:09;90.619;160.991;206.978;241.8;8.5;506.2;
1706987830;03.02.2024;19:17:10;90.62;160.992;206.981;241.8;8.5;506.2;
1706988730;03.02.2024;19:32:10;90.62;160.993;206.985;241.8;8.5;506.2;
1706989630;03.02.2024;19:47:10;90.622;160.995;206.992;241.8;8.5;506.2;
1706990531;03.02.2024;20:02:11;90.624;161;206.999;241.8;8.5;506.2;
1706991431;03.02.2024;20:17:11;90.626;161.003;207.005;241.8;8.5;506.2;
1706992331;03.02.2024;20:32:11;90.628;161.005;207.01;241.8;8.5;506.2;
1706993231;03.02.2024;20:47:11;90.629;161.008;207.015;241.8;8.5;506.2;
1706994132;03.02.2024;21:02:12;90.63;161.011;207.02;241.8;8.5;506.2;
1706995032;03.02.2024;21:17:12;90.631;161.013;207.026;241.8;8.5;506.2;
1706995932;03.02.2024;21:32:12;90.633;161.016;207.031;241.8;8.5;506.2;
1706996833;03.02.2024;21:47:13;90.634;161.019;207.039;241.8;8.5;506.2;
1706997733;03.02.2024;22:02:13;90.635;161.023;207.046;241.8;8.5;506.2;
1706998633;03.02.2024;22:17:13;90.637;161.026;207.052;241.8;8.5;506.2;
1706999534;03.02.2024;22:32:14;90.638;161.028;207.057;241.8;8.5;506.2;
1707000434;03.02.2024;22:47:14;90.639;161.03;207.062;241.8;8.5;506.2;
1707001334;03.02.2024;23:02:14;90.64;161.034;207.068;241.8;8.5;506.2;
1707002234;03.02.2024;23:17:14;90.641;161.038;207.073;241.8;8.5;506.2;
1707003135;03.02.2024;23:32:15;90.643;161.041;207.079;241.8;8.5;506.2;
1707004035;03.02.2024;23:47:15;90.644;161.043;207.088;241.8;8.5;506.2;
1707004935;04.02.2024;00:02:15;90.646;161.047;207.094;241.8;8.5;506.2;
1707005836;04.02.2024;00:17:16;90.649;161.051;207.1;241.8;8.5;506.2;
1707006736;04.02.2024;00:32:16;90.65;161.053;207.106;241.8;8.5;506.2;
1707007636;04.02.2024;00:47:16;90.652;161.055;207.111;241.8;8.5;506.2;
1707008537;04.02.2024;01:02:17;90.654;161.058;207.116;241.8;8.5;506.2;
1707009437;04.02.2024;01:17:17;90.655;161.062;207.122;241.8;8.5;506.2;
1707010337;04.02.2024;01:32:17;90.656;161.065;207.13;241.8;8.5;506.2;
1707011237;04.02.2024;01:47:17;90.658;161.068;207.136;241.8;8.5;506.2;
1707012138;04.02.2024;02:02:18;90.659;161.071;207.142;241.8;8.5;506.2;
1707013038;04.02.2024;02:17:18;90.66;161.074;207.147;241.8;8.5;506.2;
1707013938;04.02.2024;02:32:18;90.661;161.077;207.152;241.8;8.5;506.2;
1707014839;04.02.2024;02:47:19;90.663;161.079;207.158;241.8;8.5;506.2;
1707015739;04.02.2024;03:02:19;90.664;161.081;207.165;241.8;8.5;506.2;
1707016639;04.02.2024;03:17:19;90.665;161.086;207.173;241.8;8.5;506.2;
1707017540;04.02.2024;03:32:20;90.667;161.09;207.179;241.8;8.5;506.2;
1707018440;04.02.2024;03:47:20;90.668;161.093;207.184;241.8;8.5;506.2;
1707019340;04.02.2024;04:02:20;90.669;161.095;207.19;241.8;8.5;506.2;
1707020241;04.02.2024;04:17:21;90.67;161.098;207.195;241.8;8.5;506.2;
1707021141;04.02.2024;04:32:21;90.672;161.102;207.202;241.8;8.5;506.2;
1707022041;04.02.2024;04:47:21;90.673;161.105;207.212;241.8;8.5;506.2;
1707022941;04.02.2024;05:02:21;90.676;161.107;207.219;241.8;8.5;506.2;
1707023842;04.02.2024;05:17:22;90.678;161.112;207.225;241.8;8.5;506.2;
1707024742;04.02.2024;05:32:22;90.68;161.116;207.231;241.8;8.5;506.2;
1707025642;04.02.2024;05:47:22;90.682;161.12;207.238;241.8;8.5;506.2;
1707026543;04.02.2024;06:02:23;90.684;161.123;207.244;241.8;8.5;506.2;
1707027443;04.02.2024;06:17:23;90.685;161.125;207.25;241.8;8.5;506.2;
1707028343;04.02.2024;06:32:23;90.686;161.128;207.26;241.8;8.5;506.2;
1707029244;04.02.2024;06:47:24;90.687;161.133;207.268;241.8;8.5;506.2;
1707030144;04.02.2024;07:02:24;90.689;161.136;207.275;241.8;8.5;506.2;
1707031044;04.02.2024;07:17:24;90.69;161.139;207.281;241.8;8.5;506.2;
1707031944;04.02.2024;07:32:24;90.692;161.143;207.286;241.8;8.5;506.2;
1707032845;04.02.2024;07:47:25;90.693;161.146;207.291;241.8;8.5;506.2;
1707033745;04.02.2024;08:02:25;90.694;161.148;207.296;241.8;8.5;506.2;
1707034645;04.02.2024;08:17:25;90.695;161.15;207.306;241.8;8.5;506.2;
1707035546;04.02.2024;08:32:26;90.696;161.153;207.315;241.8;8.5;506.2;
1707036446;04.02.2024;08:47:26;90.698;161.158;207.323;241.8;8.5;506.2;
1707037346;04.02.2024;09:02:26;90.699;161.162;207.33;241.8;8.5;506.2;
1707038247;04.02.2024;09:17:27;90.701;161.166;207.336;241.8;8.5;506.2;
1707039147;04.02.2024;09:32:27;90.703;161.167;207.342;241.8;8.5;506.2;
1707040047;04.02.2024;09:47:27;90.705;161.171;207.348;241.8;8.5;506.2;
1707040947;04.02.2024;10:02:27;90.707;161.174;207.355;241.8;8.5;506.2;
1707041848;04.02.2024;10:17:28;90.708;161.176;207.363;241.8;8.5;506.2;
1707042748;04.02.2024;10:32:28;90.709;161.179;207.37;241.8;8.5;506.2;
1707043648;04.02.2024;10:47:28;90.711;161.183;207.376;241.8;8.5;506.2;
1707044549;04.02.2024;11:02:29;90.712;161.188;207.383;241.8;8.5;506.2;
1707045449;04.02.2024;11:17:29;90.714;161.191;207.389;241.8;8.5;506.2;
1707046349;04.02.2024;11:32:29;90.716;161.194;207.396;241.8;8.5;506.2;
1707047250;04.02.2024;11:47:30;90.717;161.197;207.401;241.8;8.5;506.2;
1707048150;04.02.2024;12:02:30;90.718;161.2;207.406;241.8;8.5;506.2;
1707049050;04.02.2024;12:17:30;90.719;161.203;207.411;241.8;8.5;506.2;
1707049951;04.02.2024;12:32:31;90.72;161.205;207.418;241.8;8.5;506.2;
1707050851;04.02.2024;12:47:31;90.722;161.206;207.426;241.8;8.5;506.2;
1707051751;04.02.2024;13:02:31;90.723;161.211;207.432;241.8;8.5;506.2;
1707052652;04.02.2024;13:17:32;90.724;161.216;207.439;241.8;8.5;506.2;
1707053552;04.02.2024;13:32:32;90.726;161.218;207.445;241.8;8.5;506.2;
1707054452;04.02.2024;13:47:32;90.727;161.22;207.45;241.8;8.5;506.2;
1707055352;04.02.2024;14:02:32;90.729;161.224;207.456;241.8;8.5;506.2;
1707056253;04.02.2024;14:17:33;90.73;161.228;207.461;241.8;8.5;506.2;
1707057153;04.02.2024;14:32:33;90.731;161.23;207.468;241.8;8.5;506.2;
1707058053;04.02.2024;14:47:33;90.732;161.232;207.476;241.8;8.5;506.2;
1707058954;04.02.2024;15:02:34;90.733;161.234;207.485;241.8;8.5;506.2;
1707059854;04.02.2024;15:17:34;90.735;161.239;207.491;241.8;8.5;506.2;
1707060754;04.02.2024;15:32:34;90.736;161.243;207.497;241.8;8.5;506.2;
1707061655;04.02.2024;15:47:35;90.738;161.246;207.504;241.8;8.5;506.2;
1707062555;04.02.2024;16:02:35;90.74;161.246;207.508;241.8;8.5;506.2;
1707063455;04.02.2024;16:17:35;90.741;161.248;207.511;241.9;8.5;506.2;
1707064355;04.02.2024;16:32:35;90.743;161.255;207.517;241.9;8.5;506.2;
1707065256;04.02.2024;16:47:36;90.745;161.259;207.529;241.9;8.5;506.2;
1707066156;04.02.2024;17:02:36;90.747;161.262;207.539;241.9;8.5;506.3;
1707067056;04.02.2024;17:17:36;90.749;161.268;207.547;241.9;8.5;506.3;
1707067957;04.02.2024;17:32:37;90.75;161.271;207.555;241.9;8.5;506.3;
1707068857;04.02.2024;17:47:37;90.751;161.273;207.564;241.9;8.5;506.3;
1707069757;04.02.2024;18:02:37;90.753;161.275;207.57;241.9;8.5;506.3;
1707070658;04.02.2024;18:17:38;90.754;161.279;207.576;241.9;8.5;506.3;
1707071558;04.02.2024;18:32:38;90.755;161.281;207.584;241.9;8.5;506.3;
1707072458;04.02.2024;18:47:38;90.756;161.284;207.595;241.9;8.5;506.3;
1707073358;04.02.2024;19:02:38;90.757;161.287;207.603;241.9;8.5;506.3;
1707074259;04.02.2024;19:17:39;90.759;161.288;207.607;241.9;8.5;506.3;
1707075159;04.02.2024;19:32:39;90.759;161.29;207.611;241.9;8.5;506.3;
1707076059;04.02.2024;19:47:39;90.761;161.294;207.617;241.9;8.5;506.3;
1707076960;04.02.2024;20:02:40;90.763;161.297;207.622;241.9;8.5;506.3;
1707077860;04.02.2024;20:17:40;90.765;161.299;207.63;241.9;8.5;506.3;
1707078760;04.02.2024;20:32:40;90.767;161.303;207.64;241.9;8.5;506.3;
1707079660;04.02.2024;20:47:40;90.769;161.308;207.647;241.9;8.5;506.3;
1707080561;04.02.2024;21:02:41;90.771;161.31;207.654;241.9;8.5;506.3;
1707081461;04.02.2024;21:17:41;90.772;161.312;207.661;241.9;8.5;506.3;
1707082361;04.02.2024;21:32:41;90.773;161.315;207.668;241.9;8.5;506.3;
1707083262;04.02.2024;21:47:42;90.775;161.319;207.675;241.9;8.5;506.3;
1707084162;04.02.2024;22:02:42;90.776;161.323;207.686;241.9;8.5;506.3;
1707085062;04.02.2024;22:17:42;90.777;161.326;207.694;241.9;8.5;506.3;
1707085963;04.02.2024;22:32:43;90.779;161.328;207.701;241.9;8.5;506.3;
1707086863;04.02.2024;22:47:43;90.78;161.331;207.707;241.9;8.5;506.3;
1707087763;04.02.2024;23:02:43;90.781;161.335;207.713;241.9;8.5;506.3;
1707088663;04.02.2024;23:17:43;90.782;161.338;207.72;241.9;8.5;506.3;
1707089564;04.02.2024;23:32:44;90.784;161.34;207.727;241.9;8.5;506.3;
1707090464;04.02.2024;23:47:44;90.785;161.345;207.733;241.9;8.5;506.3;
1707091364;05.02.2024;00:02:44;90.787;161.349;207.742;241.9;8.5;506.3;
1707092265;05.02.2024;00:17:45;90.788;161.353;207.75;241.9;8.5;506.3;
1707093165;05.02.2024;00:32:45;90.791;161.355;207.758;241.9;8.5;506.3;
1707094065;05.02.2024;00:47:45;90.792;161.358;207.765;241.9;8.5;506.3;
1707094966;05.02.2024;01:02:46;90.794;161.362;207.771;241.9;8.5;506.3;
1707095866;05.02.2024;01:17:46;90.796;161.365;207.778;241.9;8.5;506.3;
1707096766;05.02.2024;01:32:46;90.797;161.368;207.785;241.9;8.5;506.3;
1707097667;05.02.2024;01:47:47;90.799;161.37;207.795;241.9;8.5;506.3;
1707098567;05.02.2024;02:02:47;90.8;161.374;207.802;241.9;8.5;506.3;
1707099467;05.02.2024;02:17:47;90.801;161.379;207.809;241.9;8.5;506.3;
1707100367;05.02.2024;02:32:47;90.803;161.381;207.815;241.9;8.5;506.3;
1707101268;05.02.2024;02:47:48;90.804;161.383;207.821;241.9;8.5;506.3;
1707102168;05.02.2024;03:02:48;90.808;161.386;207.83;241.9;8.5;506.3;
1707103068;05.02.2024;03:17:48;90.816;161.387;207.858;241.9;8.5;506.3;
1707103969;05.02.2024;03:32:49;90.823;161.393;207.884;241.9;8.5;506.3;
1707104869;05.02.2024;03:47:49;90.829;161.4;207.905;241.9;8.5;506.3;
1707105769;05.02.2024;04:02:49;90.835;161.405;207.925;241.9;8.5;506.3;
1707106670;05.02.2024;04:17:50;90.84;161.409;207.943;241.9;8.5;506.3;
1707107570;05.02.2024;04:32:50;90.845;161.413;207.961;241.9;8.5;506.3;
1707108470;05.02.2024;04:47:50;90.85;161.417;207.979;241.9;8.5;506.3;
1707109370;05.02.2024;05:02:50;90.854;161.421;207.996;241.9;8.5;506.3;
1707110271;05.02.2024;05:17:51;90.859;161.425;208.013;241.9;8.5;506.3;
1707111171;05.02.2024;05:32:51;90.863;161.429;208.029;241.9;8.5;506.3;
1707112071;05.02.2024;05:47:51;90.867;161.433;208.046;241.9;8.5;506.3;
1707112972;05.02.2024;06:02:52;90.871;161.437;208.063;241.9;8.5;506.3;
1707113872;05.02.2024;06:17:52;90.876;161.441;208.079;241.9;8.5;506.4;
1707114772;05.02.2024;06:32:52;90.88;161.445;208.095;241.9;8.5;506.4;
1707115673;05.02.2024;06:47:53;90.884;161.449;208.112;241.9;8.5;506.5;
1707116573;05.02.2024;07:02:53;90.888;161.453;208.129;241.9;8.5;506.5;
1707117473;05.02.2024;07:17:53;90.892;161.457;208.144;241.9;8.5;506.5;
1707118373;05.02.2024;07:32:53;90.896;161.46;208.159;241.9;8.5;506.5;
1707119274;05.02.2024;07:47:54;90.899;161.464;208.175;241.9;8.5;506.5;
1707120174;05.02.2024;08:02:54;90.903;161.468;208.189;241.9;8.5;506.5;
1707121074;05.02.2024;08:17:54;90.907;161.472;208.202;241.9;8.5;506.5;
1707121975;05.02.2024;08:32:55;90.91;161.475;208.216;241.9;8.5;506.5;
1707122875;05.02.2024;08:47:55;90.914;161.478;208.229;241.9;8.5;506.5;
1707123775;05.02.2024;09:02:55;90.917;161.483;208.243;241.9;8.5;506.5;
1707124676;05.02.2024;09:17:56;90.921;161.487;208.257;241.9;8.5;506.6;
1707125576;05.02.2024;09:32:56;90.925;161.491;208.269;241.9;8.5;506.6;
1707126476;05.02.2024;09:47:56;90.929;161.494;208.28;241.9;8.5;506.6;
1707127376;05.02.2024;10:02:56;90.932;161.497;208.291;241.9;8.5;506.7;
1707128277;05.02.2024;10:17:57;90.935;161.5;208.303;241.9;8.5;506.7;
1707129177;05.02.2024;10:32:57;90.939;161.504;208.315;241.9;8.5;506.7;
1707130077;05.02.2024;10:47:57;90.942;161.507;208.327;241.9;8.5;506.8;
1707130978;05.02.2024;11:02:58;90.945;161.509;208.334;241.9;8.5;506.9;
1707131878;05.02.2024;11:17:58;90.946;161.509;208.336;241.9;8.5;506.9;
1707132778;05.02.2024;11:32:58;90.946;161.509;208.339;241.9;8.5;506.9;
1707133679;05.02.2024;11:47:59;90.947;161.509;208.341;241.9;8.5;507;
1707134579;05.02.2024;12:02:59;90.947;161.51;208.344;241.9;8.5;507;
1707135479;05.02.2024;12:17:59;90.949;161.515;208.351;241.9;8.5;507.1;
1707136380;05.02.2024;12:33:00;90.951;161.518;208.358;241.9;8.5;507.1;
1707137280;05.02.2024;12:48:00;90.954;161.523;208.366;241.9;8.5;507.1;
1707138180;05.02.2024;13:03:00;90.956;161.527;208.376;241.9;8.5;507.2;
1707139081;05.02.2024;13:18:01;90.959;161.531;208.387;241.9;8.5;507.2;
1707139981;05.02.2024;13:33:01;90.962;161.537;208.397;241.9;8.5;507.3;
1707140881;05.02.2024;13:48:01;90.966;161.542;208.408;241.9;8.5;507.4;
1707141781;05.02.2024;14:03:01;90.969;161.547;208.418;241.9;8.5;507.4;
1707142682;05.02.2024;14:18:02;90.972;161.551;208.428;241.9;8.5;507.5;
1707143582;05.02.2024;14:33:02;90.976;161.558;208.441;241.9;8.5;507.5;
1707144482;05.02.2024;14:48:02;90.98;161.565;208.455;241.9;8.5;507.5;
1707145383;05.02.2024;15:03:03;90.983;161.567;208.468;241.9;8.5;507.6;
1707146283;05.02.2024;15:18:03;90.986;161.573;208.481;241.9;8.5;507.6;
1707147183;05.02.2024;15:33:03;90.99;161.579;208.495;241.9;8.5;507.7;
1707148084;05.02.2024;15:48:04;90.994;161.584;208.506;241.9;8.5;507.8;
1707148984;05.02.2024;16:03:04;90.999;161.592;208.521;241.9;8.5;507.9;
1707149884;05.02.2024;16:18:04;91.003;161.596;208.535;241.9;8.5;507.9;
1707150785;05.02.2024;16:33:05;91.006;161.6;208.547;241.9;8.5;507.9;
1707151685;05.02.2024;16:48:05;91.009;161.604;208.559;241.9;8.5;507.9;
1707152585;05.02.2024;17:03:05;91.012;161.608;208.569;241.9;8.5;508;
1707153485;05.02.2024;17:18:05;91.016;161.611;208.581;241.9;8.5;508;
1707154386;05.02.2024;17:33:06;91.019;161.614;208.593;241.9;8.5;508;
1707155286;05.02.2024;17:48:06;91.021;161.618;208.606;241.9;8.5;508.1;
1707156186;05.02.2024;18:03:06;91.023;161.622;208.62;241.9;8.5;508.1;
1707157087;05.02.2024;18:18:07;91.025;161.626;208.634;241.9;8.5;508.2;
1707157987;05.02.2024;18:33:07;91.026;161.63;208.647;241.9;8.5;508.2;
1707158887;05.02.2024;18:48:07;91.027;161.634;208.658;241.9;8.5;508.2;
1707159788;05.02.2024;19:03:08;91.029;161.637;208.668;241.9;8.5;508.2;
1707160688;05.02.2024;19:18:08;91.031;161.641;208.673;241.9;8.5;508.2;
1707161588;05.02.2024;19:33:08;91.033;161.642;208.677;241.9;8.5;508.2;
1707162489;05.02.2024;19:48:09;91.035;161.644;208.682;241.9;8.5;508.2;
1707163389;05.02.2024;20:03:09;91.036;161.646;208.687;241.9;8.5;508.2;
1707164289;05.02.2024;20:18:09;91.037;161.649;208.692;241.9;8.5;508.2;
1707165189;05.02.2024;20:33:09;91.039;161.652;208.697;241.9;8.5;508.2;
1707166090;05.02.2024;20:48:10;91.04;161.655;208.702;241.9;8.5;508.2;
1707166990;05.02.2024;21:03:10;91.041;161.657;208.708;241.9;8.5;508.2;
1707167890;05.02.2024;21:18:10;91.043;161.659;208.713;241.9;8.5;508.2;
1707168791;05.02.2024;21:33:11;91.044;161.663;208.718;241.9;8.5;508.2;
1707169691;05.02.2024;21:48:11;91.045;161.666;208.726;241.9;8.5;508.2;
1707170591;05.02.2024;22:03:11;91.046;161.668;208.736;241.9;8.5;508.2;
1707171492;05.02.2024;22:18:12;91.047;161.671;208.743;241.9;8.5;508.2;
1707172392;05.02.2024;22:33:12;91.048;161.675;208.751;241.9;8.5;508.2;
1707173292;05.02.2024;22:48:12;91.05;161.679;208.757;241.9;8.5;508.2;
1707174193;05.02.2024;23:03:13;91.051;161.681;208.762;241.9;8.5;508.2;
1707175093;05.02.2024;23:18:13;91.052;161.683;208.768;241.9;8.5;508.2;
1707175993;05.02.2024;23:33:13;91.053;161.686;208.778;241.9;8.5;508.2;
1707176893;05.02.2024;23:48:13;91.055;161.69;208.786;241.9;8.5;508.2;
1707177794;06.02.2024;00:03:14;91.056;161.694;208.795;241.9;8.5;508.2;
1707178694;06.02.2024;00:18:14;91.057;161.697;208.801;241.9;8.5;508.2;
1707179594;06.02.2024;00:33:14;91.059;161.698;208.807;241.9;8.5;508.2;
1707180495;06.02.2024;00:48:15;91.06;161.702;208.812;241.9;8.5;508.2;
1707181395;06.02.2024;01:03:15;91.061;161.706;208.82;241.9;8.5;508.2;
1707182295;06.02.2024;01:18:15;91.062;161.709;208.827;241.9;8.5;508.2;
1707183196;06.02.2024;01:33:16;91.065;161.711;208.832;241.9;8.5;508.2;
1707184096;06.02.2024;01:48:16;91.067;161.715;208.838;241.9;8.5;508.2;
1707184996;06.02.2024;02:03:16;91.068;161.719;208.844;241.9;8.5;508.2;
1707185896;06.02.2024;02:18:16;91.069;161.722;208.851;241.9;8.5;508.2;
1707186797;06.02.2024;02:33:17;91.07;161.725;208.857;241.9;8.5;508.2;
1707187697;06.02.2024;02:48:17;91.072;161.729;208.864;241.9;8.5;508.2;
1707188597;06.02.2024;03:03:17;91.075;161.732;208.873;241.9;8.5;508.2;
1707189498;06.02.2024;03:18:18;91.083;161.732;208.897;241.9;8.5;508.2;
1707190398;06.02.2024;03:33:18;91.088;161.736;208.917;241.9;8.5;508.2;
1707191298;06.02.2024;03:48:18;91.093;161.742;208.935;241.9;8.5;508.2;
1707192199;06.02.2024;04:03:19;91.098;161.748;208.952;241.9;8.5;508.2;
1707193099;06.02.2024;04:18:19;91.103;161.753;208.969;241.9;8.5;508.2;
1707193999;06.02.2024;04:33:19;91.107;161.759;208.986;241.9;8.5;508.2;
1707194900;06.02.2024;04:48:20;91.112;161.764;209.004;241.9;8.5;508.2;
1707195800;06.02.2024;05:03:20;91.117;161.769;209.02;241.9;8.5;508.2;
1707196700;06.02.2024;05:18:20;91.121;161.775;209.037;241.9;8.5;508.2;
1707197600;06.02.2024;05:33:20;91.126;161.779;209.053;241.9;8.5;508.2;
1707198501;06.02.2024;05:48:21;91.13;161.784;209.07;241.9;8.5;508.2;
1707199401;06.02.2024;06:03:21;91.134;161.789;209.086;241.9;8.5;508.2;
1707200301;06.02.2024;06:18:21;91.139;161.794;209.1;241.9;8.5;508.3;
1707201202;06.02.2024;06:33:22;91.143;161.8;209.114;241.9;8.5;508.3;
1707202102;06.02.2024;06:48:22;91.148;161.804;209.129;241.9;8.5;508.4;
1707203002;06.02.2024;07:03:22;91.152;161.809;209.144;241.9;8.5;508.4;
1707203903;06.02.2024;07:18:23;91.156;161.813;209.157;241.9;8.5;508.4;
1707204803;06.02.2024;07:33:23;91.16;161.817;209.173;241.9;8.5;508.4;
1707205703;06.02.2024;07:48:23;91.163;161.821;209.189;241.9;8.5;508.4;
1707206603;06.02.2024;08:03:23;91.167;161.825;209.203;241.9;8.5;508.4;
1707207504;06.02.2024;08:18:24;91.171;161.83;209.216;241.9;8.5;508.4;
1707208404;06.02.2024;08:33:24;91.174;161.834;209.228;241.9;8.5;508.4;
1707209304;06.02.2024;08:48:24;91.178;161.838;209.24;241.9;8.5;508.4;
1707210205;06.02.2024;09:03:25;91.182;161.843;209.251;241.9;8.5;508.4;
1707211105;06.02.2024;09:18:25;91.186;161.847;209.263;241.9;8.5;508.4;
1707212005;06.02.2024;09:33:25;91.189;161.851;209.275;241.9;8.5;508.5;
1707212906;06.02.2024;09:48:26;91.193;161.855;209.286;241.9;8.5;508.5;
1707213806;06.02.2024;10:03:26;91.196;161.86;209.298;241.9;8.5;508.5;
1707214706;06.02.2024;10:18:26;91.2;161.864;209.31;241.9;8.5;508.6;
1707215607;06.02.2024;10:33:27;91.203;161.868;209.321;241.9;8.5;508.6;
1707216507;06.02.2024;10:48:27;91.207;161.872;209.333;241.9;8.5;508.6;
1707217407;06.02.2024;11:03:27;91.211;161.876;209.343;241.9;8.5;508.6;
1707218307;06.02.2024;11:18:27;91.214;161.881;209.355;241.9;8.5;508.7;
1707219208;06.02.2024;11:33:28;91.217;161.886;209.367;241.9;8.5;508.7;
1707220108;06.02.2024;11:48:28;91.22;161.889;209.379;241.9;8.5;508.8;
1707221008;06.02.2024;12:03:28;91.222;161.894;209.39;241.9;8.5;508.9;
1707221909;06.02.2024;12:18:29;91.224;161.899;209.402;241.9;8.5;508.9;
1707222809;06.02.2024;12:33:29;91.226;161.903;209.412;241.9;8.5;509;
1707223709;06.02.2024;12:48:29;91.228;161.908;209.421;241.9;8.5;509;
1707224610;06.02.2024;13:03:30;91.229;161.913;209.432;241.9;8.5;509;
1707225510;06.02.2024;13:18:30;91.231;161.916;209.442;241.9;8.5;509.1;
1707226410;06.02.2024;13:33:30;91.232;161.918;209.449;241.9;8.5;509.1;
1707227311;06.02.2024;13:48:31;91.234;161.92;209.456;241.9;8.5;509.2;
1707228211;06.02.2024;14:03:31;91.236;161.923;209.464;241.9;8.5;509.2;
1707229111;06.02.2024;14:18:31;91.237;161.926;209.471;241.9;8.5;509.3;
1707230011;06.02.2024;14:33:31;91.239;161.929;209.477;241.9;8.5;509.3;
1707230912;06.02.2024;14:48:32;91.24;161.932;209.484;241.9;8.5;509.4;
1707231812;06.02.2024;15:03:32;91.241;161.936;209.492;241.9;8.5;509.4;
1707232712;06.02.2024;15:18:32;91.242;161.939;209.499;241.9;8.5;509.4;
1707233613;06.02.2024;15:33:33;91.243;161.941;209.507;241.9;8.5;509.4;
1707234513;06.02.2024;15:48:33;91.245;161.942;209.514;241.9;8.5;509.5;
1707235413;06.02.2024;16:03:33;91.246;161.946;209.522;241.9;8.5;509.5;
1707236314;06.02.2024;16:18:34;91.247;161.95;209.531;241.9;8.5;509.6;
1707237214;06.02.2024;16:33:34;91.249;161.954;209.538;241.9;8.5;509.6;
1707238114;06.02.2024;16:48:34;91.251;161.956;209.546;241.9;8.5;509.6;
1707239015;06.02.2024;17:03:35;91.253;161.958;209.552;241.9;8.5;509.6;
1707239915;06.02.2024;17:18:35;91.255;161.961;209.559;241.9;8.5;509.7;
1707240815;06.02.2024;17:33:35;91.256;161.964;209.567;241.9;8.5;509.7;
1707241715;06.02.2024;17:48:35;91.259;161.969;209.578;241.9;8.5;509.8;
1707242616;06.02.2024;18:03:36;91.262;161.973;209.588;241.9;8.5;509.8;
1707243516;06.02.2024;18:18:36;91.264;161.974;209.594;241.9;8.5;509.8;
1707244416;06.02.2024;18:33:36;91.266;161.976;209.6;241.9;8.5;509.8;
1707245317;06.02.2024;18:48:37;91.267;161.978;209.607;241.9;8.5;509.8;
1707246217;06.02.2024;19:03:37;91.268;161.982;209.614;241.9;8.5;509.8;
1707247117;06.02.2024;19:18:37;91.269;161.983;209.618;241.9;8.5;509.8;
1707248018;06.02.2024;19:33:38;91.271;161.984;209.621;241.9;8.5;509.8;
1707248918;06.02.2024;19:48:38;91.272;161.985;209.625;241.9;8.5;509.8;
1707249818;06.02.2024;20:03:38;91.273;161.987;209.629;241.9;8.5;509.9;
1707250718;06.02.2024;20:18:38;91.274;161.99;209.633;241.9;8.5;509.9;
1707251619;06.02.2024;20:33:39;91.276;161.992;209.639;241.9;8.5;509.9;
1707252519;06.02.2024;20:48:39;91.277;161.994;209.646;241.9;8.5;509.9;
1707253419;06.02.2024;21:03:39;91.278;161.997;209.652;241.9;8.5;509.9;
1707254320;06.02.2024;21:18:40;91.279;161.999;209.657;241.9;8.5;509.9;
1707255220;06.02.2024;21:33:40;91.281;162.002;209.661;241.9;8.5;509.9;
1707256120;06.02.2024;21:48:40;91.282;162.004;209.666;241.9;8.5;509.9;
1707257021;06.02.2024;22:03:41;91.283;162.006;209.672;241.9;8.5;509.9;
1707257921;06.02.2024;22:18:41;91.284;162.008;209.677;241.9;8.5;509.9;
1707258821;06.02.2024;22:33:41;91.286;162.012;209.681;241.9;8.5;509.9;
1707259722;06.02.2024;22:48:42;91.287;162.014;209.686;241.9;8.5;509.9;
1707260622;06.02.2024;23:03:42;91.288;162.016;209.691;241.9;8.5;509.9;
1707261522;06.02.2024;23:18:42;91.289;162.018;209.696;241.9;8.5;509.9;
1707262422;06.02.2024;23:33:42;91.29;162.022;209.701;241.9;8.5;509.9;
1707263323;06.02.2024;23:48:43;91.292;162.025;209.707;241.9;8.5;509.9;
1707264223;07.02.2024;00:03:43;91.293;162.027;209.712;241.9;8.5;509.9;
1707265123;07.02.2024;00:18:43;91.294;162.029;209.718;241.9;8.5;509.9;
1707266024;07.02.2024;00:33:44;91.295;162.032;209.725;241.9;8.5;509.9;
1707266924;07.02.2024;00:48:44;91.297;162.035;209.73;241.9;8.5;509.9;
1707267824;07.02.2024;01:03:44;91.298;162.038;209.735;241.9;8.5;509.9;
1707268725;07.02.2024;01:18:45;91.299;162.04;209.74;241.9;8.5;509.9;
1707269625;07.02.2024;01:33:45;91.3;162.042;209.745;241.9;8.5;509.9;
1707270525;07.02.2024;01:48:45;91.301;162.046;209.75;241.9;8.5;509.9;
1707271426;07.02.2024;02:03:46;91.303;162.048;209.755;241.9;8.5;509.9;
1707272326;07.02.2024;02:18:46;91.304;162.05;209.76;241.9;8.5;509.9;
1707273226;07.02.2024;02:33:46;91.305;162.052;209.766;241.9;8.5;509.9;
1707274126;07.02.2024;02:48:46;91.306;162.056;209.772;241.9;8.5;509.9;
1707275027;07.02.2024;03:03:47;91.311;162.059;209.779;241.9;8.5;509.9;
1707275927;07.02.2024;03:18:47;91.319;162.062;209.806;241.9;8.5;509.9;
1707276827;07.02.2024;03:33:47;91.326;162.068;209.83;241.9;8.5;509.9;
1707277728;07.02.2024;03:48:48;91.331;162.072;209.847;241.9;8.5;509.9;
1707278628;07.02.2024;04:03:48;91.336;162.075;209.862;241.9;8.5;509.9;
1707279528;07.02.2024;04:18:48;91.341;162.079;209.876;241.9;8.5;509.9;
1707280429;07.02.2024;04:33:49;91.345;162.083;209.889;241.9;8.5;509.9;
1707281329;07.02.2024;04:48:49;91.35;162.087;209.902;241.9;8.5;509.9;
1707282229;07.02.2024;05:03:49;91.354;162.09;209.915;241.9;8.5;509.9;
1707283130;07.02.2024;05:18:50;91.359;162.096;209.93;241.9;8.5;509.9;
1707284030;07.02.2024;05:33:50;91.364;162.101;209.945;241.9;8.5;509.9;
1707284930;07.02.2024;05:48:50;91.369;162.105;209.962;241.9;8.5;510;
1707285830;07.02.2024;06:03:50;91.374;162.109;209.978;241.9;8.5;510;
1707286731;07.02.2024;06:18:51;91.378;162.112;209.991;241.9;8.5;510;
1707287631;07.02.2024;06:33:51;91.382;162.115;210.003;241.9;8.5;510;
1707288531;07.02.2024;06:48:51;91.386;162.119;210.015;241.9;8.5;510;
1707289432;07.02.2024;07:03:52;91.39;162.123;210.027;241.9;8.5;510;
1707290332;07.02.2024;07:18:52;91.394;162.127;210.039;241.9;8.5;510;
1707291232;07.02.2024;07:33:52;91.397;162.13;210.052;241.9;8.5;510;
1707292133;07.02.2024;07:48:53;91.4;162.134;210.065;241.9;8.5;510;
1707293033;07.02.2024;08:03:53;91.402;162.137;210.08;241.9;8.5;510.1;
1707293933;07.02.2024;08:18:53;91.405;162.142;210.095;241.9;8.5;510.1;
1707294834;07.02.2024;08:33:54;91.407;162.146;210.109;241.9;8.5;510.1;
1707295734;07.02.2024;08:48:54;91.409;162.15;210.123;241.9;8.5;510.1;
1707296634;07.02.2024;09:03:54;91.411;162.153;210.136;241.9;8.5;510.2;
1707297534;07.02.2024;09:18:54;91.414;162.157;210.148;241.9;8.5;510.2;
1707298435;07.02.2024;09:33:55;91.417;162.16;210.158;241.9;8.5;510.2;
1707299335;07.02.2024;09:48:55;91.42;162.162;210.169;241.9;8.5;510.2;
1707300235;07.02.2024;10:03:55;91.425;162.165;210.179;241.9;8.5;510.3;
1707301136;07.02.2024;10:18:56;91.428;162.168;210.188;241.9;8.5;510.3;
1707302036;07.02.2024;10:33:56;91.43;162.171;210.201;241.9;8.5;510.4;
1707302936;07.02.2024;10:48:56;91.433;162.174;210.214;241.9;8.5;510.4;
1707303837;07.02.2024;11:03:57;91.437;162.177;210.224;241.9;8.5;510.4;
1707304737;07.02.2024;11:18:57;91.44;162.181;210.233;241.9;8.5;510.4;
1707305637;07.02.2024;11:33:57;91.443;162.183;210.243;241.9;8.5;510.4;
1707306537;07.02.2024;11:48:57;91.445;162.185;210.254;241.9;8.5;510.5;
1707307438;07.02.2024;12:03:58;91.448;162.189;210.264;241.9;8.5;510.5;
1707308338;07.02.2024;12:18:58;91.451;162.192;210.272;241.9;8.5;510.6;
1707309238;07.02.2024;12:33:58;91.453;162.195;210.28;241.9;8.5;510.6;
1707310139;07.02.2024;12:48:59;91.454;162.198;210.288;241.9;8.5;510.6;
1707311039;07.02.2024;13:03:59;91.456;162.201;210.296;241.9;8.5;510.6;
1707311939;07.02.2024;13:18:59;91.458;162.204;210.306;241.9;8.5;510.7;
1707312840;07.02.2024;13:34:00;91.46;162.207;210.315;241.9;8.5;510.7;
1707313740;07.02.2024;13:49:00;91.462;162.21;210.326;241.9;8.5;510.7;
1707314641;07.02.2024;14:04:01;91.465;162.214;210.336;241.9;8.5;510.7;
1707315542;07.02.2024;14:19:02;91.468;162.218;210.345;241.9;8.5;510.7;
1707316442;07.02.2024;14:34:02;91.471;162.222;210.353;241.9;8.5;510.7;
1707317343;07.02.2024;14:49:03;91.473;162.225;210.362;241.9;8.5;510.8;
1707318243;07.02.2024;15:04:03;91.475;162.228;210.37;241.9;8.5;510.8;
1707319143;07.02.2024;15:19:03;91.477;162.232;210.378;241.9;8.5;510.8;
1707320043;07.02.2024;15:34:03;91.479;162.235;210.386;241.9;8.5;510.8;
1707320944;07.02.2024;15:49:04;91.481;162.237;210.398;241.9;8.5;510.8;
1707321844;07.02.2024;16:04:04;91.484;162.241;210.408;241.9;8.5;510.9;
1707322744;07.02.2024;16:19:04;91.486;162.245;210.416;241.9;8.5;510.9;
1707323645;07.02.2024;16:34:05;91.489;162.249;210.424;241.9;8.5;510.9;
1707324545;07.02.2024;16:49:05;91.492;162.252;210.433;241.9;8.5;510.9;
1707325445;07.02.2024;17:04:05;91.495;162.255;210.443;241.9;8.5;510.9;
1707326346;07.02.2024;17:19:06;91.498;162.259;210.453;241.9;8.5;511;
1707327246;07.02.2024;17:34:06;91.502;162.262;210.462;241.9;8.5;511;
1707328146;07.02.2024;17:49:06;91.507;162.266;210.471;241.9;8.5;511;
1707329046;07.02.2024;18:04:06;91.511;162.269;210.485;241.9;8.5;511;
1707329947;07.02.2024;18:19:07;91.514;162.273;210.496;241.9;8.5;511.1;
1707330847;07.02.2024;18:34:07;91.516;162.277;210.505;241.9;8.5;511.1;
1707331747;07.02.2024;18:49:07;91.517;162.279;210.512;241.9;8.5;511.1;
1707332648;07.02.2024;19:04:08;91.519;162.282;210.517;241.9;8.5;511.1;
1707333548;07.02.2024;19:19:08;91.521;162.282;210.52;241.9;8.5;511.1;
1707334448;07.02.2024;19:34:08;91.522;162.282;210.523;241.9;8.5;511.1;
1707335349;07.02.2024;19:49:09;91.524;162.284;210.527;241.9;8.5;511.2;
1707336249;07.02.2024;20:04:09;91.525;162.286;210.532;241.9;8.5;511.2;
1707337149;07.02.2024;20:19:09;91.526;162.288;210.536;241.9;8.5;511.2;
1707338049;07.02.2024;20:34:09;91.528;162.29;210.541;241.9;8.5;511.2;
1707338950;07.02.2024;20:49:10;91.529;162.292;210.546;241.9;8.5;511.2;
1707339850;07.02.2024;21:04:10;91.531;162.294;210.551;241.9;8.5;511.2;
1707340750;07.02.2024;21:19:10;91.532;162.296;210.555;241.9;8.5;511.2;
1707341651;07.02.2024;21:34:11;91.534;162.298;210.56;241.9;8.5;511.2;
1707342551;07.02.2024;21:49:11;91.535;162.3;210.564;241.9;8.5;511.2;
1707343451;07.02.2024;22:04:11;91.537;162.302;210.569;241.9;8.5;511.2;
1707344351;07.02.2024;22:19:11;91.538;162.304;210.574;241.9;8.5;511.2;
1707345252;07.02.2024;22:34:12;91.539;162.306;210.579;241.9;8.5;511.2;
1707346152;07.02.2024;22:49:12;91.541;162.308;210.583;241.9;8.5;511.2;
1707347052;07.02.2024;23:04:12;91.542;162.31;210.588;241.9;8.5;511.2;
1707347953;07.02.2024;23:19:13;91.544;162.312;210.592;241.9;8.5;511.2;
1707348853;07.02.2024;23:34:13;91.545;162.315;210.597;241.9;8.5;511.2;
1707349753;07.02.2024;23:49:13;91.546;162.317;210.602;241.9;8.5;511.2;
1707350654;08.02.2024;00:04:14;91.548;162.319;210.606;241.9;8.5;511.2;
1707351554;08.02.2024;00:19:14;91.549;162.32;210.611;241.9;8.5;511.2;
1707352454;08.02.2024;00:34:14;91.551;162.323;210.616;241.9;8.5;511.2;
1707353354;08.02.2024;00:49:14;91.552;162.326;210.62;241.9;8.5;511.2;
1707354255;08.02.2024;01:04:15;91.553;162.328;210.625;241.9;8.5;511.2;
1707355155;08.02.2024;01:19:15;91.555;162.329;210.63;241.9;8.5;511.2;
1707356055;08.02.2024;01:34:15;91.556;162.332;210.635;241.9;8.5;511.2;
1707356956;08.02.2024;01:49:16;91.558;162.335;210.639;241.9;8.5;511.2;
1707357856;08.02.2024;02:04:16;91.559;162.337;210.644;241.9;8.5;511.2;
1707358756;08.02.2024;02:19:16;91.561;162.339;210.648;241.9;8.5;511.2;
1707359657;08.02.2024;02:34:17;91.562;162.341;210.653;241.9;8.5;511.2;
1707360557;08.02.2024;02:49:17;91.563;162.343;210.658;241.9;8.5;511.2;
1707361457;08.02.2024;03:04:17;91.568;162.345;210.664;241.9;8.5;511.2;
1707362358;08.02.2024;03:19:18;91.576;162.347;210.692;241.9;8.5;511.2;
1707363258;08.02.2024;03:34:18;91.582;162.353;210.717;241.9;8.5;511.2;
1707364158;08.02.2024;03:49:18;91.587;162.356;210.733;241.9;8.5;511.2;
1707365059;08.02.2024;04:04:19;91.591;162.359;210.746;241.9;8.5;511.2;
1707365959;08.02.2024;04:19:19;91.596;162.361;210.758;241.9;8.5;511.2;
1707366859;08.02.2024;04:34:19;91.6;162.364;210.771;241.9;8.5;511.2;
1707367759;08.02.2024;04:49:19;91.604;162.368;210.783;241.9;8.5;511.2;
1707368660;08.02.2024;05:04:20;91.608;162.371;210.795;241.9;8.5;511.2;
1707369560;08.02.2024;05:19:20;91.613;162.376;210.809;241.9;8.5;511.2;
1707370460;08.02.2024;05:34:20;91.618;162.381;210.824;241.9;8.5;511.2;
1707371361;08.02.2024;05:49:21;91.622;162.385;210.839;241.9;8.5;511.2;
1707372261;08.02.2024;06:04:21;91.626;162.388;210.851;241.9;8.5;511.2;
1707373161;08.02.2024;06:19:21;91.629;162.391;210.862;241.9;8.5;511.3;
1707374062;08.02.2024;06:34:22;91.632;162.393;210.872;241.9;8.5;511.3;
1707374962;08.02.2024;06:49:22;91.635;162.397;210.882;241.9;8.5;511.3;
1707375862;08.02.2024;07:04:22;91.637;162.4;210.891;241.9;8.5;511.3;
1707376763;08.02.2024;07:19:23;91.639;162.403;210.901;241.9;8.5;511.3;
1707377663;08.02.2024;07:34:23;91.641;162.405;210.912;241.9;8.5;511.3;
1707378563;08.02.2024;07:49:23;91.642;162.408;210.924;241.9;8.5;511.3;
1707379463;08.02.2024;08:04:23;91.644;162.411;210.938;241.9;8.5;511.4;
1707380364;08.02.2024;08:19:24;91.646;162.415;210.952;241.9;8.5;511.4;
1707381264;08.02.2024;08:34:24;91.648;162.419;210.964;241.9;8.5;511.4;
1707382164;08.02.2024;08:49:24;91.651;162.421;210.973;241.9;8.5;511.4;
1707383065;08.02.2024;09:04:25;91.653;162.424;210.982;241.9;8.5;511.4;
1707383965;08.02.2024;09:19:25;91.655;162.426;210.992;241.9;8.5;511.5;
1707384865;08.02.2024;09:34:25;91.657;162.429;211.001;241.9;8.5;511.5;
1707385766;08.02.2024;09:49:26;91.658;162.432;211.01;241.9;8.5;511.5;
1707386666;08.02.2024;10:04:26;91.66;162.435;211.018;241.9;8.5;511.5;
1707387566;08.02.2024;10:19:26;91.662;162.438;211.027;241.9;8.5;511.5;
1707388467;08.02.2024;10:34:27;91.664;162.441;211.035;241.9;8.5;511.6;
1707389367;08.02.2024;10:49:27;91.666;162.443;211.043;241.9;8.5;511.6;
1707390267;08.02.2024;11:04:27;91.667;162.446;211.051;241.9;8.5;511.6;
1707391168;08.02.2024;11:19:28;91.669;162.448;211.059;241.9;8.5;511.6;
1707392068;08.02.2024;11:34:28;91.67;162.451;211.068;241.9;8.5;511.6;
1707392968;08.02.2024;11:49:28;91.671;162.454;211.076;241.9;8.5;511.6;
1707393868;08.02.2024;12:04:28;91.673;162.457;211.084;241.9;8.5;511.7;
1707394769;08.02.2024;12:19:29;91.676;162.459;211.092;241.9;8.5;511.7;
1707395669;08.02.2024;12:34:29;91.678;162.463;211.1;241.9;8.5;511.7;
1707396569;08.02.2024;12:49:29;91.679;162.465;211.108;241.9;8.5;511.7;
1707397470;08.02.2024;13:04:30;91.681;162.468;211.116;241.9;8.5;511.7;
1707398370;08.02.2024;13:19:30;91.682;162.47;211.123;241.9;8.5;511.7;
1707399270;08.02.2024;13:34:30;91.683;162.473;211.13;241.9;8.5;511.8;
1707400171;08.02.2024;13:49:31;91.684;162.475;211.138;241.9;8.5;511.8;
1707401071;08.02.2024;14:04:31;91.686;162.478;211.147;241.9;8.5;511.8;
1707401971;08.02.2024;14:19:31;91.687;162.481;211.155;241.9;8.5;511.8;
1707402872;08.02.2024;14:34:32;91.689;162.483;211.163;241.9;8.5;511.8;
1707403772;08.02.2024;14:49:32;91.69;162.486;211.171;241.9;8.5;511.9;
1707404672;08.02.2024;15:04:32;91.692;162.489;211.178;241.9;8.5;511.9;
1707405572;08.02.2024;15:19:32;91.694;162.491;211.186;241.9;8.5;511.9;
1707406473;08.02.2024;15:34:33;91.696;162.493;211.193;241.9;8.5;511.9;
1707407373;08.02.2024;15:49:33;91.697;162.496;211.2;241.9;8.5;511.9;
1707408273;08.02.2024;16:04:33;91.699;162.498;211.208;241.9;8.5;511.9;
1707409174;08.02.2024;16:19:34;91.701;162.501;211.216;241.9;8.5;511.9;
1707410074;08.02.2024;16:34:34;91.702;162.503;211.224;241.9;8.5;512;
1707410974;08.02.2024;16:49:34;91.704;162.506;211.232;241.9;8.5;512;
1707411875;08.02.2024;17:04:35;91.706;162.508;211.241;241.9;8.5;512;
1707412775;08.02.2024;17:19:35;91.708;162.511;211.249;241.9;8.5;512;
1707413675;08.02.2024;17:34:35;91.71;162.515;211.257;241.9;8.5;512;
1707414575;08.02.2024;17:49:35;91.712;162.517;211.264;241.9;8.5;512;
1707415476;08.02.2024;18:04:36;91.714;162.52;211.271;241.9;8.5;512;
1707416376;08.02.2024;18:19:36;91.715;162.522;211.277;241.9;8.5;512;
1707417276;08.02.2024;18:34:36;91.716;162.525;211.285;241.9;8.5;512;
1707418177;08.02.2024;18:49:37;91.718;162.527;211.292;241.9;8.5;512;
1707419077;08.02.2024;19:04:37;91.72;162.529;211.298;241.9;8.5;512;
1707419977;08.02.2024;19:19:37;91.721;162.529;211.301;241.9;8.5;512;
1707420878;08.02.2024;19:34:38;91.722;162.529;211.305;241.9;8.5;512;
1707421778;08.02.2024;19:49:38;91.723;162.529;211.309;241.9;8.5;512;
1707422678;08.02.2024;20:04:38;91.724;162.53;211.314;241.9;8.5;512;
1707423578;08.02.2024;20:19:38;91.726;162.532;211.32;241.9;8.5;512;
1707424479;08.02.2024;20:34:39;91.727;162.535;211.325;241.9;8.5;512;
1707425379;08.02.2024;20:49:39;91.728;162.537;211.33;241.9;8.5;512;
1707426279;08.02.2024;21:04:39;91.73;162.539;211.335;241.9;8.5;512;
1707427180;08.02.2024;21:19:40;91.731;162.542;211.34;241.9;8.5;512;
1707428080;08.02.2024;21:34:40;91.733;162.544;211.345;241.9;8.5;512;
1707428980;08.02.2024;21:49:40;91.734;162.545;211.35;241.9;8.5;512;
1707429881;08.02.2024;22:04:41;91.736;162.547;211.355;241.9;8.5;512;
1707430781;08.02.2024;22:19:41;91.737;162.549;211.36;241.9;8.5;512;
1707431681;08.02.2024;22:34:41;91.739;162.551;211.365;241.9;8.5;512;
1707432582;08.02.2024;22:49:42;91.74;162.553;211.37;241.9;8.5;512;
1707433482;08.02.2024;23:04:42;91.741;162.554;211.375;241.9;8.5;512;
1707434382;08.02.2024;23:19:42;91.743;162.558;211.38;241.9;8.5;512;
1707435282;08.02.2024;23:34:42;91.744;162.56;211.385;241.9;8.5;512;
1707436183;08.02.2024;23:49:43;91.746;162.562;211.391;241.9;8.5;512;
1707437083;09.02.2024;00:04:43;91.747;162.564;211.396;241.9;8.5;512;
1707437983;09.02.2024;00:19:43;91.749;162.566;211.402;241.9;8.5;512;
1707438884;09.02.2024;00:34:44;91.751;162.569;211.407;241.9;8.5;512;
1707439784;09.02.2024;00:49:44;91.752;162.571;211.413;241.9;8.5;512;
1707440684;09.02.2024;01:04:44;91.753;162.573;211.418;241.9;8.5;512;
1707441585;09.02.2024;01:19:45;91.755;162.575;211.424;241.9;8.5;512;
1707442485;09.02.2024;01:34:45;91.756;162.578;211.429;241.9;8.5;512;
1707443385;09.02.2024;01:49:45;91.758;162.581;211.436;241.9;8.5;512;
1707444286;09.02.2024;02:04:46;91.76;162.583;211.444;241.9;8.5;512;
1707445186;09.02.2024;02:19:46;91.761;162.585;211.45;241.9;8.5;512;
1707446086;09.02.2024;02:34:46;91.763;162.588;211.455;241.9;8.5;512;
1707446986;09.02.2024;02:49:46;91.764;162.59;211.46;241.9;8.5;512;
1707447887;09.02.2024;03:04:47;91.769;162.592;211.466;241.9;8.5;512;
1707448787;09.02.2024;03:19:47;91.777;162.594;211.495;241.9;8.5;512;
1707449687;09.02.2024;03:34:47;91.783;162.599;211.519;241.9;8.5;512;
1707450588;09.02.2024;03:49:48;91.788;162.602;211.534;241.9;8.5;512;
1707451488;09.02.2024;04:04:48;91.792;162.604;211.548;241.9;8.5;512;
1707452388;09.02.2024;04:19:48;91.796;162.607;211.561;241.9;8.5;512;
1707453288;09.02.2024;04:34:48;91.801;162.61;211.574;241.9;8.5;512;
1707454189;09.02.2024;04:49:49;91.805;162.613;211.587;241.9;8.5;512;
1707455089;09.02.2024;05:04:49;91.809;162.616;211.601;241.9;8.5;512;
1707455989;09.02.2024;05:19:49;91.813;162.622;211.617;241.9;8.5;512.1;
1707456890;09.02.2024;05:34:50;91.818;162.626;211.633;241.9;8.5;512.1;
1707457790;09.02.2024;05:49:50;91.822;162.63;211.649;241.9;8.5;512.1;
1707458690;09.02.2024;06:04:50;91.825;162.633;211.662;241.9;8.5;512.2;
1707459591;09.02.2024;06:19:51;91.827;162.635;211.673;241.9;8.5;512.2;
1707460491;09.02.2024;06:34:51;91.83;162.638;211.683;241.9;8.5;512.3;
1707461391;09.02.2024;06:49:51;91.833;162.641;211.692;241.9;8.5;512.3;
1707462291;09.02.2024;07:04:51;91.835;162.644;211.701;241.9;8.5;512.3;
1707463192;09.02.2024;07:19:52;91.837;162.647;211.709;241.9;8.5;512.3;
1707464092;09.02.2024;07:34:52;91.839;162.649;211.719;241.9;8.5;512.3;
1707464992;09.02.2024;07:49:52;91.842;162.652;211.731;241.9;8.5;512.3;
1707465893;09.02.2024;08:04:53;91.844;162.656;211.747;241.9;8.5;512.3;
1707466793;09.02.2024;08:19:53;91.846;162.659;211.761;241.9;8.5;512.3;
1707467693;09.02.2024;08:34:53;91.849;162.662;211.773;241.9;8.5;512.3;
1707468594;09.02.2024;08:49:54;91.851;162.664;211.782;241.9;8.5;512.3;
1707469494;09.02.2024;09:04:54;91.854;162.667;211.791;241.9;8.5;512.3;
1707470394;09.02.2024;09:19:54;91.856;162.669;211.799;241.9;8.5;512.4;
1707471294;09.02.2024;09:34:54;91.859;162.671;211.808;241.9;8.5;512.4;
1707472195;09.02.2024;09:49:55;91.861;162.674;211.817;241.9;8.5;512.4;
1707473095;09.02.2024;10:04:55;91.863;162.675;211.823;241.9;8.5;512.5;
1707473995;09.02.2024;10:19:55;91.865;162.677;211.832;241.9;8.5;512.6;
1707474896;09.02.2024;10:34:56;91.868;162.679;211.839;241.9;8.5;512.6;
1707475796;09.02.2024;10:49:56;91.87;162.684;211.849;241.9;8.5;512.6;
1707476696;09.02.2024;11:04:56;91.873;162.686;211.861;241.9;8.5;512.6;
1707477596;09.02.2024;11:19:56;91.875;162.688;211.871;241.9;8.5;512.6;
1707478497;09.02.2024;11:34:57;91.877;162.69;211.879;241.9;8.5;512.7;
1707479397;09.02.2024;11:49:57;91.878;162.692;211.887;241.9;8.5;512.7;
1707480297;09.02.2024;12:04:57;91.879;162.694;211.894;241.9;8.5;512.7;
1707481198;09.02.2024;12:19:58;91.881;162.697;211.902;241.9;8.5;512.7;
1707482098;09.02.2024;12:34:58;91.882;162.699;211.91;241.9;8.5;512.8;
1707482998;09.02.2024;12:49:58;91.884;162.702;211.917;241.9;8.5;512.8;
1707483899;09.02.2024;13:04:59;91.886;162.704;211.925;241.9;8.5;512.9;
1707484799;09.02.2024;13:19:59;91.888;162.706;211.932;241.9;8.5;512.9;
1707485699;09.02.2024;13:34:59;91.889;162.708;211.938;241.9;8.5;513;
1707486600;09.02.2024;13:50:00;91.89;162.71;211.945;241.9;8.5;513;
1707487500;09.02.2024;14:05:00;91.891;162.712;211.954;241.9;8.5;513;
1707488400;09.02.2024;14:20:00;91.893;162.714;211.963;241.9;8.5;513;
1707489300;09.02.2024;14:35:00;91.894;162.717;211.971;241.9;8.5;513.1;
1707490201;09.02.2024;14:50:01;91.895;162.719;211.978;241.9;8.5;513.2;
1707491101;09.02.2024;15:05:01;91.897;162.721;211.984;241.9;8.5;513.2;
1707492001;09.02.2024;15:20:01;91.898;162.723;211.99;241.9;8.5;513.2;
1707492902;09.02.2024;15:35:02;91.899;162.724;211.997;241.9;8.5;513.2;
1707493802;09.02.2024;15:50:02;91.9;162.727;212.003;241.9;8.5;513.2;
1707494702;09.02.2024;16:05:02;91.902;162.729;212.01;241.9;8.5;513.3;
1707495603;09.02.2024;16:20:03;91.903;162.731;212.016;241.9;8.5;513.4;
1707496503;09.02.2024;16:35:03;91.905;162.734;212.023;241.9;8.5;513.4;
1707497403;09.02.2024;16:50:03;91.906;162.736;212.03;241.9;8.5;513.4;
1707498303;09.02.2024;17:05:03;91.908;162.738;212.04;241.9;8.5;513.4;
1707499204;09.02.2024;17:20:04;91.911;162.741;212.048;241.9;8.5;513.4;
1707500104;09.02.2024;17:35:04;91.914;162.744;212.056;241.9;8.5;513.4;
1707501004;09.02.2024;17:50:04;91.916;162.746;212.063;241.9;8.5;513.4;
1707501905;09.02.2024;18:05:05;91.918;162.749;212.07;241.9;8.5;513.4;
1707502805;09.02.2024;18:20:05;91.92;162.751;212.077;241.9;8.5;513.4;
1707503705;09.02.2024;18:35:05;91.921;162.753;212.087;241.9;8.5;513.4;
1707504606;09.02.2024;18:50:06;91.922;162.756;212.095;241.9;8.5;513.4;
1707505506;09.02.2024;19:05:06;91.924;162.758;212.101;241.9;8.5;513.4;
1707506406;09.02.2024;19:20:06;91.926;162.758;212.104;241.9;8.5;513.5;
1707507307;09.02.2024;19:35:07;91.926;162.758;212.108;241.9;8.5;513.5;
1707508207;09.02.2024;19:50:07;91.928;162.758;212.112;241.9;8.5;513.5;
1707509107;09.02.2024;20:05:07;91.929;162.759;212.117;241.9;8.5;513.5;
1707510007;09.02.2024;20:20:07;91.93;162.761;212.121;241.9;8.5;513.5;
1707510908;09.02.2024;20:35:08;91.932;162.764;212.126;241.9;8.5;513.5;
1707511808;09.02.2024;20:50:08;91.933;162.766;212.13;241.9;8.5;513.5;
1707512708;09.02.2024;21:05:08;91.935;162.768;212.135;241.9;8.5;513.5;
1707513609;09.02.2024;21:20:09;91.936;162.77;212.14;241.9;8.5;513.5;
1707514509;09.02.2024;21:35:09;91.938;162.771;212.144;241.9;8.5;513.5;
1707515409;09.02.2024;21:50:09;91.939;162.773;212.149;241.9;8.5;513.5;
1707516309;09.02.2024;22:05:09;91.941;162.776;212.154;241.9;8.5;513.5;
1707517210;09.02.2024;22:20:10;91.942;162.778;212.159;241.9;8.5;513.5;
1707518110;09.02.2024;22:35:10;91.944;162.78;212.163;241.9;8.5;513.5;
1707519010;09.02.2024;22:50:10;91.945;162.781;212.168;241.9;8.5;513.5;
1707519911;09.02.2024;23:05:11;91.947;162.784;212.173;241.9;8.5;513.5;
1707520811;09.02.2024;23:20:11;91.948;162.786;212.177;241.9;8.5;513.5;
1707521711;09.02.2024;23:35:11;91.949;162.788;212.182;241.9;8.5;513.5;
1707522612;09.02.2024;23:50:12;91.951;162.79;212.187;241.9;8.5;513.5;
1707523512;10.02.2024;00:05:12;91.952;162.792;212.192;241.9;8.5;513.5;
1707524412;10.02.2024;00:20:12;91.954;162.795;212.197;241.9;8.5;513.5;
1707525313;10.02.2024;00:35:13;91.955;162.797;212.202;241.9;8.5;513.5;
1707526213;10.02.2024;00:50:13;91.957;162.799;212.209;241.9;8.5;513.5;
1707527113;10.02.2024;01:05:13;91.959;162.801;212.214;241.9;8.5;513.5;
1707528013;10.02.2024;01:20:13;91.96;162.804;212.219;241.9;8.5;513.5;
1707528914;10.02.2024;01:35:14;91.962;162.806;212.224;241.9;8.5;513.5;
1707529814;10.02.2024;01:50:14;91.963;162.808;212.229;241.9;8.5;513.5;
1707530714;10.02.2024;02:05:14;91.965;162.81;212.233;241.9;8.5;513.5;
1707531615;10.02.2024;02:20:15;91.966;162.813;212.238;241.9;8.5;513.5;
1707532515;10.02.2024;02:35:15;91.968;162.816;212.243;241.9;8.5;513.5;
1707533415;10.02.2024;02:50:15;91.969;162.818;212.249;241.9;8.5;513.5;
1707534316;10.02.2024;03:05:16;91.971;162.82;212.256;241.9;8.5;513.5;
1707535216;10.02.2024;03:20:16;91.972;162.822;212.261;241.9;8.5;513.5;
1707536116;10.02.2024;03:35:16;91.974;162.825;212.267;242;8.5;513.5;
1707537016;10.02.2024;03:50:16;91.975;162.828;212.272;242;8.5;513.5;
1707537917;10.02.2024;04:05:17;91.977;162.83;212.277;242;8.5;513.5;
1707538817;10.02.2024;04:20:17;91.978;162.832;212.282;242.1;8.5;513.5;
1707539717;10.02.2024;04:35:17;91.98;162.836;212.287;242.1;8.5;513.5;
1707540618;10.02.2024;04:50:18;91.982;162.838;212.293;242.1;8.5;513.5;
1707541518;10.02.2024;05:05:18;91.983;162.841;212.3;242.1;8.5;513.5;
1707542418;10.02.2024;05:20:18;91.985;162.844;212.309;242.1;8.5;513.5;
1707543319;10.02.2024;05:35:19;91.987;162.85;212.315;242.1;8.5;513.5;
1707544219;10.02.2024;05:50:19;91.989;162.853;212.321;242.1;8.5;513.5;
1707545119;10.02.2024;06:05:19;91.99;162.855;212.328;242.1;8.5;513.5;
1707546019;10.02.2024;06:20:19;91.992;162.856;212.335;242.1;8.5;513.5;
1707546920;10.02.2024;06:35:20;91.993;162.86;212.34;242.1;8.5;513.5;
1707547820;10.02.2024;06:50:20;91.995;162.863;212.346;242.1;8.5;513.5;
1707548720;10.02.2024;07:05:20;91.996;162.865;212.352;242.1;8.5;513.5;
1707549621;10.02.2024;07:20:21;91.998;162.867;212.357;242.1;8.5;513.5;
1707550521;10.02.2024;07:35:21;91.999;162.869;212.362;242.1;8.5;513.5;
1707551421;10.02.2024;07:50:21;92.001;162.873;212.37;242.1;8.5;513.5;
1707552322;10.02.2024;08:05:22;92.002;162.876;212.376;242.1;8.5;513.5;
1707553222;10.02.2024;08:20:22;92.004;162.878;212.383;242.1;8.5;513.5;
1707554122;10.02.2024;08:35:22;92.007;162.881;212.388;242.1;8.5;513.5;
1707555023;10.02.2024;08:50:23;92.009;162.885;212.393;242.1;8.5;513.5;
1707555923;10.02.2024;09:05:23;92.01;162.887;212.399;242.1;8.5;513.5;
1707556823;10.02.2024;09:20:23;92.012;162.889;212.404;242.1;8.5;513.5;
1707557723;10.02.2024;09:35:23;92.014;162.891;212.41;242.1;8.5;513.5;
1707558624;10.02.2024;09:50:24;92.015;162.895;212.415;242.1;8.5;513.5;
1707559524;10.02.2024;10:05:24;92.017;162.898;212.42;242.1;8.5;513.5;
1707560424;10.02.2024;10:20:24;92.018;162.9;212.427;242.1;8.5;513.5;
1707561325;10.02.2024;10:35:25;92.02;162.902;212.434;242.1;8.5;513.5;
1707562225;10.02.2024;10:50:25;92.022;162.904;212.439;242.1;8.5;513.5;
1707563125;10.02.2024;11:05:25;92.023;162.907;212.445;242.1;8.5;513.5;
1707564026;10.02.2024;11:20:26;92.025;162.91;212.45;242.1;8.5;513.5;
1707564926;10.02.2024;11:35:26;92.026;162.912;212.456;242.1;8.5;513.5;
1707565826;10.02.2024;11:50:26;92.028;162.914;212.461;242.1;8.5;513.5;
1707566726;10.02.2024;12:05:26;92.029;162.916;212.466;242.1;8.5;513.5;
1707567627;10.02.2024;12:20:27;92.031;162.918;212.47;242.1;8.5;513.5;
1707568527;10.02.2024;12:35:27;92.032;162.92;212.476;242.1;8.5;513.6;
1707569427;10.02.2024;12:50:27;92.033;162.922;212.483;242.1;8.5;513.6;
1707570328;10.02.2024;13:05:28;92.035;162.926;212.489;242.1;8.5;513.6;
1707571228;10.02.2024;13:20:28;92.037;162.928;212.494;242.1;8.5;513.6;
1707572128;10.02.2024;13:35:28;92.038;162.93;212.499;242.1;8.5;513.6;
1707573029;10.02.2024;13:50:29;92.04;162.932;212.503;242.1;8.5;513.6;
1707573929;10.02.2024;14:05:29;92.041;162.933;212.508;242.1;8.5;513.6;
1707574829;10.02.2024;14:20:29;92.043;162.937;212.512;242.1;8.5;513.6;
1707575729;10.02.2024;14:35:29;92.044;162.939;212.517;242.1;8.5;513.6;
1707576630;10.02.2024;14:50:30;92.046;162.941;212.523;242.1;8.5;513.6;
1707577530;10.02.2024;15:05:30;92.048;162.943;212.528;242.1;8.5;513.6;
1707578430;10.02.2024;15:20:30;92.049;162.946;212.533;242.1;8.5;513.6;
1707579331;10.02.2024;15:35:31;92.051;162.948;212.538;242.1;8.5;513.6;
1707580231;10.02.2024;15:50:31;92.052;162.95;212.543;242.1;8.5;513.6;
1707581131;10.02.2024;16:05:31;92.054;162.952;212.547;242.1;8.5;513.6;
1707582032;10.02.2024;16:20:32;92.055;162.955;212.552;242.1;8.5;513.6;
1707582932;10.02.2024;16:35:32;92.057;162.957;212.557;242.1;8.5;513.6;
1707583832;10.02.2024;16:50:32;92.058;162.959;212.562;242.1;8.5;513.6;
1707584733;10.02.2024;17:05:33;92.06;162.961;212.567;242.1;8.5;513.6;
1707585633;10.02.2024;17:20:33;92.061;162.963;212.572;242.1;8.5;513.6;
1707586533;10.02.2024;17:35:33;92.063;162.967;212.577;242.1;8.5;513.6;
1707587433;10.02.2024;17:50:33;92.065;162.969;212.582;242.1;8.5;513.6;
1707588334;10.02.2024;18:05:34;92.066;162.971;212.587;242.1;8.5;513.6;
1707589234;10.02.2024;18:20:34;92.068;162.974;212.593;242.1;8.5;513.6;
1707590134;10.02.2024;18:35:34;92.069;162.976;212.598;242.1;8.5;513.6;
1707591035;10.02.2024;18:50:35;92.071;162.977;212.605;242.1;8.5;513.6;
1707591935;10.02.2024;19:05:35;92.072;162.98;212.612;242.1;8.5;513.6;
1707592835;10.02.2024;19:20:35;92.074;162.98;212.621;242.1;8.5;513.6;
1707593736;10.02.2024;19:35:36;92.075;162.983;212.629;242.1;8.5;513.6;
1707594636;10.02.2024;19:50:36;92.077;162.987;212.636;242.1;8.5;513.6;
1707595536;10.02.2024;20:05:36;92.078;162.99;212.645;242.1;8.5;513.6;
1707596437;10.02.2024;20:20:37;92.08;162.993;212.652;242.1;8.5;513.6;
1707597337;10.02.2024;20:35:37;92.082;162.995;212.662;242.1;8.5;513.6;
1707598237;10.02.2024;20:50:37;92.083;162.999;212.67;242.1;8.5;513.6;
1707599137;10.02.2024;21:05:37;92.085;163.002;212.676;242.1;8.5;513.6;
1707600038;10.02.2024;21:20:38;92.087;163.004;212.681;242.1;8.5;513.6;
1707600938;10.02.2024;21:35:38;92.088;163.005;212.686;242.1;8.5;513.6;
1707601838;10.02.2024;21:50:38;92.09;163.009;212.691;242.1;8.5;513.6;
1707602739;10.02.2024;22:05:39;92.091;163.013;212.696;242.1;8.5;513.6;
1707603639;10.02.2024;22:20:39;92.093;163.015;212.701;242.1;8.5;513.6;
1707604539;10.02.2024;22:35:39;92.094;163.016;212.706;242.1;8.5;513.6;
1707605440;10.02.2024;22:50:40;92.096;163.019;212.714;242.1;8.5;513.6;
1707606340;10.02.2024;23:05:40;92.098;163.023;212.721;242.1;8.5;513.6;
1707607240;10.02.2024;23:20:40;92.101;163.026;212.726;242.1;8.5;513.6;
1707608140;10.02.2024;23:35:40;92.103;163.028;212.731;242.1;8.5;513.6;
1707609041;10.02.2024;23:50:41;92.105;163.03;212.736;242.1;8.5;513.6;
1707609941;11.02.2024;00:05:41;92.106;163.034;212.741;242.1;8.5;513.6;
1707610841;11.02.2024;00:20:41;92.108;163.037;212.747;242.1;8.5;513.6;
1707611742;11.02.2024;00:35:42;92.11;163.039;212.751;242.1;8.5;513.6;
1707612642;11.02.2024;00:50:42;92.112;163.041;212.757;242.1;8.5;513.6;
1707613542;11.02.2024;01:05:42;92.113;163.044;212.765;242.1;8.5;513.6;
1707614442;11.02.2024;01:20:42;92.115;163.048;212.771;242.1;8.5;513.6;
1707615343;11.02.2024;01:35:43;92.116;163.05;212.777;242.1;8.5;513.6;
1707616243;11.02.2024;01:50:43;92.118;163.052;212.782;242.1;8.5;513.6;
1707617143;11.02.2024;02:05:43;92.119;163.055;212.787;242.1;8.5;513.6;
1707618044;11.02.2024;02:20:44;92.121;163.059;212.793;242.1;8.5;513.6;
1707618944;11.02.2024;02:35:44;92.122;163.062;212.8;242.1;8.5;513.6;
1707619844;11.02.2024;02:50:44;92.124;163.064;212.809;242.1;8.5;513.6;
1707620744;11.02.2024;03:05:44;92.126;163.066;212.816;242.1;8.5;513.6;
1707621645;11.02.2024;03:20:45;92.127;163.07;212.82;242.1;8.5;513.6;
1707622545;11.02.2024;03:35:45;92.129;163.072;212.825;242.1;8.5;513.6;
1707623445;11.02.2024;03:50:45;92.13;163.075;212.83;242.1;8.5;513.6;
1707624346;11.02.2024;04:05:46;92.132;163.077;212.836;242.1;8.5;513.6;
1707625246;11.02.2024;04:20:46;92.133;163.081;212.841;242.1;8.5;513.6;
1707626146;11.02.2024;04:35:46;92.135;163.084;212.848;242.1;8.5;513.6;
1707627047;11.02.2024;04:50:47;92.136;163.086;212.857;242.1;8.5;513.6;
1707627947;11.02.2024;05:05:47;92.138;163.089;212.864;242.1;8.5;513.6;
1707628847;11.02.2024;05:20:47;92.141;163.094;212.87;242.1;8.5;513.6;
1707629747;11.02.2024;05:35:47;92.144;163.098;212.876;242.1;8.5;513.6;
1707630648;11.02.2024;05:50:48;92.146;163.102;212.883;242.1;8.5;513.6;
1707631548;11.02.2024;06:05:48;92.148;163.104;212.889;242.1;8.5;513.6;
1707632448;11.02.2024;06:20:48;92.15;163.105;212.896;242.1;8.5;513.6;
1707633349;11.02.2024;06:35:49;92.152;163.109;212.903;242.1;8.5;513.6;
1707634249;11.02.2024;06:50:49;92.154;163.112;212.911;242.1;8.5;513.6;
1707635149;11.02.2024;07:05:49;92.156;163.116;212.918;242.1;8.5;513.6;
1707636049;11.02.2024;07:20:49;92.158;163.118;212.924;242.1;8.5;513.6;
1707636950;11.02.2024;07:35:50;92.16;163.122;212.929;242.1;8.5;513.6;
1707637850;11.02.2024;07:50:50;92.161;163.124;212.935;242.1;8.5;513.6;
1707638750;11.02.2024;08:05:50;92.163;163.127;212.942;242.1;8.5;513.6;
1707639651;11.02.2024;08:20:51;92.164;163.129;212.948;242.1;8.5;513.6;
1707640551;11.02.2024;08:35:51;92.166;163.132;212.955;242.1;8.5;513.6;
1707641451;11.02.2024;08:50:51;92.167;163.136;212.962;242.1;8.5;513.6;
1707642352;11.02.2024;09:05:52;92.169;163.139;212.968;242.1;8.5;513.6;
1707643252;11.02.2024;09:20:52;92.171;163.141;212.975;242.1;8.5;513.6;
1707644152;11.02.2024;09:35:52;92.173;163.144;212.982;242.1;8.5;513.6;
1707645052;11.02.2024;09:50:52;92.174;163.148;212.987;242.1;8.5;513.6;
1707645953;11.02.2024;10:05:53;92.176;163.151;212.992;242.1;8.5;513.6;
1707646853;11.02.2024;10:20:53;92.177;163.153;212.997;242.1;8.5;513.6;
1707647753;11.02.2024;10:35:53;92.179;163.155;213.002;242.1;8.5;513.6;
1707648654;11.02.2024;10:50:54;92.18;163.159;213.007;242.1;8.5;513.6;
1707649554;11.02.2024;11:05:54;92.182;163.162;213.013;242.1;8.5;513.6;
1707650454;11.02.2024;11:20:54;92.184;163.165;213.018;242.1;8.5;513.6;
1707651354;11.02.2024;11:35:54;92.185;163.167;213.024;242.1;8.5;513.6;
1707652255;11.02.2024;11:50:55;92.187;163.17;213.03;242.1;8.5;513.6;
1707653155;11.02.2024;12:05:55;92.189;163.174;213.036;242.1;8.5;513.6;
1707654055;11.02.2024;12:20:55;92.19;163.176;213.041;242.1;8.5;513.6;
1707654956;11.02.2024;12:35:56;92.192;163.178;213.046;242.1;8.5;513.6;
1707655856;11.02.2024;12:50:56;92.194;163.18;213.051;242.1;8.5;513.6;
1707656756;11.02.2024;13:05:56;92.195;163.184;213.056;242.1;8.5;513.6;
1707657656;11.02.2024;13:20:56;92.197;163.188;213.062;242.1;8.5;513.6;
1707658557;11.02.2024;13:35:57;92.198;163.191;213.067;242.1;8.5;513.6;
1707659457;11.02.2024;13:50:57;92.2;163.192;213.072;242.1;8.5;513.6;
1707660357;11.02.2024;14:05:57;92.201;163.195;213.076;242.1;8.5;513.6;
1707661258;11.02.2024;14:20:58;92.203;163.198;213.081;242.1;8.5;513.6;
1707662158;11.02.2024;14:35:58;92.204;163.201;213.086;242.1;8.5;513.6;
1707663058;11.02.2024;14:50:58;92.206;163.204;213.092;242.1;8.5;513.6;
1707663959;11.02.2024;15:05:59;92.208;163.205;213.101;242.1;8.5;513.6;
1707664859;11.02.2024;15:20:59;92.209;163.21;213.108;242.1;8.5;513.6;
1707665759;11.02.2024;15:35:59;92.211;163.213;213.114;242.1;8.5;513.6;
1707666659;11.02.2024;15:50:59;92.213;163.215;213.119;242.1;8.5;513.6;
1707667560;11.02.2024;16:06:00;92.214;163.218;213.124;242.1;8.5;513.6;
1707668460;11.02.2024;16:21:00;92.216;163.221;213.129;242.1;8.5;513.6;
1707669360;11.02.2024;16:36:00;92.217;163.224;213.134;242.1;8.5;513.6;
1707670261;11.02.2024;16:51:01;92.219;163.226;213.139;242.1;8.5;513.6;
1707671161;11.02.2024;17:06:01;92.22;163.228;213.144;242.1;8.5;513.6;
1707672061;11.02.2024;17:21:01;92.222;163.231;213.15;242.1;8.5;513.6;
1707672961;11.02.2024;17:36:01;92.223;163.235;213.158;242.1;8.5;513.6;
1707673862;11.02.2024;17:51:02;92.225;163.238;213.166;242.1;8.5;513.6;
1707674762;11.02.2024;18:06:02;92.227;163.241;213.173;242.1;8.5;513.6;
1707675662;11.02.2024;18:21:02;92.229;163.243;213.178;242.1;8.5;513.6;
1707676563;11.02.2024;18:36:03;92.23;163.247;213.183;242.1;8.5;513.6;
1707677463;11.02.2024;18:51:03;92.232;163.25;213.189;242.1;8.5;513.6;
1707678363;11.02.2024;19:06:03;92.235;163.251;213.195;242.1;8.5;513.6;
1707679264;11.02.2024;19:21:04;92.236;163.252;213.2;242.1;8.5;513.6;
1707680164;11.02.2024;19:36:04;92.238;163.255;213.208;242.1;8.5;513.6;
1707681064;11.02.2024;19:51:04;92.24;163.259;213.215;242.1;8.5;513.6;
1707681964;11.02.2024;20:06:04;92.243;163.261;213.22;242.1;8.5;513.6;
1707682865;11.02.2024;20:21:05;92.244;163.263;213.225;242.1;8.5;513.6;
1707683765;11.02.2024;20:36:05;92.246;163.266;213.233;242.1;8.5;513.6;
1707684665;11.02.2024;20:51:05;92.247;163.27;213.244;242.1;8.5;513.6;
1707685566;11.02.2024;21:06:06;92.249;163.273;213.253;242.1;8.5;513.6;
1707686466;11.02.2024;21:21:06;92.251;163.276;213.26;242.1;8.5;513.6;
1707687366;11.02.2024;21:36:06;92.252;163.279;213.265;242.1;8.5;513.6;
1707688266;11.02.2024;21:51:06;92.254;163.282;213.273;242.1;8.5;513.6;
1707689167;11.02.2024;22:06:07;92.255;163.285;213.279;242.1;8.5;513.6;
1707690067;11.02.2024;22:21:07;92.257;163.287;213.286;242.1;8.5;513.6;
1707690967;11.02.2024;22:36:07;92.258;163.289;213.293;242.1;8.5;513.6;
1707691868;11.02.2024;22:51:08;92.26;163.294;213.299;242.1;8.5;513.6;
1707692768;11.02.2024;23:06:08;92.262;163.298;213.304;242.1;8.5;513.6;
1707693668;11.02.2024;23:21:08;92.263;163.3;213.31;242.1;8.5;513.6;
1707694568;11.02.2024;23:36:08;92.265;163.302;213.317;242.1;8.5;513.6;
1707695469;11.02.2024;23:51:09;92.267;163.305;213.326;242.1;8.5;513.6;
1707696369;12.02.2024;00:06:09;92.269;163.31;213.333;242.1;8.5;513.6;
1707697269;12.02.2024;00:21:09;92.272;163.313;213.34;242.1;8.5;513.6;
1707698170;12.02.2024;00:36:10;92.274;163.314;213.346;242.1;8.5;513.6;
1707699070;12.02.2024;00:51:10;92.276;163.317;213.352;242.1;8.5;513.6;
1707699970;12.02.2024;01:06:10;92.278;163.32;213.359;242.1;8.5;513.6;
1707700871;12.02.2024;01:21:11;92.28;163.324;213.366;242.1;8.5;513.6;
1707701771;12.02.2024;01:36:11;92.282;163.327;213.375;242.1;8.5;513.6;
1707702671;12.02.2024;01:51:11;92.284;163.329;213.383;242.1;8.5;513.6;
1707703572;12.02.2024;02:06:12;92.285;163.333;213.389;242.1;8.5;513.6;
1707704472;12.02.2024;02:21:12;92.287;163.337;213.395;242.1;8.5;513.6;
1707705372;12.02.2024;02:36:12;92.289;163.34;213.401;242.1;8.5;513.6;
1707706272;12.02.2024;02:51:12;92.29;163.342;213.407;242.1;8.5;513.6;
1707707173;12.02.2024;03:06:13;92.296;163.344;213.418;242.1;8.5;513.6;
1707708073;12.02.2024;03:21:13;92.303;163.347;213.45;242.1;8.5;513.6;
1707708973;12.02.2024;03:36:13;92.309;163.354;213.476;242.1;8.5;513.6;
1707709874;12.02.2024;03:51:14;92.315;163.36;213.497;242.1;8.5;513.6;
1707710774;12.02.2024;04:06:14;92.32;163.365;213.514;242.1;8.5;513.6;
1707711674;12.02.2024;04:21:14;92.325;163.369;213.532;242.1;8.5;513.6;
1707712575;12.02.2024;04:36:15;92.33;163.375;213.55;242.1;8.5;513.6;
1707713475;12.02.2024;04:51:15;92.335;163.38;213.568;242.1;8.5;513.6;
1707714375;12.02.2024;05:06:15;92.34;163.386;213.585;242.1;8.5;513.6;
1707715276;12.02.2024;05:21:16;92.344;163.391;213.604;242.1;8.5;513.6;
1707716176;12.02.2024;05:36:16;92.349;163.396;213.623;242.1;8.5;513.6;
1707717076;12.02.2024;05:51:16;92.354;163.402;213.643;242.1;8.5;513.6;
1707717977;12.02.2024;06:06:17;92.358;163.407;213.662;242.1;8.5;513.7;
1707718877;12.02.2024;06:21:17;92.363;163.413;213.681;242.1;8.5;513.7;
1707719777;12.02.2024;06:36:17;92.368;163.417;213.7;242.1;8.5;513.7;
1707720677;12.02.2024;06:51:17;92.372;163.422;213.718;242.1;8.5;513.8;
1707721578;12.02.2024;07:06:18;92.376;163.428;213.736;242.1;8.5;513.8;
1707722478;12.02.2024;07:21:18;92.381;163.432;213.752;242.1;8.5;513.8;
1707723378;12.02.2024;07:36:18;92.385;163.437;213.77;242.1;8.5;513.8;
1707724279;12.02.2024;07:51:19;92.389;163.442;213.789;242.1;8.5;513.8;
1707725179;12.02.2024;08:06:19;92.393;163.446;213.806;242.1;8.5;513.8;
1707726079;12.02.2024;08:21:19;92.397;163.45;213.825;242.1;8.5;513.8;
1707726980;12.02.2024;08:36:20;92.401;163.454;213.843;242.1;8.5;513.8;
1707727880;12.02.2024;08:51:20;92.405;163.459;213.86;242.1;8.5;513.9;
1707728780;12.02.2024;09:06:20;92.409;163.464;213.877;242.1;8.5;513.9;
1707729681;12.02.2024;09:21:21;92.413;163.468;213.893;242.1;8.5;513.9;
1707730581;12.02.2024;09:36:21;92.416;163.472;213.907;242.1;8.5;513.9;
1707731481;12.02.2024;09:51:21;92.42;163.477;213.922;242.1;8.5;514;
1707732382;12.02.2024;10:06:22;92.424;163.482;213.937;242.1;8.5;514;
1707733282;12.02.2024;10:21:22;92.427;163.486;213.951;242.1;8.5;514;
1707734182;12.02.2024;10:36:22;92.431;163.491;213.964;242.1;8.5;514;
1707735082;12.02.2024;10:51:22;92.434;163.495;213.978;242.1;8.5;514.1;
1707735983;12.02.2024;11:06:23;92.437;163.5;213.991;242.1;8.5;514.1;
1707736883;12.02.2024;11:21:23;92.44;163.505;214.004;242.1;8.5;514.1;
1707737783;12.02.2024;11:36:23;92.442;163.509;214.016;242.1;8.5;514.2;
1707738684;12.02.2024;11:51:24;92.445;163.514;214.03;242.1;8.5;514.3;
1707739584;12.02.2024;12:06:24;92.447;163.518;214.043;242.1;8.5;514.3;
1707740484;12.02.2024;12:21:24;92.449;163.523;214.055;242.1;8.5;514.4;
1707741385;12.02.2024;12:36:25;92.451;163.527;214.066;242.1;8.5;514.4;
1707742285;12.02.2024;12:51:25;92.453;163.529;214.074;242.1;8.5;514.5;
1707743185;12.02.2024;13:06:25;92.454;163.531;214.084;242.1;8.5;514.5;
1707744086;12.02.2024;13:21:26;92.455;163.534;214.096;242.1;8.5;514.6;
1707744986;12.02.2024;13:36:26;92.456;163.538;214.106;242.1;8.5;514.6;
1707745886;12.02.2024;13:51:26;92.457;163.542;214.115;242.1;8.5;514.7;
1707746787;12.02.2024;14:06:27;92.459;163.545;214.122;242.1;8.5;514.7;
1707747687;12.02.2024;14:21:27;92.46;163.548;214.128;242.1;8.5;514.8;
1707748587;12.02.2024;14:36:27;92.462;163.55;214.134;242.1;8.5;514.8;
1707749488;12.02.2024;14:51:28;92.464;163.553;214.141;242.1;8.5;514.8;
1707750388;12.02.2024;15:06:28;92.466;163.556;214.148;242.1;8.5;514.9;
1707751288;12.02.2024;15:21:28;92.468;163.56;214.156;242.1;8.5;515;
1707752188;12.02.2024;15:36:28;92.469;163.563;214.164;242.1;8.5;515;
1707753089;12.02.2024;15:51:29;92.471;163.566;214.174;242.1;8.5;515.1;
1707753989;12.02.2024;16:06:29;92.473;163.568;214.183;242.1;8.5;515.2;
1707754889;12.02.2024;16:21:29;92.475;163.572;214.19;242.1;8.5;515.2;
1707755790;12.02.2024;16:36:30;92.478;163.575;214.198;242.1;8.5;515.2;
1707756690;12.02.2024;16:51:30;92.479;163.578;214.211;242.1;8.5;515.3;
1707757590;12.02.2024;17:06:30;92.481;163.582;214.224;242.1;8.5;515.3;
1707758491;12.02.2024;17:21:31;92.483;163.586;214.236;242.1;8.5;515.3;
1707759391;12.02.2024;17:36:31;92.485;163.589;214.246;242.1;8.5;515.3;
1707760291;12.02.2024;17:51:31;92.489;163.592;214.255;242.1;8.5;515.4;
1707761192;12.02.2024;18:06:32;92.493;163.595;214.264;242.1;8.5;515.4;
1707762092;12.02.2024;18:21:32;92.496;163.599;214.274;242.1;8.5;515.5;
1707762992;12.02.2024;18:36:32;92.496;163.604;214.286;242.1;8.5;515.5;
1707763893;12.02.2024;18:51:33;92.497;163.607;214.294;242.1;8.5;515.5;
1707764793;12.02.2024;19:06:33;92.499;163.608;214.299;242.1;8.5;515.5;
1707765693;12.02.2024;19:21:33;92.501;163.61;214.303;242.1;8.5;515.5;
1707766594;12.02.2024;19:36:34;92.502;163.611;214.307;242.1;8.5;515.5;
1707767494;12.02.2024;19:51:34;92.503;163.613;214.311;242.1;8.5;515.6;
1707768394;12.02.2024;20:06:34;92.505;163.616;214.316;242.1;8.5;515.6;
1707769294;12.02.2024;20:21:34;92.506;163.618;214.32;242.1;8.5;515.6;
1707770195;12.02.2024;20:36:35;92.507;163.621;214.325;242.1;8.5;515.6;
1707771095;12.02.2024;20:51:35;92.509;163.624;214.332;242.1;8.5;515.6;
1707771995;12.02.2024;21:06:35;92.51;163.626;214.338;242.1;8.5;515.6;
1707772896;12.02.2024;21:21:36;92.511;163.629;214.343;242.1;8.5;515.6;
1707773796;12.02.2024;21:36:36;92.512;163.633;214.348;242.1;8.5;515.6;
1707774696;12.02.2024;21:51:36;92.513;163.636;214.354;242.1;8.5;515.6;
1707775597;12.02.2024;22:06:37;92.515;163.638;214.36;242.1;8.5;515.6;
1707776497;12.02.2024;22:21:37;92.516;163.64;214.365;242.1;8.5;515.6;
1707777397;12.02.2024;22:36:37;92.517;163.644;214.372;242.1;8.5;515.6;
1707778298;12.02.2024;22:51:38;92.518;163.648;214.379;242.1;8.5;515.6;
1707779198;12.02.2024;23:06:38;92.52;163.651;214.385;242.1;8.5;515.6;
1707780098;12.02.2024;23:21:38;92.521;163.653;214.391;242.1;8.5;515.6;
1707780999;12.02.2024;23:36:39;92.523;163.657;214.397;242.1;8.5;515.6;
1707781899;12.02.2024;23:51:39;92.524;163.661;214.402;242.1;8.5;515.6;
1707782799;13.02.2024;00:06:39;92.526;163.663;214.408;242.1;8.5;515.6;
1707783700;13.02.2024;00:21:40;92.527;163.666;214.413;242.1;8.5;515.6;
1707784600;13.02.2024;00:36:40;92.528;163.668;214.419;242.1;8.5;515.6;
1707785500;13.02.2024;00:51:40;92.529;163.673;214.426;242.1;8.5;515.6;
1707786401;13.02.2024;01:06:41;92.531;163.677;214.435;242.1;8.5;515.6;
1707787301;13.02.2024;01:21:41;92.532;163.679;214.442;242.1;8.5;515.6;
1707788201;13.02.2024;01:36:41;92.533;163.681;214.451;242.1;8.5;515.6;
1707789102;13.02.2024;01:51:42;92.535;163.686;214.459;242.1;8.5;515.6;
1707790002;13.02.2024;02:06:42;92.538;163.691;214.466;242.1;8.5;515.6;
1707790902;13.02.2024;02:21:42;92.54;163.694;214.472;242.1;8.5;515.6;
1707791802;13.02.2024;02:36:42;92.543;163.696;214.478;242.1;8.5;515.6;
1707792703;13.02.2024;02:51:43;92.544;163.7;214.487;242.1;8.5;515.6;
1707793603;13.02.2024;03:06:43;92.55;163.704;214.496;242.1;8.5;515.6;
1707794503;13.02.2024;03:21:43;92.557;163.707;214.526;242.1;8.5;515.6;
1707795404;13.02.2024;03:36:44;92.564;163.715;214.552;242.1;8.5;515.6;
1707796304;13.02.2024;03:51:44;92.57;163.722;214.573;242.1;8.5;515.6;
1707797204;13.02.2024;04:06:44;92.575;163.728;214.593;242.1;8.5;515.6;
1707798105;13.02.2024;04:21:45;92.58;163.734;214.61;242.1;8.5;515.6;
1707799005;13.02.2024;04:36:45;92.585;163.74;214.627;242.1;8.5;515.6;
1707799905;13.02.2024;04:51:45;92.589;163.746;214.645;242.1;8.5;515.6;
1707800806;13.02.2024;05:06:46;92.594;163.753;214.663;242.1;8.5;515.6;
1707801706;13.02.2024;05:21:46;92.599;163.759;214.681;242.1;8.5;515.6;
1707802606;13.02.2024;05:36:46;92.604;163.765;214.699;242.1;8.5;515.6;
1707803507;13.02.2024;05:51:47;92.609;163.771;214.718;242.1;8.5;515.6;
1707804407;13.02.2024;06:06:47;92.613;163.778;214.737;242.1;8.5;515.6;
1707805307;13.02.2024;06:21:47;92.618;163.784;214.755;242.1;8.5;515.7;
1707806208;13.02.2024;06:36:48;92.622;163.79;214.773;242.1;8.5;515.7;
1707807108;13.02.2024;06:51:48;92.627;163.796;214.791;242.1;8.5;515.8;
1707808008;13.02.2024;07:06:48;92.632;163.803;214.808;242.1;8.5;515.8;
1707808909;13.02.2024;07:21:49;92.636;163.809;214.826;242.1;8.5;515.8;
1707809809;13.02.2024;07:36:49;92.641;163.815;214.845;242.1;8.5;515.8;
1707810709;13.02.2024;07:51:49;92.645;163.82;214.866;242.1;8.5;515.8;
1707811610;13.02.2024;08:06:50;92.649;163.825;214.884;242.1;8.5;515.8;
1707812510;13.02.2024;08:21:50;92.653;163.83;214.9;242.1;8.5;515.8;
1707813410;13.02.2024;08:36:50;92.656;163.836;214.916;242.1;8.5;515.8;
1707814310;13.02.2024;08:51:50;92.66;163.842;214.932;242.1;8.5;515.8;
1707815211;13.02.2024;09:06:51;92.663;163.849;214.947;242.1;8.5;515.8;
1707816111;13.02.2024;09:21:51;92.666;163.855;214.961;242.1;8.5;515.9;
1707817011;13.02.2024;09:36:51;92.669;163.861;214.975;242.1;8.5;515.9;
1707817912;13.02.2024;09:51:52;92.672;163.865;214.989;242.1;8.5;515.9;
1707818812;13.02.2024;10:06:52;92.674;163.871;215.003;242.1;8.5;516;
1707819712;13.02.2024;10:21:52;92.677;163.877;215.019;242.1;8.5;516;
1707820613;13.02.2024;10:36:53;92.68;163.882;215.033;242.1;8.5;516;
1707821513;13.02.2024;10:51:53;92.684;163.886;215.045;242.1;8.5;516;
1707822413;13.02.2024;11:06:53;92.688;163.89;215.057;242.1;8.5;516;
1707823314;13.02.2024;11:21:54;92.691;163.894;215.07;242.1;8.5;516.1;
1707824214;13.02.2024;11:36:54;92.693;163.897;215.08;242.1;8.5;516.1;
1707825114;13.02.2024;11:51:54;92.694;163.9;215.09;242.1;8.5;516.2;
1707826015;13.02.2024;12:06:55;92.696;163.903;215.098;242.1;8.5;516.2;
1707826915;13.02.2024;12:21:55;92.697;163.907;215.106;242.1;8.5;516.2;
1707827815;13.02.2024;12:36:55;92.698;163.91;215.113;242.1;8.5;516.2;
1707828716;13.02.2024;12:51:56;92.699;163.913;215.119;242.1;8.5;516.3;
1707829616;13.02.2024;13:06:56;92.7;163.915;215.127;242.1;8.5;516.3;
1707830516;13.02.2024;13:21:56;92.701;163.917;215.135;242.1;8.5;516.4;
1707831416;13.02.2024;13:36:56;92.702;163.921;215.142;242.1;8.5;516.5;
1707832317;13.02.2024;13:51:57;92.703;163.924;215.148;242.1;8.5;516.5;
1707833217;13.02.2024;14:06:57;92.704;163.927;215.155;242.1;8.5;516.6;
1707834117;13.02.2024;14:21:57;92.705;163.931;215.163;242.1;8.5;516.7;
1707835018;13.02.2024;14:36:58;92.706;163.934;215.17;242.1;8.5;516.7;
1707835918;13.02.2024;14:51:58;92.707;163.938;215.178;242.1;8.5;516.8;
1707836818;13.02.2024;15:06:58;92.708;163.941;215.185;242.1;8.5;516.8;
1707837719;13.02.2024;15:21:59;92.709;163.944;215.192;242.1;8.5;516.8;
1707838619;13.02.2024;15:36:59;92.71;163.947;215.199;242.1;8.5;516.9;
1707839519;13.02.2024;15:51:59;92.712;163.95;215.206;242.1;8.5;516.9;
1707840420;13.02.2024;16:07:00;92.713;163.954;215.212;242.1;8.5;516.9;
1707841320;13.02.2024;16:22:00;92.714;163.956;215.217;242.1;8.5;517;
1707842220;13.02.2024;16:37:00;92.714;163.959;215.224;242.1;8.5;517.1;
1707843121;13.02.2024;16:52:01;92.716;163.963;215.231;242.1;8.5;517.2;
1707844021;13.02.2024;17:07:01;92.717;163.966;215.24;242.1;8.5;517.2;
1707844921;13.02.2024;17:22:01;92.718;163.97;215.25;242.1;8.5;517.2;
1707845822;13.02.2024;17:37:02;92.719;163.974;215.258;242.1;8.5;517.2;
1707846722;13.02.2024;17:52:02;92.721;163.977;215.265;242.1;8.5;517.3;
1707847622;13.02.2024;18:07:02;92.722;163.979;215.272;242.1;8.5;517.3;
1707848523;13.02.2024;18:22:03;92.724;163.982;215.281;242.1;8.5;517.3;
1707849423;13.02.2024;18:37:03;92.724;163.986;215.29;242.1;8.5;517.4;
1707850323;13.02.2024;18:52:03;92.725;163.988;215.298;242.1;8.5;517.4;
1707851224;13.02.2024;19:07:04;92.726;163.991;215.304;242.1;8.5;517.4;
1707852124;13.02.2024;19:22:04;92.729;163.992;215.307;242.1;8.5;517.4;
1707853024;13.02.2024;19:37:04;92.73;163.993;215.311;242.1;8.5;517.4;
1707853925;13.02.2024;19:52:05;92.732;163.995;215.316;242.1;8.5;517.4;
1707854825;13.02.2024;20:07:05;92.733;163.997;215.321;242.1;8.5;517.4;
1707855725;13.02.2024;20:22:05;92.735;163.999;215.326;242.1;8.5;517.4;
1707856626;13.02.2024;20:37:06;92.736;164.001;215.331;242.1;8.5;517.4;
1707857526;13.02.2024;20:52:06;92.738;164.004;215.336;242.1;8.5;517.4;
1707858426;13.02.2024;21:07:06;92.74;164.006;215.342;242.1;8.5;517.4;
1707859326;13.02.2024;21:22:06;92.741;164.008;215.347;242.1;8.5;517.4;
1707860227;13.02.2024;21:37:07;92.743;164.011;215.352;242.1;8.5;517.4;
1707861127;13.02.2024;21:52:07;92.744;164.014;215.357;242.1;8.5;517.4;
1707862027;13.02.2024;22:07:07;92.746;164.016;215.362;242.1;8.5;517.4;
1707862928;13.02.2024;22:22:08;92.747;164.018;215.367;242.1;8.5;517.4;
1707863828;13.02.2024;22:37:08;92.749;164.021;215.372;242.1;8.5;517.4;
1707864728;13.02.2024;22:52:08;92.75;164.024;215.378;242.1;8.5;517.4;
1707865629;13.02.2024;23:07:09;92.752;164.026;215.386;242.1;8.5;517.4;
1707866529;13.02.2024;23:22:09;92.753;164.028;215.391;242.1;8.5;517.4;
1707867429;13.02.2024;23:37:09;92.755;164.032;215.397;242.1;8.5;517.4;
1707868330;13.02.2024;23:52:10;92.756;164.034;215.402;242.1;8.5;517.4;
1707869230;14.02.2024;00:07:10;92.758;164.037;215.408;242.1;8.5;517.4;
1707870130;14.02.2024;00:22:10;92.759;164.039;215.413;242.1;8.5;517.4;
1707871031;14.02.2024;00:37:11;92.761;164.042;215.418;242.1;8.5;517.4;
1707871931;14.02.2024;00:52:11;92.762;164.045;215.423;242.1;8.5;517.4;
1707872831;14.02.2024;01:07:11;92.763;164.047;215.428;242.1;8.5;517.4;
1707873731;14.02.2024;01:22:11;92.765;164.049;215.434;242.1;8.5;517.4;
1707874632;14.02.2024;01:37:12;92.766;164.052;215.442;242.1;8.5;517.4;
1707875532;14.02.2024;01:52:12;92.768;164.055;215.448;242.1;8.5;517.4;
1707876432;14.02.2024;02:07:12;92.769;164.057;215.453;242.1;8.5;517.4;
1707877333;14.02.2024;02:22:13;92.771;164.059;215.459;242.1;8.5;517.4;
1707878233;14.02.2024;02:37:13;92.772;164.061;215.464;242.1;8.5;517.4;
1707879133;14.02.2024;02:52:13;92.774;164.064;215.469;242.1;8.5;517.4;
1707880034;14.02.2024;03:07:14;92.779;164.068;215.477;242.1;8.5;517.4;
1707880934;14.02.2024;03:22:14;92.787;164.071;215.508;242.1;8.5;517.4;
1707881834;14.02.2024;03:37:14;92.793;164.077;215.53;242.1;8.5;517.4;
1707882735;14.02.2024;03:52:15;92.798;164.08;215.546;242.1;8.5;517.4;
1707883635;14.02.2024;04:07:15;92.802;164.083;215.562;242.1;8.5;517.4;
1707884535;14.02.2024;04:22:15;92.807;164.086;215.577;242.1;8.5;517.4;
1707885436;14.02.2024;04:37:16;92.811;164.09;215.591;242.1;8.5;517.4;
1707886336;14.02.2024;04:52:16;92.816;164.094;215.604;242.1;8.5;517.4;
1707887236;14.02.2024;05:07:16;92.82;164.098;215.615;242.1;8.5;517.4;
1707888137;14.02.2024;05:22:17;92.825;164.103;215.628;242.1;8.5;517.5;
1707889037;14.02.2024;05:37:17;92.829;164.108;215.642;242.1;8.5;517.5;
1707889937;14.02.2024;05:52:17;92.834;164.112;215.657;242.1;8.5;517.5;
1707890837;14.02.2024;06:07:17;92.838;164.116;215.669;242.1;8.5;517.5;
1707891738;14.02.2024;06:22:18;92.841;164.119;215.68;242.1;8.5;517.6;
1707892638;14.02.2024;06:37:18;92.844;164.122;215.691;242.1;8.5;517.6;
1707893538;14.02.2024;06:52:18;92.847;164.126;215.703;242.1;8.5;517.6;
1707894439;14.02.2024;07:07:19;92.85;164.13;215.715;242.1;8.5;517.6;
1707895339;14.02.2024;07:22:19;92.853;164.134;215.725;242.1;8.5;517.6;
1707896240;14.02.2024;07:37:20;92.856;164.138;215.735;242.1;8.5;517.6;
1707897141;14.02.2024;07:52:21;92.858;164.141;215.745;242.1;8.5;517.6;
1707898042;14.02.2024;08:07:22;92.861;164.144;215.755;242.1;8.5;517.6;
1707898942;14.02.2024;08:22:22;92.864;164.148;215.766;242.1;8.5;517.6;
1707899842;14.02.2024;08:37:22;92.866;164.152;215.777;242.1;8.5;517.6;
1707900743;14.02.2024;08:52:23;92.87;164.155;215.787;242.1;8.5;517.7;
1707901643;14.02.2024;09:07:23;92.872;164.158;215.796;242.1;8.5;517.7;
1707902543;14.02.2024;09:22:23;92.874;164.162;215.806;242.1;8.5;517.7;
1707903444;14.02.2024;09:37:24;92.876;164.164;215.813;242.1;8.5;517.7;
1707904344;14.02.2024;09:52:24;92.877;164.166;215.822;242.1;8.5;517.8;
1707905244;14.02.2024;10:07:24;92.879;164.17;215.83;242.1;8.5;517.8;
1707906144;14.02.2024;10:22:24;92.881;164.173;215.838;242.1;8.5;517.9;
1707907045;14.02.2024;10:37:25;92.883;164.176;215.846;242.1;8.5;517.9;
1707907945;14.02.2024;10:52:25;92.885;164.178;215.857;242.1;8.5;517.9;
1707908845;14.02.2024;11:07:25;92.887;164.181;215.867;242.1;8.5;517.9;
1707909746;14.02.2024;11:22:26;92.888;164.184;215.876;242.1;8.5;517.9;
1707910646;14.02.2024;11:37:26;92.89;164.186;215.884;242.1;8.5;518;
1707911546;14.02.2024;11:52:26;92.891;164.188;215.893;242.1;8.5;518;
1707912447;14.02.2024;12:07:27;92.892;164.191;215.902;242.1;8.5;518;
1707913347;14.02.2024;12:22:27;92.894;164.194;215.91;242.1;8.5;518.1;
1707914247;14.02.2024;12:37:27;92.895;164.197;215.919;242.1;8.5;518.1;
1707915148;14.02.2024;12:52:28;92.896;164.199;215.927;242.1;8.5;518.1;
1707916048;14.02.2024;13:07:28;92.897;164.202;215.935;242.1;8.5;518.2;
1707916948;14.02.2024;13:22:28;92.898;164.204;215.943;242.1;8.5;518.3;
1707917849;14.02.2024;13:37:29;92.899;164.207;215.951;242.1;8.5;518.3;
1707918749;14.02.2024;13:52:29;92.9;164.209;215.959;242.1;8.5;518.3;
1707919649;14.02.2024;14:07:29;92.901;164.212;215.966;242.1;8.5;518.4;
1707920550;14.02.2024;14:22:30;92.902;164.214;215.973;242.1;8.5;518.4;
1707921450;14.02.2024;14:37:30;92.904;164.217;215.979;242.1;8.5;518.5;
1707922350;14.02.2024;14:52:30;92.905;164.219;215.987;242.1;8.5;518.5;
1707923251;14.02.2024;15:07:31;92.906;164.221;215.998;242.1;8.5;518.6;
1707924151;14.02.2024;15:22:31;92.907;164.225;216.008;242.1;8.5;518.6;
1707925051;14.02.2024;15:37:31;92.908;164.227;216.016;242.1;8.5;518.8;
1707925952;14.02.2024;15:52:32;92.909;164.229;216.025;242.1;8.5;518.9;
1707926852;14.02.2024;16:07:32;92.91;164.231;216.034;242.1;8.5;518.9;
1707927752;14.02.2024;16:22:32;92.911;164.234;216.043;242.1;8.5;519;
1707928652;14.02.2024;16:37:32;92.912;164.236;216.052;242.1;8.5;519.1;
1707929553;14.02.2024;16:52:33;92.913;164.239;216.06;242.1;8.5;519.3;
1707930453;14.02.2024;17:07:33;92.915;164.242;216.068;242.1;8.5;519.3;
1707931353;14.02.2024;17:22:33;92.916;164.244;216.075;242.1;8.5;519.4;
1707932254;14.02.2024;17:37:34;92.917;164.246;216.083;242.1;8.5;519.4;
1707933154;14.02.2024;17:52:34;92.919;164.248;216.091;242.1;8.5;519.4;
1707934054;14.02.2024;18:07:34;92.92;164.251;216.098;242.1;8.5;519.4;
1707934955;14.02.2024;18:22:35;92.922;164.254;216.106;242.1;8.5;519.4;
1707935855;14.02.2024;18:37:35;92.923;164.256;216.112;242.1;8.5;519.5;
1707936755;14.02.2024;18:52:35;92.924;164.258;216.118;242.1;8.5;519.5;
1707937656;14.02.2024;19:07:36;92.925;164.26;216.123;242.1;8.5;519.5;
1707938556;14.02.2024;19:22:36;92.927;164.26;216.125;242.1;8.5;519.5;
1707939456;14.02.2024;19:37:36;92.928;164.26;216.128;242.1;8.5;519.5;
1707940357;14.02.2024;19:52:37;92.929;164.26;216.131;242.1;8.5;519.5;
1707941257;14.02.2024;20:07:37;92.93;164.261;216.135;242.1;8.5;519.5;
1707942157;14.02.2024;20:22:37;92.931;164.263;216.139;242.1;8.5;519.5;
1707943058;14.02.2024;20:37:38;92.933;164.266;216.144;242.1;8.5;519.5;
1707943958;14.02.2024;20:52:38;92.934;164.268;216.149;242.1;8.5;519.5;
1707944858;14.02.2024;21:07:38;92.936;164.27;216.154;242.1;8.5;519.5;
1707945758;14.02.2024;21:22:38;92.937;164.272;216.158;242.1;8.5;519.5;
1707946659;14.02.2024;21:37:39;92.939;164.274;216.163;242.1;8.5;519.5;
1707947559;14.02.2024;21:52:39;92.94;164.276;216.168;242.1;8.5;519.5;
1707948459;14.02.2024;22:07:39;92.942;164.278;216.172;242.1;8.5;519.5;
1707949360;14.02.2024;22:22:40;92.943;164.28;216.177;242.1;8.5;519.5;
1707950260;14.02.2024;22:37:40;92.945;164.283;216.181;242.1;8.5;519.5;
1707951160;14.02.2024;22:52:40;92.946;164.285;216.186;242.1;8.5;519.5;
1707952061;14.02.2024;23:07:41;92.948;164.287;216.191;242.1;8.5;519.5;
1707952961;14.02.2024;23:22:41;92.949;164.289;216.196;242.1;8.5;519.5;
1707953861;14.02.2024;23:37:41;92.951;164.293;216.201;242.1;8.5;519.5;
1707954762;14.02.2024;23:52:42;92.952;164.295;216.206;242.1;8.5;519.5;
1707955662;15.02.2024;00:07:42;92.954;164.296;216.213;242.1;8.5;519.5;
1707956562;15.02.2024;00:22:42;92.955;164.298;216.219;242.1;8.5;519.5;
1707957463;15.02.2024;00:37:43;92.956;164.301;216.224;242.1;8.5;519.5;
1707958363;15.02.2024;00:52:43;92.958;164.303;216.229;242.1;8.5;519.5;
1707959263;15.02.2024;01:07:43;92.959;164.305;216.234;242.1;8.5;519.5;
1707960163;15.02.2024;01:22:43;92.961;164.307;216.238;242.1;8.5;519.5;
1707961064;15.02.2024;01:37:44;92.962;164.31;216.243;242.1;8.5;519.5;
1707961964;15.02.2024;01:52:44;92.964;164.313;216.248;242.1;8.5;519.5;
1707962864;15.02.2024;02:07:44;92.965;164.315;216.252;242.1;8.5;519.5;
1707963765;15.02.2024;02:22:45;92.966;164.317;216.257;242.1;8.5;519.5;
1707964665;15.02.2024;02:37:45;92.968;164.319;216.262;242.1;8.5;519.5;
1707965565;15.02.2024;02:52:45;92.969;164.322;216.267;242.1;8.5;519.5;
1707966466;15.02.2024;03:07:46;92.976;164.325;216.279;242.1;8.5;519.5;
1707967366;15.02.2024;03:22:46;92.983;164.328;216.308;242.1;8.5;519.5;
1707968266;15.02.2024;03:37:46;92.989;164.332;216.327;242.1;8.5;519.5;
1707969167;15.02.2024;03:52:47;92.993;164.335;216.341;242.1;8.5;519.5;
1707970067;15.02.2024;04:07:47;92.997;164.339;216.353;242.1;8.5;519.5;
1707970967;15.02.2024;04:22:47;93.002;164.342;216.365;242.1;8.5;519.5;
1707971867;15.02.2024;04:37:47;93.006;164.345;216.375;242.1;8.5;519.5;
1707972768;15.02.2024;04:52:48;93.01;164.349;216.384;242.1;8.5;519.5;
1707973668;15.02.2024;05:07:48;93.014;164.353;216.394;242.1;8.5;519.5;
1707974568;15.02.2024;05:22:48;93.018;164.358;216.404;242.1;8.5;519.6;
1707975469;15.02.2024;05:37:49;93.021;164.363;216.416;242.1;8.5;519.6;
1707976369;15.02.2024;05:52:49;93.025;164.367;216.427;242.1;8.5;519.6;
1707977269;15.02.2024;06:07:49;93.028;164.37;216.436;242.1;8.5;519.6;
1707978170;15.02.2024;06:22:50;93.03;164.373;216.445;242.1;8.5;519.6;
1707979070;15.02.2024;06:37:50;93.033;164.376;216.453;242.1;8.5;519.7;
1707979970;15.02.2024;06:52:50;93.035;164.38;216.463;242.1;8.5;519.7;
1707980871;15.02.2024;07:07:51;93.038;164.383;216.474;242.1;8.5;519.7;
1707981771;15.02.2024;07:22:51;93.04;164.387;216.486;242.1;8.5;519.8;
1707982671;15.02.2024;07:37:51;93.043;164.392;216.496;242.1;8.5;519.8;
1707983572;15.02.2024;07:52:52;93.046;164.395;216.506;242.1;8.5;519.8;
1707984472;15.02.2024;08:07:52;93.048;164.399;216.516;242.1;8.5;519.9;
1707985372;15.02.2024;08:22:52;93.05;164.403;216.525;242.1;8.5;519.9;
1707986273;15.02.2024;08:37:53;93.053;164.405;216.534;242.1;8.5;519.9;
1707987173;15.02.2024;08:52:53;93.055;164.409;216.543;242.1;8.5;519.9;
1707988073;15.02.2024;09:07:53;93.057;164.413;216.552;242.1;8.5;519.9;
1707988973;15.02.2024;09:22:53;93.06;164.417;216.56;242.1;8.5;520;
1707989874;15.02.2024;09:37:54;93.064;164.419;216.567;242.1;8.5;520;
1707990774;15.02.2024;09:52:54;93.067;164.422;216.575;242.1;8.5;520;
1707991674;15.02.2024;10:07:54;93.069;164.425;216.582;242.1;8.5;520;
1707992575;15.02.2024;10:22:55;93.07;164.428;216.589;242.1;8.5;520.1;
1707993475;15.02.2024;10:37:55;93.072;164.43;216.595;242.1;8.5;520.1;
1707994375;15.02.2024;10:52:55;93.073;164.432;216.602;242.1;8.5;520.2;
1707995276;15.02.2024;11:07:56;93.074;164.434;216.608;242.1;8.5;520.2;
1707996176;15.02.2024;11:22:56;93.076;164.437;216.615;242.1;8.5;520.2;
1707997076;15.02.2024;11:37:56;93.077;164.439;216.622;242.1;8.5;520.2;
1707997977;15.02.2024;11:52:57;93.078;164.441;216.63;242.1;8.5;520.2;
1707998877;15.02.2024;12:07:57;93.079;164.443;216.637;242.1;8.5;520.3;
1707999777;15.02.2024;12:22:57;93.082;164.446;216.645;242.1;8.5;520.3;
1708000678;15.02.2024;12:37:58;93.083;164.449;216.652;242.1;8.5;520.4;
1708001578;15.02.2024;12:52:58;93.085;164.451;216.659;242.1;8.5;520.4;
1708002478;15.02.2024;13:07:58;93.086;164.453;216.666;242.1;8.5;520.5;
1708003379;15.02.2024;13:22:59;93.087;164.455;216.673;242.1;8.5;520.5;
1708004279;15.02.2024;13:37:59;93.089;164.457;216.679;242.1;8.5;520.5;
1708005179;15.02.2024;13:52:59;93.09;164.458;216.685;242.1;8.5;520.6;
1708006079;15.02.2024;14:07:59;93.091;164.46;216.692;242.1;8.5;520.6;
1708006980;15.02.2024;14:23:00;93.092;164.462;216.7;242.1;8.5;520.7;
1708007880;15.02.2024;14:38:00;93.093;164.464;216.706;242.1;8.5;520.7;
1708008780;15.02.2024;14:53:00;93.094;164.465;216.711;242.1;8.5;520.7;
1708009681;15.02.2024;15:08:01;93.095;164.466;216.717;242.1;8.5;520.8;
1708010581;15.02.2024;15:23:01;93.096;164.468;216.722;242.1;8.5;520.9;
1708011481;15.02.2024;15:38:01;93.097;164.469;216.727;242.1;8.5;520.9;
1708012382;15.02.2024;15:53:02;93.098;164.471;216.732;242.1;8.5;521;
1708013282;15.02.2024;16:08:02;93.099;164.472;216.737;242.1;8.5;521;
1708014182;15.02.2024;16:23:02;93.1;164.475;216.742;242.1;8.5;521.1;
1708015083;15.02.2024;16:38:03;93.102;164.476;216.747;242.1;8.5;521.1;
1708015983;15.02.2024;16:53:03;93.103;164.478;216.753;242.1;8.5;521.2;
1708016883;15.02.2024;17:08:03;93.104;164.479;216.758;242.1;8.5;521.2;
1708017784;15.02.2024;17:23:04;93.105;164.481;216.767;242.1;8.5;521.3;
1708018684;15.02.2024;17:38:04;93.106;164.484;216.773;242.1;8.5;521.3;
1708019584;15.02.2024;17:53:04;93.108;164.486;216.778;242.1;8.5;521.3;
1708020485;15.02.2024;18:08:05;93.109;164.488;216.783;242.1;8.5;521.3;
1708021385;15.02.2024;18:23:05;93.11;164.489;216.79;242.1;8.5;521.4;
1708022285;15.02.2024;18:38:05;93.112;164.491;216.797;242.1;8.5;521.4;
1708023185;15.02.2024;18:53:05;93.113;164.494;216.803;242.1;8.5;521.4;
1708024086;15.02.2024;19:08:06;93.114;164.495;216.807;242.1;8.5;521.4;
1708024986;15.02.2024;19:23:06;93.115;164.495;216.808;242.1;8.5;521.4;
1708025886;15.02.2024;19:38:06;93.115;164.495;216.81;242.1;8.5;521.4;
1708026787;15.02.2024;19:53:07;93.116;164.495;216.813;242.1;8.5;521.4;
1708027687;15.02.2024;20:08:07;93.116;164.495;216.817;242.1;8.5;521.4;
1708028587;15.02.2024;20:23:07;93.118;164.496;216.822;242.1;8.5;521.4;
1708029488;15.02.2024;20:38:08;93.119;164.497;216.828;242.1;8.5;521.4;
1708030388;15.02.2024;20:53:08;93.12;164.5;216.833;242.1;8.5;521.4;
1708031288;15.02.2024;21:08:08;93.121;164.503;216.837;242.1;8.5;521.4;
1708032189;15.02.2024;21:23:09;93.122;164.505;216.842;242.1;8.5;521.4;
1708033089;15.02.2024;21:38:09;93.123;164.506;216.847;242.1;8.5;521.4;
1708033989;15.02.2024;21:53:09;93.124;164.507;216.851;242.1;8.5;521.4;
1708034889;15.02.2024;22:08:09;93.125;164.509;216.856;242.1;8.5;521.4;
1708035790;15.02.2024;22:23:10;93.126;164.511;216.86;242.1;8.5;521.4;
1708036690;15.02.2024;22:38:10;93.128;164.513;216.865;242.1;8.5;521.4;
1708037590;15.02.2024;22:53:10;93.129;164.514;216.869;242.1;8.5;521.4;
1708038491;15.02.2024;23:08:11;93.13;164.516;216.873;242.1;8.5;521.4;
1708039391;15.02.2024;23:23:11;93.131;164.517;216.878;242.1;8.5;521.4;
1708040291;15.02.2024;23:38:11;93.132;164.519;216.882;242.1;8.5;521.4;
1708041192;15.02.2024;23:53:12;93.133;164.521;216.887;242.1;8.5;521.4;
1708042092;16.02.2024;00:08:12;93.134;164.522;216.891;242.1;8.5;521.4;
1708042992;16.02.2024;00:23:12;93.135;164.524;216.896;242.1;8.5;521.4;
1708043893;16.02.2024;00:38:13;93.136;164.526;216.9;242.1;8.5;521.4;
1708044793;16.02.2024;00:53:13;93.138;164.528;216.905;242.1;8.5;521.4;
1708045693;16.02.2024;01:08:13;93.139;164.529;216.909;242.1;8.5;521.4;
1708046593;16.02.2024;01:23:13;93.14;164.531;216.913;242.1;8.5;521.4;
1708047494;16.02.2024;01:38:14;93.141;164.533;216.918;242.1;8.5;521.4;
1708048394;16.02.2024;01:53:14;93.142;164.534;216.922;242.1;8.5;521.4;
1708049294;16.02.2024;02:08:14;93.143;164.536;216.928;242.1;8.5;521.4;
1708050195;16.02.2024;02:23:15;93.144;164.537;216.934;242.1;8.5;521.4;
1708051095;16.02.2024;02:38:15;93.145;164.539;216.939;242.1;8.5;521.4;
1708051995;16.02.2024;02:53:15;93.146;164.541;216.943;242.1;8.5;521.4;
1708052896;16.02.2024;03:08:16;93.152;164.542;216.952;242.1;8.5;521.4;
1708053796;16.02.2024;03:23:16;93.159;164.545;216.974;242.1;8.5;521.4;
1708054696;16.02.2024;03:38:16;93.164;164.548;216.986;242.1;8.5;521.4;
1708055597;16.02.2024;03:53:17;93.167;164.55;216.995;242.1;8.5;521.4;
1708056497;16.02.2024;04:08:17;93.17;164.552;217.003;242.1;8.5;521.4;
1708057397;16.02.2024;04:23:17;93.173;164.554;217.011;242.1;8.5;521.4;
1708058298;16.02.2024;04:38:18;93.175;164.557;217.02;242.1;8.5;521.4;
1708059198;16.02.2024;04:53:18;93.178;164.559;217.028;242.1;8.5;521.4;
1708060098;16.02.2024;05:08:18;93.18;164.563;217.037;242.1;8.5;521.4;
1708060999;16.02.2024;05:23:19;93.182;164.568;217.05;242.1;8.5;521.4;
1708061899;16.02.2024;05:38:19;93.185;164.572;217.061;242.1;8.5;521.4;
1708062800;16.02.2024;05:53:20;93.188;164.575;217.071;242.1;8.5;521.4;
1708063700;16.02.2024;06:08:20;93.19;164.577;217.08;242.1;8.5;521.5;
1708064600;16.02.2024;06:23:20;93.192;164.579;217.089;242.1;8.5;521.6;
1708065501;16.02.2024;06:38:21;93.193;164.582;217.098;242.1;8.5;521.6;
1708066401;16.02.2024;06:53:21;93.195;164.584;217.107;242.1;8.5;521.6;
1708067301;16.02.2024;07:08:21;93.196;164.587;217.114;242.1;8.5;521.7;
1708068201;16.02.2024;07:23:21;93.198;164.589;217.123;242.1;8.5;521.7;
1708069102;16.02.2024;07:38:22;93.199;164.592;217.132;242.1;8.5;521.7;
1708070002;16.02.2024;07:53:22;93.201;164.595;217.14;242.1;8.5;521.7;
1708070902;16.02.2024;08:08:22;93.202;164.598;217.148;242.1;8.5;521.8;
1708071803;16.02.2024;08:23:23;93.204;164.6;217.157;242.1;8.5;521.8;
1708072703;16.02.2024;08:38:23;93.205;164.603;217.165;242.1;8.5;521.8;
1708073603;16.02.2024;08:53:23;93.206;164.605;217.175;242.1;8.5;521.8;
1708074504;16.02.2024;09:08:24;93.208;164.608;217.185;242.1;8.5;521.8;
1708075404;16.02.2024;09:23:24;93.209;164.611;217.193;242.1;8.5;521.8;
1708076304;16.02.2024;09:38:24;93.211;164.614;217.201;242.1;8.5;521.8;
1708077205;16.02.2024;09:53:25;93.215;164.616;217.209;242.1;8.5;521.8;
1708078105;16.02.2024;10:08:25;93.217;164.618;217.216;242.1;8.5;521.9;
1708079005;16.02.2024;10:23:25;93.219;164.621;217.224;242.1;8.5;521.9;
1708079906;16.02.2024;10:38:26;93.22;164.623;217.231;242.1;8.5;521.9;
1708080806;16.02.2024;10:53:26;93.222;164.626;217.239;242.1;8.5;521.9;
1708081706;16.02.2024;11:08:26;93.224;164.629;217.246;242.1;8.5;522;
1708082607;16.02.2024;11:23:27;93.225;164.631;217.254;242.1;8.5;522;
1708083507;16.02.2024;11:38:27;93.226;164.633;217.264;242.1;8.5;522;
1708084407;16.02.2024;11:53:27;93.228;164.636;217.272;242.1;8.5;522;
1708085308;16.02.2024;12:08:28;93.229;164.639;217.281;242.1;8.5;522.1;
1708086208;16.02.2024;12:23:28;93.231;164.642;217.288;242.1;8.5;522.1;
1708087108;16.02.2024;12:38:28;93.233;164.644;217.295;242.1;8.5;522.2;
1708088008;16.02.2024;12:53:28;93.234;164.646;217.302;242.1;8.5;522.2;
1708088909;16.02.2024;13:08:29;93.235;164.649;217.309;242.1;8.5;522.2;
1708089809;16.02.2024;13:23:29;93.236;164.651;217.317;242.1;8.5;522.3;
1708090709;16.02.2024;13:38:29;93.238;164.654;217.324;242.1;8.5;522.3;
1708091610;16.02.2024;13:53:30;93.239;164.656;217.332;242.1;8.5;522.3;
1708092510;16.02.2024;14:08:30;93.24;164.66;217.341;242.1;8.5;522.4;
1708093410;16.02.2024;14:23:30;93.242;164.663;217.351;242.1;8.5;522.4;
1708094311;16.02.2024;14:38:31;93.243;164.665;217.36;242.1;8.5;522.4;
1708095211;16.02.2024;14:53:31;93.244;164.668;217.367;242.1;8.5;522.4;
1708096111;16.02.2024;15:08:31;93.246;164.67;217.373;242.1;8.5;522.5;
1708097012;16.02.2024;15:23:32;93.247;164.672;217.38;242.1;8.5;522.5;
1708097912;16.02.2024;15:38:32;93.249;164.674;217.386;242.1;8.5;522.6;
1708098812;16.02.2024;15:53:32;93.251;164.677;217.393;242.1;8.5;522.6;
1708099713;16.02.2024;16:08:33;93.252;164.68;217.399;242.1;8.5;522.6;
1708100613;16.02.2024;16:23:33;93.254;164.682;217.406;242.1;8.5;522.7;
1708101513;16.02.2024;16:38:33;93.255;164.685;217.412;242.1;8.5;522.7;
1708102414;16.02.2024;16:53:34;93.257;164.686;217.421;242.1;8.5;522.7;
1708103314;16.02.2024;17:08:34;93.258;164.689;217.431;242.1;8.5;522.8;
1708104214;16.02.2024;17:23:34;93.26;164.693;217.44;242.1;8.5;522.8;
1708105115;16.02.2024;17:38:35;93.261;164.696;217.447;242.1;8.5;522.8;
1708106015;16.02.2024;17:53:35;93.263;164.697;217.456;242.1;8.5;522.8;
1708106915;16.02.2024;18:08:35;93.264;164.7;217.467;242.1;8.5;522.8;
1708107815;16.02.2024;18:23:35;93.266;164.704;217.477;242.1;8.5;522.8;
1708108716;16.02.2024;18:38:36;93.268;164.708;217.487;242.1;8.5;522.8;
1708109616;16.02.2024;18:53:36;93.269;164.71;217.495;242.1;8.5;522.8;
1708110516;16.02.2024;19:08:36;93.27;164.71;217.499;242.1;8.5;522.8;
1708111417;16.02.2024;19:23:37;93.27;164.71;217.502;242.1;8.5;522.8;
1708112317;16.02.2024;19:38:37;93.271;164.71;217.505;242.1;8.5;522.8;
1708113217;16.02.2024;19:53:37;93.272;164.711;217.51;242.1;8.5;522.8;
1708114118;16.02.2024;20:08:38;93.273;164.712;217.514;242.1;8.5;522.8;
1708115018;16.02.2024;20:23:38;93.274;164.715;217.519;242.1;8.5;522.8;
1708115918;16.02.2024;20:38:38;93.276;164.717;217.525;242.1;8.5;522.8;
1708116819;16.02.2024;20:53:39;93.277;164.72;217.53;242.1;8.5;522.8;
1708117719;16.02.2024;21:08:39;93.278;164.722;217.535;242.1;8.5;522.8;
1708118619;16.02.2024;21:23:39;93.28;164.724;217.541;242.1;8.5;522.8;
1708119520;16.02.2024;21:38:40;93.281;164.725;217.546;242.1;8.5;522.8;
1708120420;16.02.2024;21:53:40;93.282;164.727;217.552;242.1;8.5;522.8;
1708121320;16.02.2024;22:08:40;93.283;164.73;217.558;242.1;8.5;522.8;
1708122220;16.02.2024;22:23:40;93.284;164.732;217.563;242.1;8.5;522.8;
1708123121;16.02.2024;22:38:41;93.285;164.733;217.568;242.1;8.5;522.8;
1708124021;16.02.2024;22:53:41;93.287;164.735;217.573;242.1;8.5;522.8;
1708124921;16.02.2024;23:08:41;93.288;164.737;217.578;242.1;8.5;522.8;
1708125822;16.02.2024;23:23:42;93.289;164.74;217.583;242.1;8.5;522.8;
1708126722;16.02.2024;23:38:42;93.29;164.742;217.588;242.1;8.5;522.8;
1708127622;16.02.2024;23:53:42;93.291;164.744;217.593;242.1;8.5;522.8;
1708128523;17.02.2024;00:08:43;93.292;164.746;217.598;242.1;8.5;522.8;
1708129423;17.02.2024;00:23:43;93.294;164.748;217.603;242.1;8.5;522.8;
1708130323;17.02.2024;00:38:43;93.295;164.75;217.609;242.1;8.5;522.8;
1708131224;17.02.2024;00:53:44;93.296;164.752;217.614;242.1;8.5;522.8;
1708132124;17.02.2024;01:08:44;93.297;164.754;217.62;242.1;8.5;522.8;
1708133024;17.02.2024;01:23:44;93.299;164.758;217.628;242.1;8.5;522.8;
1708133925;17.02.2024;01:38:45;93.3;164.761;217.635;242.1;8.5;522.8;
1708134825;17.02.2024;01:53:45;93.301;164.763;217.641;242.1;8.5;522.8;
1708135725;17.02.2024;02:08:45;93.302;164.764;217.646;242.1;8.5;522.8;
1708136626;17.02.2024;02:23:46;93.303;164.767;217.651;242.1;8.5;522.8;
1708137526;17.02.2024;02:38:46;93.305;164.769;217.656;242.1;8.5;522.8;
1708138426;17.02.2024;02:53:46;93.306;164.771;217.661;242.1;8.5;522.8;
1708139326;17.02.2024;03:08:46;93.307;164.774;217.666;242.1;8.5;522.8;
1708140227;17.02.2024;03:23:47;93.308;164.776;217.672;242.1;8.5;522.8;
1708141127;17.02.2024;03:38:47;93.31;164.779;217.679;242.1;8.5;522.8;
1708142027;17.02.2024;03:53:47;93.311;164.781;217.687;242.1;8.5;522.8;
1708142928;17.02.2024;04:08:48;93.312;164.783;217.692;242.1;8.5;522.8;
1708143828;17.02.2024;04:23:48;93.313;164.785;217.697;242.1;8.5;522.8;
1708144728;17.02.2024;04:38:48;93.314;164.788;217.702;242.1;8.5;522.8;
1708145629;17.02.2024;04:53:49;93.316;164.791;217.708;242.1;8.5;522.8;
1708146529;17.02.2024;05:08:49;93.317;164.794;217.714;242.1;8.5;522.8;
1708147429;17.02.2024;05:23:49;93.318;164.797;217.721;242.1;8.5;522.8;
1708148330;17.02.2024;05:38:50;93.32;164.801;217.727;242.1;8.5;522.8;
1708149230;17.02.2024;05:53:50;93.321;164.804;217.735;242.1;8.5;522.8;
1708150130;17.02.2024;06:08:50;93.323;164.806;217.745;242.1;8.5;522.8;
1708151031;17.02.2024;06:23:51;93.324;164.809;217.752;242.1;8.5;522.8;
1708151931;17.02.2024;06:38:51;93.325;164.811;217.758;242.1;8.5;522.8;
1708152831;17.02.2024;06:53:51;93.327;164.815;217.764;242.1;8.5;522.8;
1708153732;17.02.2024;07:08:52;93.328;164.817;217.77;242.1;8.5;522.8;
1708154632;17.02.2024;07:23:52;93.329;164.819;217.775;242.1;8.5;522.8;
1708155532;17.02.2024;07:38:52;93.33;164.821;217.78;242.1;8.5;522.8;
1708156432;17.02.2024;07:53:52;93.332;164.825;217.786;242.1;8.5;522.8;
1708157333;17.02.2024;08:08:53;93.333;164.827;217.792;242.1;8.5;522.8;
1708158233;17.02.2024;08:23:53;93.334;164.829;217.801;242.1;8.5;522.8;
1708159133;17.02.2024;08:38:53;93.335;164.832;217.808;242.1;8.5;522.8;
1708160034;17.02.2024;08:53:54;93.337;164.835;217.814;242.1;8.5;522.8;
1708160934;17.02.2024;09:08:54;93.338;164.838;217.819;242.1;8.5;522.8;
1708161834;17.02.2024;09:23:54;93.339;164.84;217.825;242.1;8.5;522.8;
1708162735;17.02.2024;09:38:55;93.341;164.842;217.831;242.1;8.5;522.8;
1708163635;17.02.2024;09:53:55;93.342;164.845;217.836;242.1;8.5;522.8;
1708164535;17.02.2024;10:08:55;93.343;164.848;217.842;242.1;8.5;522.8;
1708165436;17.02.2024;10:23:56;93.344;164.851;217.848;242.1;8.5;522.8;
1708166336;17.02.2024;10:38:56;93.346;164.852;217.855;242.1;8.5;522.8;
1708167236;17.02.2024;10:53:56;93.347;164.855;217.863;242.1;8.5;522.8;
1708168137;17.02.2024;11:08:57;93.348;164.859;217.869;242.1;8.5;522.8;
1708169037;17.02.2024;11:23:57;93.35;164.862;217.875;242.1;8.5;522.8;
1708169937;17.02.2024;11:38:57;93.351;164.863;217.88;242.1;8.5;522.8;
1708170838;17.02.2024;11:53:58;93.352;164.865;217.885;242.1;8.5;522.8;
1708171738;17.02.2024;12:08:58;93.353;164.868;217.89;242.1;8.5;522.8;
1708172638;17.02.2024;12:23:58;93.354;164.872;217.896;242.1;8.5;522.8;
1708173538;17.02.2024;12:38:58;93.356;164.874;217.902;242.1;8.5;522.8;
1708174439;17.02.2024;12:53:59;93.357;164.876;217.907;242.1;8.5;522.8;
1708175339;17.02.2024;13:08:59;93.358;164.878;217.912;242.1;8.5;522.8;
1708176239;17.02.2024;13:23:59;93.359;164.881;217.918;242.1;8.5;522.8;
1708177140;17.02.2024;13:39:00;93.361;164.884;217.924;242.1;8.5;522.8;
1708178040;17.02.2024;13:54:00;93.362;164.886;217.929;242.1;8.5;522.8;
1708178940;17.02.2024;14:09:00;93.363;164.888;217.935;242.1;8.5;522.8;
1708179841;17.02.2024;14:24:01;93.364;164.891;217.94;242.1;8.5;522.8;
1708180741;17.02.2024;14:39:01;93.366;164.894;217.946;242.1;8.5;522.8;
1708181641;17.02.2024;14:54:01;93.367;164.895;217.951;242.1;8.5;522.8;
1708182542;17.02.2024;15:09:02;93.367;164.897;217.956;242.1;8.5;522.8;
1708183442;17.02.2024;15:24:02;93.368;164.899;217.961;242.1;8.5;522.8;
1708184342;17.02.2024;15:39:02;93.369;164.902;217.966;242.1;8.5;522.8;
1708185243;17.02.2024;15:54:03;93.37;164.904;217.971;242.1;8.5;522.8;
1708186143;17.02.2024;16:09:03;93.372;164.906;217.977;242.1;8.5;522.8;
1708187043;17.02.2024;16:24:03;93.373;164.908;217.983;242.1;8.5;522.8;
1708187944;17.02.2024;16:39:04;93.374;164.911;217.99;242.1;8.5;522.8;
1708188844;17.02.2024;16:54:04;93.375;164.914;217.996;242.1;8.5;522.8;
1708189744;17.02.2024;17:09:04;93.376;164.916;218.001;242.1;8.5;522.8;
1708190645;17.02.2024;17:24:05;93.377;164.918;218.006;242.1;8.5;522.8;
1708191545;17.02.2024;17:39:05;93.378;164.92;218.011;242.1;8.5;522.8;
1708192445;17.02.2024;17:54:05;93.38;164.922;218.017;242.1;8.5;522.8;
1708193346;17.02.2024;18:09:06;93.381;164.925;218.022;242.1;8.5;522.8;
1708194246;17.02.2024;18:24:06;93.382;164.927;218.028;242.1;8.5;522.8;
1708195146;17.02.2024;18:39:06;93.383;164.93;218.034;242.1;8.5;522.8;
1708196046;17.02.2024;18:54:06;93.385;164.933;218.043;242.1;8.5;522.8;
1708196947;17.02.2024;19:09:07;93.386;164.935;218.047;242.1;8.5;522.8;
1708197847;17.02.2024;19:24:07;93.387;164.936;218.051;242.1;8.5;522.8;
1708198747;17.02.2024;19:39:07;93.388;164.936;218.056;242.1;8.5;522.8;
1708199648;17.02.2024;19:54:08;93.389;164.939;218.061;242.1;8.5;522.8;
1708200548;17.02.2024;20:09:08;93.39;164.942;218.067;242.1;8.5;522.8;
1708201448;17.02.2024;20:24:08;93.392;164.945;218.073;242.1;8.5;522.8;
1708202349;17.02.2024;20:39:09;93.393;164.947;218.081;242.1;8.5;522.8;
1708203249;17.02.2024;20:54:09;93.394;164.951;218.088;242.1;8.5;522.8;
1708204149;17.02.2024;21:09:09;93.396;164.955;218.094;242.1;8.5;522.8;
1708205050;17.02.2024;21:24:10;93.397;164.957;218.099;242.1;8.5;522.8;
1708205950;17.02.2024;21:39:10;93.398;164.959;218.104;242.1;8.5;522.8;
1708206850;17.02.2024;21:54:10;93.399;164.962;218.111;242.1;8.5;522.8;
1708207750;17.02.2024;22:09:10;93.401;164.966;218.122;242.1;8.5;522.8;
1708208651;17.02.2024;22:24:11;93.403;164.968;218.129;242.1;8.5;522.8;
1708209551;17.02.2024;22:39:11;93.405;164.97;218.134;242.1;8.5;522.8;
1708210451;17.02.2024;22:54:11;93.406;164.973;218.139;242.1;8.5;522.8;
1708211352;17.02.2024;23:09:12;93.407;164.977;218.145;242.1;8.5;522.8;
1708212252;17.02.2024;23:24:12;93.408;164.979;218.154;242.1;8.5;522.8;
1708213152;17.02.2024;23:39:12;93.41;164.982;218.16;242.1;8.5;522.8;
1708214053;17.02.2024;23:54:13;93.411;164.985;218.166;242.1;8.5;522.8;
1708214953;18.02.2024;00:09:13;93.412;164.988;218.171;242.1;8.5;522.8;
1708215853;18.02.2024;00:24:13;93.413;164.991;218.176;242.1;8.5;522.8;
1708216754;18.02.2024;00:39:14;93.415;164.993;218.182;242.1;8.5;522.8;
1708217654;18.02.2024;00:54:14;93.417;164.996;218.189;242.1;8.5;522.8;
1708218554;18.02.2024;01:09:14;93.419;165.001;218.197;242.1;8.5;522.8;
1708219455;18.02.2024;01:24:15;93.42;165.005;218.204;242.1;8.5;522.8;
1708220355;18.02.2024;01:39:15;93.422;165.007;218.21;242.1;8.5;522.8;
1708221255;18.02.2024;01:54:15;93.423;165.009;218.217;242.1;8.5;522.8;
1708222155;18.02.2024;02:09:15;93.424;165.013;218.226;242.1;8.5;522.8;
1708223056;18.02.2024;02:24:16;93.425;165.017;218.234;242.1;8.5;522.8;
1708223956;18.02.2024;02:39:16;93.427;165.02;218.243;242.1;8.5;522.8;
1708224856;18.02.2024;02:54:16;93.428;165.022;218.25;242.1;8.5;522.8;
1708225757;18.02.2024;03:09:17;93.431;165.025;218.255;242.1;8.5;522.8;
1708226657;18.02.2024;03:24:17;93.432;165.029;218.262;242.1;8.5;522.8;
1708227557;18.02.2024;03:39:17;93.434;165.034;218.268;242.1;8.5;522.8;
1708228458;18.02.2024;03:54:18;93.435;165.036;218.274;242.1;8.5;522.8;
1708229358;18.02.2024;04:09:18;93.437;165.038;218.284;242.1;8.5;522.8;
1708230258;18.02.2024;04:24:18;93.438;165.043;218.292;242.1;8.5;522.8;
1708231159;18.02.2024;04:39:19;93.439;165.048;218.302;242.1;8.5;522.8;
1708232059;18.02.2024;04:54:19;93.441;165.051;218.309;242.1;8.5;522.8;
1708232959;18.02.2024;05:09:19;93.443;165.053;218.315;242.1;8.5;522.8;
1708233860;18.02.2024;05:24:20;93.445;165.057;218.321;242.1;8.5;522.8;
1708234760;18.02.2024;05:39:20;93.446;165.062;218.33;242.1;8.5;522.8;
1708235660;18.02.2024;05:54:20;93.448;165.066;218.34;242.1;8.5;522.8;
1708236561;18.02.2024;06:09:21;93.451;165.07;218.347;242.1;8.5;522.8;
1708237461;18.02.2024;06:24:21;93.452;165.073;218.353;242.1;8.5;522.8;
1708238361;18.02.2024;06:39:21;93.453;165.077;218.359;242.1;8.5;522.8;
1708239262;18.02.2024;06:54:22;93.455;165.081;218.366;242.1;8.5;522.8;
1708240162;18.02.2024;07:09:22;93.456;165.084;218.375;242.1;8.5;522.8;
1708241062;18.02.2024;07:24:22;93.457;165.087;218.385;242.1;8.5;522.8;
1708241962;18.02.2024;07:39:22;93.459;165.092;218.392;242.1;8.5;522.8;
1708242863;18.02.2024;07:54:23;93.46;165.097;218.399;242.1;8.5;522.8;
1708243763;18.02.2024;08:09:23;93.462;165.1;218.407;242.1;8.5;522.8;
1708244663;18.02.2024;08:24:23;93.465;165.103;218.414;242.1;8.5;522.8;
1708245564;18.02.2024;08:39:24;93.466;165.107;218.42;242.1;8.5;522.8;
1708246464;18.02.2024;08:54:24;93.468;165.11;218.429;242.1;8.5;522.8;
1708247364;18.02.2024;09:09:24;93.469;165.114;218.436;242.1;8.5;522.8;
1708248265;18.02.2024;09:24:25;93.471;165.118;218.444;242.1;8.5;522.8;
1708249165;18.02.2024;09:39:25;93.472;165.12;218.451;242.1;8.5;522.8;
1708250065;18.02.2024;09:54:25;93.474;165.125;218.456;242.1;8.5;522.8;
1708250966;18.02.2024;10:09:26;93.475;165.128;218.462;242.1;8.5;522.8;
1708251866;18.02.2024;10:24:26;93.476;165.13;218.469;242.1;8.5;522.8;
1708252766;18.02.2024;10:39:26;93.477;165.133;218.475;242.1;8.5;522.8;
1708253667;18.02.2024;10:54:27;93.479;165.138;218.482;242.1;8.5;522.8;
1708254567;18.02.2024;11:09:27;93.48;165.142;218.49;242.1;8.5;522.8;
1708255467;18.02.2024;11:24:27;93.482;165.145;218.497;242.1;8.5;522.8;
1708256368;18.02.2024;11:39:28;93.483;165.147;218.503;242.1;8.5;522.8;
1708257268;18.02.2024;11:54:28;93.484;165.151;218.509;242.1;8.5;522.8;
1708258168;18.02.2024;12:09:28;93.485;165.155;218.515;242.1;8.5;522.8;
1708259069;18.02.2024;12:24:29;93.487;165.158;218.521;242.1;8.5;522.8;
1708259969;18.02.2024;12:39:29;93.488;165.161;218.527;242.1;8.5;522.8;
1708260869;18.02.2024;12:54:29;93.49;165.163;218.533;242.1;8.5;522.8;
1708261770;18.02.2024;13:09:30;93.491;165.167;218.538;242.1;8.5;522.8;
1708262670;18.02.2024;13:24:30;93.492;165.169;218.544;242.1;8.5;522.8;
1708263570;18.02.2024;13:39:30;93.493;165.171;218.549;242.1;8.5;522.8;
1708264471;18.02.2024;13:54:31;93.494;165.173;218.555;242.1;8.5;522.8;
1708265371;18.02.2024;14:09:31;93.496;165.177;218.56;242.1;8.5;522.8;
1708266271;18.02.2024;14:24:31;93.497;165.181;218.566;242.1;8.5;522.8;
1708267172;18.02.2024;14:39:32;93.498;165.183;218.572;242.1;8.5;522.8;
1708268072;18.02.2024;14:54:32;93.499;165.185;218.581;242.1;8.5;522.8;
1708268972;18.02.2024;15:09:32;93.501;165.188;218.589;242.1;8.5;522.8;
1708269872;18.02.2024;15:24:32;93.502;165.193;218.595;242.1;8.5;522.8;
1708270773;18.02.2024;15:39:33;93.504;165.196;218.602;242.1;8.5;522.8;
1708271673;18.02.2024;15:54:33;93.505;165.198;218.608;242.1;8.5;522.8;
1708272573;18.02.2024;16:09:33;93.506;165.2;218.613;242.1;8.5;522.8;
1708273474;18.02.2024;16:24:34;93.508;165.204;218.619;242.1;8.5;522.8;
1708274374;18.02.2024;16:39:34;93.509;165.207;218.624;242.1;8.5;522.8;
1708275274;18.02.2024;16:54:34;93.51;165.209;218.631;242.1;8.5;522.8;
1708276175;18.02.2024;17:09:35;93.511;165.211;218.642;242.1;8.5;522.8;
1708277075;18.02.2024;17:24:35;93.513;165.215;218.649;242.1;8.5;522.8;
1708277975;18.02.2024;17:39:35;93.515;165.219;218.655;242.1;8.5;522.8;
1708278876;18.02.2024;17:54:36;93.517;165.222;218.662;242.1;8.5;522.8;
1708279776;18.02.2024;18:09:36;93.519;165.224;218.668;242.1;8.5;522.8;
1708280676;18.02.2024;18:24:36;93.52;165.226;218.673;242.1;8.5;522.8;
1708281577;18.02.2024;18:39:37;93.521;165.23;218.678;242.1;8.5;522.8;
1708282477;18.02.2024;18:54:37;93.522;165.233;218.685;242.1;8.5;522.8;
1708283377;18.02.2024;19:09:37;93.523;165.235;218.692;242.1;8.5;522.8;
1708284278;18.02.2024;19:24:38;93.524;165.235;218.698;242.1;8.5;522.8;
1708285178;18.02.2024;19:39:38;93.525;165.238;218.703;242.1;8.5;522.8;
1708286078;18.02.2024;19:54:38;93.527;165.241;218.709;242.1;8.5;522.8;
1708286979;18.02.2024;20:09:39;93.528;165.244;218.715;242.1;8.5;522.8;
1708287879;18.02.2024;20:24:39;93.53;165.246;218.72;242.1;8.5;522.8;
1708288779;18.02.2024;20:39:39;93.532;165.249;218.726;242.1;8.5;522.8;
1708289679;18.02.2024;20:54:39;93.534;165.253;218.732;242.1;8.5;522.8;
1708290580;18.02.2024;21:09:40;93.535;165.255;218.739;242.1;8.5;522.8;
1708291480;18.02.2024;21:24:40;93.537;165.258;218.747;242.1;8.5;522.8;
1708292380;18.02.2024;21:39:40;93.538;165.26;218.753;242.1;8.5;522.8;
1708293281;18.02.2024;21:54:41;93.539;165.264;218.758;242.1;8.5;522.8;
1708294181;18.02.2024;22:09:41;93.54;165.267;218.764;242.1;8.5;522.8;
1708295081;18.02.2024;22:24:41;93.542;165.269;218.77;242.1;8.5;522.8;
1708295982;18.02.2024;22:39:42;93.543;165.271;218.778;242.1;8.5;522.8;
1708296882;18.02.2024;22:54:42;93.544;165.275;218.785;242.1;8.5;522.8;
1708297782;18.02.2024;23:09:42;93.545;165.278;218.793;242.1;8.5;522.8;
1708298682;18.02.2024;23:24:42;93.547;165.28;218.802;242.1;8.5;522.8;
1708299583;18.02.2024;23:39:43;93.548;165.282;218.808;242.1;8.5;522.8;
1708300483;18.02.2024;23:54:43;93.549;165.284;218.813;242.1;8.5;522.8;
1708301383;19.02.2024;00:09:43;93.55;165.288;218.821;242.1;8.5;522.8;
1708302284;19.02.2024;00:24:44;93.552;165.29;218.83;242.1;8.5;522.8;
1708303184;19.02.2024;00:39:44;93.554;165.292;218.836;242.1;8.5;522.8;
1708304084;19.02.2024;00:54:44;93.556;165.294;218.842;242.1;8.5;522.8;
1708304985;19.02.2024;01:09:45;93.557;165.298;218.847;242.1;8.5;522.8;
1708305885;19.02.2024;01:24:45;93.558;165.301;218.853;242.1;8.5;522.8;
1708306785;19.02.2024;01:39:45;93.559;165.303;218.862;242.1;8.5;522.8;
1708307686;19.02.2024;01:54:46;93.561;165.305;218.868;242.1;8.5;522.8;
1708308586;19.02.2024;02:09:46;93.562;165.308;218.874;242.1;8.5;522.8;
1708309486;19.02.2024;02:24:46;93.563;165.312;218.88;242.1;8.5;522.8;
1708310387;19.02.2024;02:39:47;93.564;165.314;218.886;242.1;8.5;522.8;
1708311287;19.02.2024;02:54:47;93.566;165.316;218.892;242.1;8.5;522.8;
1708312187;19.02.2024;03:09:47;93.573;165.317;218.906;242.1;8.5;522.8;
1708313087;19.02.2024;03:24:47;93.581;165.32;218.938;242.1;8.5;522.8;
1708313988;19.02.2024;03:39:48;93.587;165.325;218.959;242.1;8.5;522.8;
1708314888;19.02.2024;03:54:48;93.592;165.328;218.976;242.1;8.5;522.8;
1708315788;19.02.2024;04:09:48;93.597;165.331;218.992;242.1;8.5;522.8;
1708316689;19.02.2024;04:24:49;93.601;165.335;219.009;242.1;8.5;522.8;
1708317589;19.02.2024;04:39:49;93.606;165.339;219.026;242.1;8.5;522.8;
1708318489;19.02.2024;04:54:49;93.61;165.342;219.043;242.1;8.5;522.8;
1708319390;19.02.2024;05:09:50;93.614;165.346;219.06;242.1;8.5;522.8;
1708320290;19.02.2024;05:24:50;93.619;165.351;219.079;242.1;8.5;522.9;
1708321190;19.02.2024;05:39:50;93.624;165.355;219.098;242.1;8.5;522.9;
1708322090;19.02.2024;05:54:50;93.629;165.359;219.118;242.1;8.5;522.9;
1708322991;19.02.2024;06:09:51;93.634;165.363;219.137;242.1;8.5;523;
1708323891;19.02.2024;06:24:51;93.638;165.366;219.152;242.1;8.5;523;
1708324791;19.02.2024;06:39:51;93.643;165.369;219.167;242.1;8.5;523.1;
1708325692;19.02.2024;06:54:52;93.647;165.372;219.181;242.1;8.5;523.1;
1708326592;19.02.2024;07:09:52;93.651;165.376;219.195;242.1;8.5;523.1;
1708327492;19.02.2024;07:24:52;93.655;165.379;219.21;242.1;8.5;523.1;
1708328393;19.02.2024;07:39:53;93.659;165.382;219.227;242.1;8.5;523.1;
1708329293;19.02.2024;07:54:53;93.663;165.387;219.243;242.1;8.5;523.1;
1708330193;19.02.2024;08:09:53;93.667;165.39;219.257;242.1;8.5;523.1;
1708331094;19.02.2024;08:24:54;93.67;165.394;219.27;242.1;8.5;523.1;
1708331994;19.02.2024;08:39:54;93.673;165.396;219.284;242.1;8.5;523.1;
1708332894;19.02.2024;08:54:54;93.676;165.399;219.298;242.1;8.5;523.1;
1708333795;19.02.2024;09:09:55;93.679;165.402;219.312;242.1;8.5;523.2;
1708334695;19.02.2024;09:24:55;93.682;165.406;219.325;242.1;8.5;523.2;
1708335595;19.02.2024;09:39:55;93.685;165.409;219.338;242.1;8.5;523.2;
1708336496;19.02.2024;09:54:56;93.687;165.411;219.352;242.1;8.5;523.3;
1708337396;19.02.2024;10:09:56;93.689;165.413;219.365;242.1;8.5;523.3;
1708338296;19.02.2024;10:24:56;93.692;165.417;219.378;242.1;8.5;523.3;
1708339197;19.02.2024;10:39:57;93.695;165.42;219.388;242.1;8.5;523.4;
1708340097;19.02.2024;10:54:57;93.697;165.422;219.399;242.1;8.5;523.4;
1708340997;19.02.2024;11:09:57;93.698;165.424;219.413;242.1;8.5;523.4;
1708341898;19.02.2024;11:24:58;93.7;165.427;219.427;242.1;8.5;523.4;
1708342798;19.02.2024;11:39:58;93.702;165.431;219.44;242.1;8.5;523.5;
1708343698;19.02.2024;11:54:58;93.704;165.434;219.453;242.1;8.5;523.6;
1708344598;19.02.2024;12:09:58;93.705;165.437;219.465;242.1;8.5;523.7;
1708345499;19.02.2024;12:24:59;93.706;165.439;219.476;242.1;8.5;523.7;
1708346399;19.02.2024;12:39:59;93.706;165.441;219.486;242.1;8.5;523.9;
1708347299;19.02.2024;12:54:59;93.707;165.444;219.497;242.1;8.5;524;
1708348200;19.02.2024;13:10:00;93.708;165.447;219.507;242.1;8.5;524.1;
1708349100;19.02.2024;13:25:00;93.709;165.449;219.516;242.1;8.5;524.2;
1708350000;19.02.2024;13:40:00;93.71;165.452;219.526;242.1;8.5;524.3;
1708350901;19.02.2024;13:55:01;93.711;165.455;219.535;242.1;8.5;524.3;
1708351801;19.02.2024;14:10:01;93.713;165.458;219.544;242.1;8.5;524.3;
1708352701;19.02.2024;14:25:01;93.714;165.461;219.552;242.1;8.5;524.4;
1708353602;19.02.2024;14:40:02;93.715;165.463;219.562;242.1;8.5;524.4;
1708354502;19.02.2024;14:55:02;93.716;165.467;219.571;242.1;8.5;524.5;
1708355402;19.02.2024;15:10:02;93.718;165.47;219.58;242.1;8.5;524.5;
1708356303;19.02.2024;15:25:03;93.72;165.473;219.587;242.1;8.5;524.6;
1708357203;19.02.2024;15:40:03;93.722;165.476;219.594;242.1;8.5;524.7;
1708358103;19.02.2024;15:55:03;93.724;165.479;219.601;242.1;8.5;524.7;
1708359004;19.02.2024;16:10:04;93.726;165.481;219.607;242.1;8.5;524.8;
1708359904;19.02.2024;16:25:04;93.727;165.484;219.614;242.1;8.5;524.8;
1708360804;19.02.2024;16:40:04;93.728;165.486;219.621;242.1;8.5;524.8;
1708361705;19.02.2024;16:55:05;93.73;165.489;219.629;242.1;8.5;524.9;
1708362605;19.02.2024;17:10:05;93.732;165.492;219.64;242.1;8.5;525;
1708363505;19.02.2024;17:25:05;93.734;165.495;219.653;242.1;8.5;525;
1708364406;19.02.2024;17:40:06;93.737;165.498;219.667;242.1;8.5;525;
1708365306;19.02.2024;17:55:06;93.738;165.502;219.68;242.1;8.5;525.1;
1708366206;19.02.2024;18:10:06;93.74;165.505;219.69;242.1;8.5;525.1;
1708367107;19.02.2024;18:25:07;93.741;165.508;219.7;242.1;8.5;525.2;
1708368007;19.02.2024;18:40:07;93.742;165.51;219.71;242.1;8.5;525.2;
1708368907;19.02.2024;18:55:07;93.742;165.513;219.718;242.1;8.5;525.2;
1708369807;19.02.2024;19:10:07;93.744;165.514;219.724;242.1;8.5;525.2;
1708370708;19.02.2024;19:25:08;93.746;165.514;219.727;242.1;8.5;525.2;
1708371608;19.02.2024;19:40:08;93.747;165.515;219.731;242.1;8.5;525.2;
1708372508;19.02.2024;19:55:08;93.748;165.516;219.735;242.1;8.5;525.2;
1708373409;19.02.2024;20:10:09;93.75;165.519;219.74;242.1;8.5;525.2;
1708374309;19.02.2024;20:25:09;93.751;165.522;219.744;242.1;8.5;525.2;
1708375209;19.02.2024;20:40:09;93.752;165.525;219.749;242.1;8.5;525.2;
1708376110;19.02.2024;20:55:10;93.754;165.527;219.754;242.1;8.5;525.2;
1708377010;19.02.2024;21:10:10;93.755;165.528;219.758;242.1;8.5;525.2;
1708377910;19.02.2024;21:25:10;93.756;165.53;219.763;242.1;8.5;525.2;
1708378811;19.02.2024;21:40:11;93.757;165.533;219.767;242.1;8.5;525.2;
1708379711;19.02.2024;21:55:11;93.758;165.536;219.773;242.1;8.5;525.2;
1708380611;19.02.2024;22:10:11;93.759;165.538;219.778;242.1;8.5;525.2;
1708381512;19.02.2024;22:25:12;93.761;165.54;219.782;242.1;8.5;525.2;
1708382412;19.02.2024;22:40:12;93.762;165.543;219.787;242.1;8.5;525.2;
1708383312;19.02.2024;22:55:12;93.763;165.546;219.793;242.1;8.5;525.2;
1708384213;19.02.2024;23:10:13;93.764;165.548;219.8;242.1;8.5;525.2;
1708385113;19.02.2024;23:25:13;93.765;165.55;219.805;242.1;8.5;525.2;
1708386013;19.02.2024;23:40:13;93.767;165.552;219.809;242.1;8.5;525.2;
1708386914;19.02.2024;23:55:14;93.768;165.556;219.817;242.1;8.5;525.2;
1708387814;20.02.2024;00:10:14;93.769;165.559;219.825;242.1;8.5;525.2;
1708388714;20.02.2024;00:25:14;93.77;165.561;219.83;242.1;8.5;525.2;
1708389614;20.02.2024;00:40:14;93.772;165.563;219.835;242.1;8.5;525.2;
1708390515;20.02.2024;00:55:15;93.773;165.566;219.84;242.1;8.5;525.2;
1708391415;20.02.2024;01:10:15;93.774;165.569;219.844;242.1;8.5;525.2;
1708392315;20.02.2024;01:25:15;93.775;165.572;219.85;242.1;8.5;525.2;
1708393216;20.02.2024;01:40:16;93.777;165.573;219.857;242.1;8.5;525.2;
1708394116;20.02.2024;01:55:16;93.778;165.577;219.863;242.1;8.5;525.2;
1708395016;20.02.2024;02:10:16;93.779;165.581;219.868;242.1;8.5;525.2;
1708395917;20.02.2024;02:25:17;93.78;165.583;219.874;242.1;8.5;525.2;
1708396817;20.02.2024;02:40:17;93.782;165.585;219.879;242.1;8.5;525.2;
1708397717;20.02.2024;02:55:17;93.783;165.588;219.883;242.1;8.5;525.2;
1708398618;20.02.2024;03:10:18;93.791;165.591;219.894;242.1;8.5;525.2;
1708399518;20.02.2024;03:25:18;93.798;165.595;219.923;242.1;8.5;525.2;
1708400418;20.02.2024;03:40:18;93.804;165.602;219.944;242.1;8.5;525.2;
1708401318;20.02.2024;03:55:18;93.81;165.607;219.962;242.1;8.5;525.2;
1708402219;20.02.2024;04:10:19;93.814;165.61;219.976;242.1;8.5;525.2;
1708403119;20.02.2024;04:25:19;93.818;165.613;219.99;242.1;8.5;525.2;
1708404019;20.02.2024;04:40:19;93.823;165.617;220.004;242.1;8.5;525.2;
1708404920;20.02.2024;04:55:20;93.827;165.621;220.018;242.1;8.5;525.2;
1708405820;20.02.2024;05:10:20;93.831;165.626;220.031;242.1;8.5;525.2;
1708406720;20.02.2024;05:25:20;93.836;165.632;220.044;242.1;8.5;525.2;
1708407621;20.02.2024;05:40:21;93.841;165.637;220.058;242.1;8.5;525.3;
1708408521;20.02.2024;05:55:21;93.846;165.641;220.071;242.1;8.5;525.3;
1708409421;20.02.2024;06:10:21;93.849;165.644;220.083;242.1;8.5;525.3;
1708410321;20.02.2024;06:25:21;93.853;165.647;220.093;242.1;8.5;525.3;
1708411222;20.02.2024;06:40:22;93.857;165.651;220.103;242.1;8.5;525.3;
1708412122;20.02.2024;06:55:22;93.86;165.655;220.115;242.1;8.5;525.4;
1708413022;20.02.2024;07:10:22;93.863;165.66;220.127;242.1;8.5;525.4;
1708413923;20.02.2024;07:25:23;93.866;165.664;220.139;242.1;8.5;525.4;
1708414823;20.02.2024;07:40:23;93.868;165.668;220.15;242.1;8.5;525.4;
1708415723;20.02.2024;07:55:23;93.871;165.672;220.161;242.1;8.5;525.4;
1708416624;20.02.2024;08:10:24;93.873;165.675;220.175;242.1;8.5;525.4;
1708417524;20.02.2024;08:25:24;93.876;165.679;220.188;242.1;8.5;525.4;
1708418424;20.02.2024;08:40:24;93.879;165.684;220.198;242.1;8.5;525.6;
1708419324;20.02.2024;08:55:24;93.883;165.688;220.208;242.1;8.5;525.7;
1708420225;20.02.2024;09:10:25;93.886;165.693;220.217;242.1;8.5;525.7;
1708421125;20.02.2024;09:25:25;93.889;165.697;220.226;242.1;8.5;525.7;
1708422025;20.02.2024;09:40:25;93.891;165.699;220.238;242.1;8.5;525.7;
1708422926;20.02.2024;09:55:26;93.892;165.702;220.252;242.1;8.5;525.8;
1708423826;20.02.2024;10:10:26;93.894;165.706;220.264;242.1;8.5;525.8;
1708424726;20.02.2024;10:25:26;93.896;165.711;220.276;242.1;8.5;525.8;
1708425627;20.02.2024;10:40:27;93.897;165.714;220.287;242.1;8.5;525.9;
1708426527;20.02.2024;10:55:27;93.899;165.718;220.299;242.1;8.5;525.9;
1708427427;20.02.2024;11:10:27;93.9;165.721;220.31;242.1;8.5;526.1;
1708428328;20.02.2024;11:25:28;93.902;165.724;220.321;242.1;8.5;526.2;
1708429228;20.02.2024;11:40:28;93.903;165.728;220.332;242.1;8.5;526.2;
1708430128;20.02.2024;11:55:28;93.905;165.732;220.342;242.1;8.5;526.3;
1708431028;20.02.2024;12:10:28;93.907;165.735;220.353;242.1;8.5;526.4;
1708431929;20.02.2024;12:25:29;93.908;165.737;220.366;242.1;8.5;526.4;
1708432829;20.02.2024;12:40:29;93.909;165.741;220.379;242.1;8.5;526.5;
1708433729;20.02.2024;12:55:29;93.911;165.746;220.39;242.1;8.5;526.5;
1708434630;20.02.2024;13:10:30;93.912;165.75;220.399;242.1;8.5;526.5;
1708435530;20.02.2024;13:25:30;93.914;165.752;220.407;242.1;8.5;526.6;
1708436430;20.02.2024;13:40:30;93.915;165.755;220.418;242.1;8.5;526.6;
1708437331;20.02.2024;13:55:31;93.916;165.758;220.429;242.1;8.5;526.7;
1708438231;20.02.2024;14:10:31;93.917;165.762;220.439;242.1;8.5;526.8;
1708439131;20.02.2024;14:25:31;93.918;165.766;220.448;242.1;8.5;526.9;
1708440032;20.02.2024;14:40:32;93.919;165.769;220.455;242.1;8.5;526.9;
1708440932;20.02.2024;14:55:32;93.92;165.772;220.462;242.1;8.5;527;
1708441832;20.02.2024;15:10:32;93.922;165.776;220.469;242.1;8.5;527;
1708442733;20.02.2024;15:25:33;93.923;165.778;220.476;242.1;8.5;527.1;
1708443633;20.02.2024;15:40:33;93.924;165.782;220.483;242.1;8.5;527.1;
1708444533;20.02.2024;15:55:33;93.926;165.785;220.491;242.1;8.5;527.2;
1708445434;20.02.2024;16:10:34;93.927;165.788;220.499;242.1;8.5;527.2;
1708446334;20.02.2024;16:25:34;93.929;165.792;220.507;242.1;8.5;527.3;
1708447234;20.02.2024;16:40:34;93.931;165.796;220.515;242.1;8.5;527.3;
1708448134;20.02.2024;16:55:34;93.933;165.799;220.522;242.1;8.5;527.3;
1708449035;20.02.2024;17:10:35;93.935;165.802;220.528;242.1;8.5;527.3;
1708449935;20.02.2024;17:25:35;93.938;165.805;220.535;242.1;8.5;527.4;
1708450835;20.02.2024;17:40:35;93.94;165.808;220.542;242.1;8.5;527.4;
1708451736;20.02.2024;17:55:36;93.942;165.812;220.549;242.1;8.5;527.4;
1708452636;20.02.2024;18:10:36;93.944;165.816;220.558;242.1;8.5;527.4;
1708453536;20.02.2024;18:25:36;93.945;165.819;220.567;242.1;8.5;527.4;
1708454437;20.02.2024;18:40:37;93.946;165.823;220.575;242.1;8.5;527.5;
1708455337;20.02.2024;18:55:37;93.946;165.825;220.583;242.1;8.5;527.5;
1708456237;20.02.2024;19:10:37;93.948;165.827;220.588;242.1;8.5;527.5;
1708457138;20.02.2024;19:25:38;93.949;165.828;220.591;242.1;8.5;527.5;
1708458038;20.02.2024;19:40:38;93.951;165.829;220.594;242.1;8.5;527.5;
1708458938;20.02.2024;19:55:38;93.952;165.831;220.598;242.1;8.5;527.5;
1708459839;20.02.2024;20:10:39;93.953;165.833;220.602;242.1;8.5;527.5;
1708460739;20.02.2024;20:25:39;93.955;165.835;220.607;242.1;8.5;527.5;
1708461639;20.02.2024;20:40:39;93.956;165.838;220.613;242.1;8.5;527.5;
1708462540;20.02.2024;20:55:40;93.957;165.841;220.619;242.1;8.5;527.5;
1708463440;20.02.2024;21:10:40;93.958;165.842;220.624;242.1;8.5;527.5;
1708464340;20.02.2024;21:25:40;93.96;165.845;220.629;242.1;8.5;527.5;
1708465240;20.02.2024;21:40:40;93.961;165.848;220.634;242.1;8.5;527.5;
1708466141;20.02.2024;21:55:41;93.962;165.85;220.639;242.1;8.5;527.5;
1708467041;20.02.2024;22:10:41;93.963;165.853;220.646;242.1;8.5;527.5;
1708467941;20.02.2024;22:25:41;93.964;165.855;220.652;242.1;8.5;527.5;
1708468842;20.02.2024;22:40:42;93.966;165.859;220.657;242.1;8.5;527.5;
1708469742;20.02.2024;22:55:42;93.967;165.861;220.662;242.1;8.5;527.5;
1708470642;20.02.2024;23:10:42;93.968;165.864;220.667;242.1;8.5;527.5;
1708471543;20.02.2024;23:25:43;93.969;165.866;220.673;242.1;8.5;527.5;
1708472443;20.02.2024;23:40:43;93.97;165.87;220.678;242.1;8.5;527.5;
1708473343;20.02.2024;23:55:43;93.972;165.872;220.684;242.1;8.5;527.5;
1708474243;21.02.2024;00:10:43;93.973;165.875;220.691;242.1;8.5;527.5;
1708475144;21.02.2024;00:25:44;93.974;165.877;220.697;242.1;8.5;527.5;
1708476044;21.02.2024;00:40:44;93.975;165.881;220.702;242.1;8.5;527.5;
1708476944;21.02.2024;00:55:44;93.976;165.884;220.707;242.1;8.5;527.5;
1708477845;21.02.2024;01:10:45;93.978;165.886;220.712;242.1;8.5;527.5;
1708478745;21.02.2024;01:25:45;93.979;165.889;220.717;242.1;8.5;527.5;
1708479645;21.02.2024;01:40:45;93.98;165.892;220.724;242.1;8.5;527.5;
1708480546;21.02.2024;01:55:46;93.981;165.896;220.731;242.1;8.5;527.5;
1708481446;21.02.2024;02:10:46;93.983;165.899;220.737;242.1;8.5;527.5;
1708482346;21.02.2024;02:25:46;93.984;165.901;220.743;242.1;8.5;527.5;
1708483247;21.02.2024;02:40:47;93.985;165.904;220.748;242.1;8.5;527.5;
1708484147;21.02.2024;02:55:47;93.987;165.908;220.753;242.1;8.5;527.5;
1708485047;21.02.2024;03:10:47;93.995;165.911;220.767;242.1;8.5;527.5;
1708485947;21.02.2024;03:25:47;94.002;165.916;220.794;242.1;8.5;527.5;
1708486848;21.02.2024;03:40:48;94.009;165.923;220.814;242.1;8.5;527.5;
1708487748;21.02.2024;03:55:48;94.014;165.929;220.83;242.1;8.5;527.5;
1708488648;21.02.2024;04:10:48;94.019;165.933;220.845;242.1;8.5;527.5;
1708489549;21.02.2024;04:25:49;94.023;165.938;220.86;242.1;8.5;527.5;
1708490449;21.02.2024;04:40:49;94.028;165.943;220.875;242.1;8.5;527.5;
1708491349;21.02.2024;04:55:49;94.032;165.948;220.89;242.1;8.5;527.5;
1708492250;21.02.2024;05:10:50;94.037;165.954;220.904;242.1;8.5;527.5;
1708493150;21.02.2024;05:25:50;94.041;165.96;220.919;242.1;8.5;527.5;
1708494050;21.02.2024;05:40:50;94.046;165.966;220.934;242.1;8.5;527.5;
1708494950;21.02.2024;05:55:50;94.051;165.971;220.948;242.1;8.5;527.5;
1708495851;21.02.2024;06:10:51;94.055;165.975;220.961;242.1;8.5;527.6;
1708496751;21.02.2024;06:25:51;94.059;165.98;220.973;242.1;8.5;527.6;
1708497651;21.02.2024;06:40:51;94.064;165.985;220.985;242.1;8.5;527.6;
1708498552;21.02.2024;06:55:52;94.068;165.991;220.997;242.1;8.5;527.7;
1708499452;21.02.2024;07:10:52;94.072;165.997;221.009;242.1;8.5;527.7;
1708500352;21.02.2024;07:25:52;94.075;166.002;221.022;242.1;8.5;527.7;
1708501253;21.02.2024;07:40:53;94.078;166.007;221.035;242.1;8.5;527.7;
1708502153;21.02.2024;07:55:53;94.081;166.011;221.05;242.1;8.5;527.7;
1708503053;21.02.2024;08:10:53;94.084;166.017;221.065;242.1;8.5;527.7;
1708503953;21.02.2024;08:25:53;94.088;166.023;221.078;242.1;8.5;527.8;
1708504854;21.02.2024;08:40:54;94.09;166.028;221.089;242.1;8.5;528;
1708505754;21.02.2024;08:55:54;94.093;166.032;221.098;242.1;8.5;528.1;
1708506654;21.02.2024;09:10:54;94.097;166.036;221.11;242.1;8.5;528.3;
1708507555;21.02.2024;09:25:55;94.102;166.041;221.122;242.1;8.5;528.4;
1708508455;21.02.2024;09:40:55;94.106;166.047;221.133;242.1;8.5;528.6;
1708509355;21.02.2024;09:55:55;94.11;166.051;221.146;242.1;8.5;528.7;
1708510255;21.02.2024;10:10:55;94.113;166.055;221.159;242.1;8.5;528.7;
1708511156;21.02.2024;10:25:56;94.115;166.06;221.172;242.1;8.5;528.7;
1708512056;21.02.2024;10:40:56;94.117;166.064;221.185;242.1;8.5;528.8;
1708512956;21.02.2024;10:55:56;94.12;166.069;221.2;242.1;8.5;528.9;
1708513857;21.02.2024;11:10:57;94.123;166.073;221.212;242.1;8.5;529;
1708514757;21.02.2024;11:25:57;94.125;166.076;221.225;242.1;8.5;529.1;
1708515657;21.02.2024;11:40:57;94.127;166.08;221.237;242.1;8.5;529.2;
1708516558;21.02.2024;11:55:58;94.129;166.085;221.249;242.1;8.5;529.3;
1708517458;21.02.2024;12:10:58;94.131;166.09;221.262;242.1;8.5;529.3;
1708518358;21.02.2024;12:25:58;94.132;166.093;221.274;242.1;8.5;529.4;
1708519259;21.02.2024;12:40:59;94.134;166.097;221.284;242.1;8.5;529.4;
1708520160;21.02.2024;12:56:00;94.135;166.1;221.294;242.1;8.5;529.5;
1708521061;21.02.2024;13:11:01;94.137;166.104;221.301;242.1;8.5;529.5;
1708521961;21.02.2024;13:26:01;94.138;166.107;221.308;242.1;8.5;529.5;
1708522861;21.02.2024;13:41:01;94.14;166.11;221.316;242.1;8.5;529.6;
1708523762;21.02.2024;13:56:02;94.142;166.113;221.324;242.1;8.5;529.6;
1708524662;21.02.2024;14:11:02;94.143;166.116;221.332;242.1;8.5;529.7;
1708525562;21.02.2024;14:26:02;94.145;166.12;221.339;242.1;8.5;529.7;
1708526463;21.02.2024;14:41:03;94.146;166.123;221.347;242.1;8.5;529.8;
1708527363;21.02.2024;14:56:03;94.148;166.126;221.354;242.1;8.5;529.8;
1708528263;21.02.2024;15:11:03;94.149;166.129;221.361;242.1;8.5;529.9;
1708529163;21.02.2024;15:26:03;94.15;166.132;221.368;242.1;8.5;530;
1708530064;21.02.2024;15:41:04;94.151;166.135;221.377;242.1;8.5;530;
1708530964;21.02.2024;15:56:04;94.153;166.139;221.385;242.1;8.5;530.1;
1708531864;21.02.2024;16:11:04;94.154;166.143;221.393;242.1;8.5;530.1;
1708532765;21.02.2024;16:26:05;94.155;166.146;221.4;242.1;8.5;530.1;
1708533665;21.02.2024;16:41:05;94.157;166.149;221.406;242.1;8.5;530.2;
1708534565;21.02.2024;16:56:05;94.159;166.152;221.412;242.1;8.5;530.2;
1708535465;21.02.2024;17:11:05;94.161;166.155;221.419;242.1;8.5;530.2;
1708536366;21.02.2024;17:26:06;94.164;166.158;221.426;242.1;8.5;530.3;
1708537266;21.02.2024;17:41:06;94.166;166.162;221.433;242.1;8.5;530.3;
1708538166;21.02.2024;17:56:06;94.169;166.164;221.442;242.1;8.5;530.3;
1708539067;21.02.2024;18:11:07;94.171;166.168;221.45;242.1;8.5;530.4;
1708539967;21.02.2024;18:26:07;94.173;166.172;221.458;242.1;8.5;530.5;
1708540867;21.02.2024;18:41:07;94.174;166.175;221.466;242.1;8.5;530.5;
1708541768;21.02.2024;18:56:08;94.176;166.177;221.472;242.1;8.5;530.5;
1708542668;21.02.2024;19:11:08;94.177;166.18;221.476;242.1;8.5;530.6;
1708543568;21.02.2024;19:26:08;94.18;166.18;221.479;242.1;8.5;530.6;
1708544468;21.02.2024;19:41:08;94.181;166.181;221.483;242.1;8.5;530.6;
1708545369;21.02.2024;19:56:09;94.183;166.183;221.486;242.1;8.5;530.7;
1708546269;21.02.2024;20:11:09;94.184;166.186;221.49;242.1;8.5;530.7;
1708547169;21.02.2024;20:26:09;94.186;166.188;221.493;242.1;8.5;530.8;
1708548070;21.02.2024;20:41:10;94.187;166.19;221.497;242.1;8.5;530.8;
1708548970;21.02.2024;20:56:10;94.189;166.192;221.501;242.1;8.5;530.8;
1708549870;21.02.2024;21:11:10;94.19;166.194;221.506;242.1;8.5;530.9;
1708550771;21.02.2024;21:26:11;94.191;166.198;221.511;242.1;8.5;530.9;
1708551671;21.02.2024;21:41:11;94.193;166.2;221.516;242.1;8.5;531;
1708552571;21.02.2024;21:56:11;94.194;166.202;221.52;242.1;8.5;531;
1708553471;21.02.2024;22:11:11;94.196;166.204;221.524;242.1;8.5;531.1;
1708554372;21.02.2024;22:26:12;94.197;166.208;221.529;242.1;8.5;531.2;
1708555272;21.02.2024;22:41:12;94.198;166.211;221.534;242.1;8.5;531.2;
1708556172;21.02.2024;22:56:12;94.2;166.213;221.539;242.1;8.5;531.3;
1708557073;21.02.2024;23:11:13;94.201;166.215;221.544;242.1;8.5;531.4;
1708557973;21.02.2024;23:26:13;94.203;166.218;221.549;242.1;8.5;531.4;
1708558873;21.02.2024;23:41:13;94.204;166.221;221.555;242.1;8.5;531.4;
1708559774;21.02.2024;23:56:14;94.206;166.223;221.559;242.1;8.5;531.5;
1708560674;22.02.2024;00:11:14;94.207;166.225;221.564;242.1;8.5;531.5;
1708561574;22.02.2024;00:26:14;94.209;166.228;221.568;242.1;8.5;531.5;
1708562475;22.02.2024;00:41:15;94.21;166.231;221.573;242.1;8.5;531.5;
1708563375;22.02.2024;00:56:15;94.211;166.234;221.577;242.1;8.5;531.5;
1708564275;22.02.2024;01:11:15;94.212;166.236;221.582;242.1;8.5;531.5;
1708565175;22.02.2024;01:26:15;94.214;166.238;221.586;242.1;8.5;531.5;
1708566076;22.02.2024;01:41:16;94.215;166.242;221.59;242.1;8.5;531.5;
1708566976;22.02.2024;01:56:16;94.217;166.244;221.595;242.1;8.5;531.5;
1708567876;22.02.2024;02:11:16;94.218;166.246;221.6;242.1;8.5;531.5;
1708568777;22.02.2024;02:26:17;94.22;166.248;221.604;242.1;8.5;531.5;
1708569677;22.02.2024;02:41:17;94.221;166.252;221.609;242.1;8.5;531.5;
1708570577;22.02.2024;02:56:17;94.223;166.254;221.613;242.1;8.5;531.5;
1708571477;22.02.2024;03:11:17;94.231;166.256;221.627;242.1;8.5;531.5;
1708572378;22.02.2024;03:26:18;94.238;166.261;221.652;242.1;8.5;531.5;
1708573278;22.02.2024;03:41:18;94.243;166.266;221.67;242.1;8.5;531.5;
1708574178;22.02.2024;03:56:18;94.248;166.27;221.683;242.1;8.5;531.5;
1708575079;22.02.2024;04:11:19;94.252;166.273;221.694;242.1;8.5;531.5;
1708575979;22.02.2024;04:26:19;94.257;166.276;221.706;242.1;8.5;531.5;
1708576879;22.02.2024;04:41:19;94.261;166.28;221.717;242.1;8.5;531.5;
1708577780;22.02.2024;04:56:20;94.266;166.284;221.729;242.1;8.5;531.5;
1708578680;22.02.2024;05:11:20;94.27;166.289;221.74;242.1;8.5;531.5;
1708579580;22.02.2024;05:26:20;94.275;166.294;221.753;242.1;8.5;531.5;
1708580480;22.02.2024;05:41:20;94.28;166.298;221.767;242.1;8.5;531.5;
1708581381;22.02.2024;05:56:21;94.284;166.302;221.78;242.1;8.5;531.5;
1708582281;22.02.2024;06:11:21;94.288;166.306;221.793;242.1;8.5;531.5;
1708583181;22.02.2024;06:26:21;94.292;166.309;221.804;242.1;8.5;531.6;
1708584082;22.02.2024;06:41:22;94.295;166.312;221.815;242.1;8.5;531.6;
1708584982;22.02.2024;06:56:22;94.298;166.316;221.824;242.1;8.5;531.7;
1708585882;22.02.2024;07:11:22;94.301;166.319;221.833;242.1;8.5;531.7;
1708586782;22.02.2024;07:26:22;94.304;166.322;221.842;242.1;8.5;531.7;
1708587683;22.02.2024;07:41:23;94.305;166.325;221.853;242.1;8.5;531.7;
1708588583;22.02.2024;07:56:23;94.307;166.328;221.863;242.1;8.5;531.7;
1708589483;22.02.2024;08:11:23;94.309;166.332;221.873;242.1;8.5;531.8;
1708590384;22.02.2024;08:26:24;94.311;166.335;221.883;242.1;8.5;531.8;
1708591284;22.02.2024;08:41:24;94.314;166.337;221.895;242.1;8.5;531.8;
1708592184;22.02.2024;08:56:24;94.316;166.341;221.907;242.1;8.5;531.8;
1708593085;22.02.2024;09:11:25;94.318;166.345;221.917;242.1;8.5;531.8;
1708593985;22.02.2024;09:26:25;94.321;166.349;221.926;242.1;8.5;531.8;
1708594885;22.02.2024;09:41:25;94.323;166.351;221.936;242.1;8.5;531.9;
1708595785;22.02.2024;09:56:25;94.325;166.354;221.949;242.1;8.5;531.9;
1708596686;22.02.2024;10:11:26;94.328;166.358;221.96;242.1;8.5;531.9;
1708597586;22.02.2024;10:26:26;94.33;166.36;221.971;242.1;8.5;532;
1708598486;22.02.2024;10:41:26;94.333;166.364;221.98;242.1;8.5;532;
1708599387;22.02.2024;10:56:27;94.336;166.368;221.989;242.1;8.5;532;
1708600287;22.02.2024;11:11:27;94.338;166.37;221.997;242.1;8.5;532.1;
1708601187;22.02.2024;11:26:27;94.339;166.372;222.005;242.1;8.5;532.1;
1708602088;22.02.2024;11:41:28;94.341;166.376;222.014;242.1;8.5;532.1;
1708602988;22.02.2024;11:56:28;94.343;166.38;222.021;242.1;8.5;532.2;
1708603888;22.02.2024;12:11:28;94.346;166.382;222.029;242.1;8.5;532.2;
1708604789;22.02.2024;12:26:29;94.349;166.386;222.036;242.1;8.5;532.2;
1708605689;22.02.2024;12:41:29;94.35;166.389;222.043;242.1;8.5;532.2;
1708606589;22.02.2024;12:56:29;94.352;166.391;222.05;242.1;8.5;532.3;
1708607489;22.02.2024;13:11:29;94.354;166.394;222.056;242.1;8.5;532.3;
1708608390;22.02.2024;13:26:30;94.356;166.397;222.064;242.1;8.5;532.4;
1708609290;22.02.2024;13:41:30;94.357;166.4;222.072;242.1;8.5;532.4;
1708610190;22.02.2024;13:56:30;94.359;166.404;222.08;242.1;8.5;532.4;
1708611091;22.02.2024;14:11:31;94.361;166.406;222.088;242.1;8.5;532.5;
1708611991;22.02.2024;14:26:31;94.363;166.409;222.099;242.1;8.5;532.5;
1708612891;22.02.2024;14:41:31;94.365;166.412;222.107;242.1;8.5;532.5;
1708613792;22.02.2024;14:56:32;94.367;166.416;222.115;242.1;8.5;532.5;
1708614692;22.02.2024;15:11:32;94.368;166.419;222.123;242.1;8.5;532.5;
1708615592;22.02.2024;15:26:32;94.37;166.422;222.131;242.1;8.5;532.5;
1708616492;22.02.2024;15:41:32;94.372;166.426;222.138;242.1;8.5;532.6;
1708617393;22.02.2024;15:56:33;94.374;166.429;222.146;242.1;8.5;532.6;
1708618293;22.02.2024;16:11:33;94.376;166.432;222.153;242.1;8.5;532.6;
1708619193;22.02.2024;16:26:33;94.378;166.435;222.161;242.1;8.5;532.6;
1708620094;22.02.2024;16:41:34;94.38;166.437;222.168;242.1;8.5;532.6;
1708620994;22.02.2024;16:56:34;94.382;166.44;222.177;242.1;8.5;532.6;
1708621894;22.02.2024;17:11:34;94.383;166.443;222.186;242.1;8.5;532.7;
1708622795;22.02.2024;17:26:35;94.385;166.446;222.196;242.1;8.5;532.7;
1708623695;22.02.2024;17:41:35;94.388;166.45;222.209;242.1;8.5;532.7;
1708624595;22.02.2024;17:56:35;94.391;166.454;222.22;242.1;8.5;532.7;
1708625495;22.02.2024;18:11:35;94.393;166.457;222.232;242.1;8.5;532.7;
1708626396;22.02.2024;18:26:36;94.395;166.461;222.241;242.1;8.5;532.8;
1708627296;22.02.2024;18:41:36;94.397;166.464;222.249;242.1;8.5;532.8;
1708628196;22.02.2024;18:56:36;94.399;166.467;222.254;242.1;8.5;532.8;
1708629097;22.02.2024;19:11:37;94.4;166.469;222.259;242.1;8.5;532.8;
1708629997;22.02.2024;19:26:37;94.401;166.47;222.268;242.1;8.5;532.8;
1708630897;22.02.2024;19:41:37;94.403;166.472;222.273;242.1;8.5;532.8;
1708631798;22.02.2024;19:56:38;94.405;166.475;222.278;242.1;8.5;532.8;
1708632698;22.02.2024;20:11:38;94.406;166.477;222.282;242.1;8.5;532.8;
1708633598;22.02.2024;20:26:38;94.408;166.479;222.286;242.1;8.5;532.8;
1708634498;22.02.2024;20:41:38;94.409;166.481;222.291;242.1;8.5;532.8;
1708635399;22.02.2024;20:56:39;94.411;166.483;222.296;242.1;8.5;532.8;
1708636299;22.02.2024;21:11:39;94.412;166.487;222.301;242.1;8.5;532.8;
1708637199;22.02.2024;21:26:39;94.414;166.49;222.306;242.1;8.5;532.8;
1708638100;22.02.2024;21:41:40;94.416;166.492;222.31;242.1;8.5;532.8;
1708639000;22.02.2024;21:56:40;94.417;166.494;222.315;242.1;8.5;532.8;
1708639900;22.02.2024;22:11:40;94.419;166.497;222.319;242.1;8.5;532.8;
1708640800;22.02.2024;22:26:40;94.42;166.501;222.325;242.1;8.5;532.8;
1708641701;22.02.2024;22:41:41;94.422;166.504;222.33;242.1;8.5;532.8;
1708642601;22.02.2024;22:56:41;94.424;166.506;222.335;242.1;8.5;532.8;
1708643501;22.02.2024;23:11:41;94.425;166.509;222.339;242.1;8.5;532.8;
1708644402;22.02.2024;23:26:42;94.427;166.512;222.344;242.1;8.5;532.8;
1708645302;22.02.2024;23:41:42;94.429;166.516;222.349;242.1;8.5;532.8;
1708646202;22.02.2024;23:56:42;94.43;166.518;222.354;242.1;8.5;532.8;
1708647103;23.02.2024;00:11:43;94.432;166.52;222.359;242.1;8.5;532.8;
1708648003;23.02.2024;00:26:43;94.433;166.524;222.364;242.1;8.5;532.8;
1708648903;23.02.2024;00:41:43;94.435;166.528;222.37;242.1;8.5;532.8;
1708649803;23.02.2024;00:56:43;94.437;166.531;222.376;242.1;8.5;532.8;
1708650704;23.02.2024;01:11:44;94.439;166.533;222.381;242.1;8.5;532.8;
1708651604;23.02.2024;01:26:44;94.44;166.536;222.385;242.1;8.5;532.8;
1708652504;23.02.2024;01:41:44;94.442;166.54;222.39;242.1;8.5;532.8;
1708653405;23.02.2024;01:56:45;94.444;166.543;222.396;242.1;8.5;532.8;
1708654305;23.02.2024;02:11:45;94.447;166.546;222.403;242.1;8.5;532.8;
1708655205;23.02.2024;02:26:45;94.449;166.55;222.408;242.1;8.5;532.8;
1708656106;23.02.2024;02:41:46;94.451;166.553;222.412;242.1;8.5;532.8;
1708657006;23.02.2024;02:56:46;94.454;166.557;222.417;242.1;8.5;532.8;
1708657906;23.02.2024;03:11:46;94.462;166.56;222.434;242.1;8.5;532.8;
1708658806;23.02.2024;03:26:46;94.468;166.565;222.465;242.1;8.5;532.8;
1708659707;23.02.2024;03:41:47;94.474;166.573;222.487;242.1;8.5;532.8;
1708660607;23.02.2024;03:56:47;94.48;166.579;222.506;242.1;8.5;532.8;
1708661507;23.02.2024;04:11:47;94.485;166.585;222.523;242.1;8.5;532.8;
1708662408;23.02.2024;04:26:48;94.49;166.589;222.54;242.1;8.5;532.8;
1708663308;23.02.2024;04:41:48;94.495;166.594;222.556;242.1;8.5;532.8;
1708664208;23.02.2024;04:56:48;94.499;166.6;222.573;242.1;8.5;532.8;
1708665109;23.02.2024;05:11:49;94.504;166.606;222.59;242.1;8.5;532.8;
1708666009;23.02.2024;05:26:49;94.509;166.612;222.606;242.1;8.5;532.8;
1708666909;23.02.2024;05:41:49;94.514;166.618;222.623;242.1;8.5;532.8;
1708667809;23.02.2024;05:56:49;94.519;166.623;222.639;242.1;8.5;532.9;
1708668710;23.02.2024;06:11:50;94.523;166.628;222.654;242.1;8.5;532.9;
1708669610;23.02.2024;06:26:50;94.528;166.633;222.668;242.1;8.5;532.9;
1708670510;23.02.2024;06:41:50;94.532;166.638;222.683;242.1;8.5;532.9;
1708671411;23.02.2024;06:56:51;94.536;166.643;222.702;242.1;8.5;533;
1708672311;23.02.2024;07:11:51;94.541;166.649;222.717;242.1;8.5;533;
1708673211;23.02.2024;07:26:51;94.545;166.655;222.732;242.1;8.5;533;
1708674112;23.02.2024;07:41:52;94.548;166.659;222.749;242.1;8.5;533;
1708675012;23.02.2024;07:56:52;94.551;166.665;222.765;242.1;8.5;533;
1708675912;23.02.2024;08:11:52;94.554;166.67;222.779;242.1;8.5;533;
1708676813;23.02.2024;08:26:53;94.556;166.675;222.792;242.1;8.5;533;
1708677713;23.02.2024;08:41:53;94.559;166.679;222.807;242.1;8.5;533;
1708678613;23.02.2024;08:56:53;94.562;166.684;222.82;242.1;8.5;533;
1708679514;23.02.2024;09:11:54;94.566;166.688;222.832;242.1;8.5;533.1;
1708680414;23.02.2024;09:26:54;94.569;166.693;222.844;242.1;8.5;533.1;
1708681314;23.02.2024;09:41:54;94.572;166.698;222.858;242.1;8.5;533.1;
1708682214;23.02.2024;09:56:54;94.575;166.702;222.869;242.1;8.5;533.1;
1708683115;23.02.2024;10:11:55;94.577;166.705;222.879;242.1;8.5;533.2;
1708684015;23.02.2024;10:26:55;94.579;166.712;222.895;242.1;8.5;533.2;
1708684915;23.02.2024;10:41:55;94.582;166.719;222.911;242.1;8.5;533.3;
1708685816;23.02.2024;10:56:56;94.585;166.724;222.923;242.1;8.5;533.3;
1708686716;23.02.2024;11:11:56;94.587;166.727;222.933;242.1;8.5;533.3;
1708687616;23.02.2024;11:26:56;94.589;166.729;222.942;242.1;8.5;533.4;
1708688516;23.02.2024;11:41:56;94.591;166.731;222.949;242.1;8.5;533.5;
1708689417;23.02.2024;11:56:57;94.592;166.735;222.958;242.1;8.5;533.5;
1708690317;23.02.2024;12:11:57;94.594;166.739;222.967;242.1;8.5;533.5;
1708691217;23.02.2024;12:26:57;94.596;166.743;222.976;242.1;8.5;533.5;
1708692118;23.02.2024;12:41:58;94.598;166.747;222.985;242.1;8.5;533.6;
1708693018;23.02.2024;12:56:58;94.6;166.752;222.995;242.1;8.5;533.6;
1708693918;23.02.2024;13:11:58;94.602;166.755;223.003;242.1;8.5;533.7;
1708694819;23.02.2024;13:26:59;94.604;166.759;223.012;242.1;8.5;533.8;
1708695719;23.02.2024;13:41:59;94.605;166.762;223.02;242.1;8.5;533.8;
1708696619;23.02.2024;13:56:59;94.607;166.766;223.028;242.1;8.5;533.8;
1708697520;23.02.2024;14:12:00;94.608;166.77;223.036;242.1;8.5;533.9;
1708698420;23.02.2024;14:27:00;94.609;166.773;223.044;242.1;8.5;533.9;
1708699320;23.02.2024;14:42:00;94.611;166.776;223.055;242.1;8.5;534;
1708700220;23.02.2024;14:57:00;94.612;166.779;223.066;242.1;8.5;534;
1708701121;23.02.2024;15:12:01;94.614;166.784;223.076;242.1;8.5;534.1;
1708702021;23.02.2024;15:27:01;94.616;166.788;223.085;242.1;8.5;534.1;
1708702921;23.02.2024;15:42:01;94.617;166.792;223.094;242.1;8.5;534.2;
1708703822;23.02.2024;15:57:02;94.619;166.797;223.102;242.1;8.5;534.2;
1708704722;23.02.2024;16:12:02;94.622;166.801;223.11;242.1;8.5;534.2;
1708705622;23.02.2024;16:27:02;94.624;166.805;223.119;242.1;8.5;534.3;
1708706523;23.02.2024;16:42:03;94.626;166.81;223.127;242.1;8.5;534.3;
1708707423;23.02.2024;16:57:03;94.629;166.814;223.135;242.1;8.5;534.3;
1708708323;23.02.2024;17:12:03;94.631;166.819;223.142;242.1;8.5;534.3;
1708709224;23.02.2024;17:27:04;94.634;166.823;223.15;242.1;8.5;534.3;
1708710124;23.02.2024;17:42:04;94.636;166.828;223.157;242.1;8.5;534.3;
1708711024;23.02.2024;17:57:04;94.64;166.832;223.165;242.1;8.5;534.3;
1708711924;23.02.2024;18:12:04;94.645;166.836;223.174;242.1;8.5;534.4;
1708712825;23.02.2024;18:27:05;94.648;166.841;223.183;242.1;8.5;534.4;
1708713725;23.02.2024;18:42:05;94.65;166.847;223.192;242.1;8.5;534.4;
1708714625;23.02.2024;18:57:05;94.651;166.85;223.201;242.1;8.5;534.4;
1708715526;23.02.2024;19:12:06;94.653;166.851;223.206;242.1;8.5;534.4;
1708716426;23.02.2024;19:27:06;94.654;166.852;223.21;242.1;8.5;534.4;
1708717326;23.02.2024;19:42:06;94.655;166.853;223.214;242.1;8.5;534.4;
1708718227;23.02.2024;19:57:07;94.656;166.856;223.219;242.1;8.5;534.4;
1708719127;23.02.2024;20:12:07;94.658;166.859;223.225;242.1;8.5;534.4;
1708720027;23.02.2024;20:27:07;94.659;166.862;223.23;242.1;8.5;534.4;
1708720927;23.02.2024;20:42:07;94.66;166.864;223.234;242.1;8.5;534.4;
1708721828;23.02.2024;20:57:08;94.662;166.867;223.239;242.1;8.5;534.4;
1708722728;23.02.2024;21:12:08;94.663;166.87;223.244;242.1;8.5;534.4;
1708723628;23.02.2024;21:27:08;94.664;166.872;223.248;242.1;8.5;534.4;
1708724529;23.02.2024;21:42:09;94.666;166.875;223.253;242.1;8.5;534.4;
1708725429;23.02.2024;21:57:09;94.667;166.878;223.259;242.1;8.5;534.4;
1708726329;23.02.2024;22:12:09;94.668;166.881;223.264;242.1;8.5;534.4;
1708727230;23.02.2024;22:27:10;94.67;166.884;223.269;242.1;8.5;534.4;
1708728130;23.02.2024;22:42:10;94.671;166.886;223.274;242.1;8.5;534.4;
1708729030;23.02.2024;22:57:10;94.672;166.888;223.279;242.1;8.5;534.4;
1708729930;23.02.2024;23:12:10;94.674;166.892;223.284;242.1;8.5;534.4;
1708730831;23.02.2024;23:27:11;94.675;166.895;223.29;242.1;8.5;534.4;
1708731731;23.02.2024;23:42:11;94.676;166.898;223.295;242.1;8.5;534.4;
1708732631;23.02.2024;23:57:11;94.678;166.9;223.3;242.1;8.5;534.4;
1708733532;24.02.2024;00:12:12;94.679;166.903;223.305;242.1;8.5;534.4;
1708734432;24.02.2024;00:27:12;94.68;166.907;223.311;242.1;8.5;534.4;
1708735332;24.02.2024;00:42:12;94.682;166.91;223.316;242.1;8.5;534.4;
1708736233;24.02.2024;00:57:13;94.683;166.912;223.321;242.1;8.5;534.4;
1708737133;24.02.2024;01:12:13;94.684;166.916;223.327;242.1;8.5;534.4;
1708738033;24.02.2024;01:27:13;94.686;166.919;223.332;242.1;8.5;534.4;
1708738933;24.02.2024;01:42:13;94.687;166.922;223.337;242.1;8.5;534.4;
1708739834;24.02.2024;01:57:14;94.688;166.925;223.343;242.1;8.5;534.4;
1708740734;24.02.2024;02:12:14;94.69;166.928;223.348;242.1;8.5;534.4;
1708741634;24.02.2024;02:27:14;94.693;166.932;223.353;242.1;8.5;534.4;
1708742535;24.02.2024;02:42:15;94.695;166.936;223.36;242.1;8.5;534.4;
1708743435;24.02.2024;02:57:15;94.697;166.939;223.366;242.1;8.5;534.4;
1708744335;24.02.2024;03:12:15;94.699;166.942;223.373;242.1;8.5;534.4;
1708745236;24.02.2024;03:27:16;94.7;166.946;223.379;242.2;8.5;534.4;
1708746136;24.02.2024;03:42:16;94.702;166.95;223.384;242.2;8.5;534.4;
1708747036;24.02.2024;03:57:16;94.703;166.953;223.39;242.2;8.5;534.4;
1708747936;24.02.2024;04:12:16;94.705;166.956;223.395;242.3;8.5;534.4;
1708748837;24.02.2024;04:27:17;94.706;166.959;223.401;242.3;8.5;534.4;
1708749737;24.02.2024;04:42:17;94.707;166.963;223.406;242.3;8.5;534.4;
1708750637;24.02.2024;04:57:17;94.708;166.968;223.412;242.3;8.5;534.4;
1708751538;24.02.2024;05:12:18;94.71;166.971;223.418;242.3;8.5;534.4;
1708752438;24.02.2024;05:27:18;94.711;166.974;223.424;242.3;8.5;534.4;
1708753338;24.02.2024;05:42:18;94.713;166.979;223.431;242.3;8.5;534.4;
1708754239;24.02.2024;05:57:19;94.714;166.983;223.442;242.3;8.5;534.4;
1708755139;24.02.2024;06:12:19;94.715;166.986;223.45;242.3;8.5;534.4;
1708756039;24.02.2024;06:27:19;94.717;166.99;223.457;242.3;8.5;534.4;
1708756940;24.02.2024;06:42:20;94.719;166.994;223.462;242.3;8.5;534.4;
1708757840;24.02.2024;06:57:20;94.721;166.998;223.468;242.3;8.5;534.4;
1708758740;24.02.2024;07:12:20;94.723;167.002;223.475;242.3;8.5;534.4;
1708759640;24.02.2024;07:27:20;94.725;167.005;223.482;242.3;8.5;534.4;
1708760541;24.02.2024;07:42:21;94.727;167.009;223.488;242.3;8.5;534.4;
1708761441;24.02.2024;07:57:21;94.729;167.013;223.494;242.3;8.5;534.4;
1708762341;24.02.2024;08:12:21;94.73;167.018;223.5;242.3;8.5;534.4;
1708763242;24.02.2024;08:27:22;94.732;167.021;223.507;242.3;8.5;534.4;
1708764142;24.02.2024;08:42:22;94.734;167.024;223.513;242.3;8.5;534.4;
1708765042;24.02.2024;08:57:22;94.735;167.029;223.518;242.3;8.5;534.4;
1708765943;24.02.2024;09:12:23;94.736;167.033;223.523;242.3;8.5;534.4;
1708766843;24.02.2024;09:27:23;94.738;167.036;223.529;242.3;8.5;534.4;
1708767743;24.02.2024;09:42:23;94.739;167.039;223.536;242.3;8.5;534.4;
1708768643;24.02.2024;09:57:23;94.74;167.043;223.542;242.3;8.5;534.4;
1708769544;24.02.2024;10:12:24;94.741;167.047;223.548;242.3;8.5;534.4;
1708770444;24.02.2024;10:27:24;94.743;167.052;223.554;242.3;8.5;534.4;
1708771344;24.02.2024;10:42:24;94.744;167.055;223.56;242.3;8.5;534.4;
1708772245;24.02.2024;10:57:25;94.746;167.059;223.566;242.3;8.5;534.4;
1708773145;24.02.2024;11:12:25;94.747;167.062;223.57;242.3;8.5;534.4;
1708774045;24.02.2024;11:27:25;94.748;167.066;223.576;242.3;8.5;534.4;
1708774946;24.02.2024;11:42:26;94.75;167.069;223.581;242.3;8.5;534.4;
1708775846;24.02.2024;11:57:26;94.751;167.071;223.586;242.3;8.5;534.4;
1708776746;24.02.2024;12:12:26;94.752;167.076;223.591;242.3;8.5;534.4;
1708777646;24.02.2024;12:27:26;94.754;167.08;223.597;242.3;8.5;534.4;
1708778547;24.02.2024;12:42:27;94.755;167.083;223.603;242.3;8.5;534.4;
1708779447;24.02.2024;12:57:27;94.756;167.085;223.608;242.3;8.5;534.4;
1708780347;24.02.2024;13:12:27;94.758;167.089;223.613;242.3;8.5;534.4;
1708781248;24.02.2024;13:27:28;94.759;167.093;223.619;242.3;8.5;534.4;
1708782148;24.02.2024;13:42:28;94.76;167.096;223.624;242.3;8.5;534.4;
1708783048;24.02.2024;13:57:28;94.762;167.099;223.63;242.3;8.5;534.4;
1708783949;24.02.2024;14:12:29;94.763;167.102;223.635;242.3;8.5;534.4;
1708784849;24.02.2024;14:27:29;94.764;167.106;223.64;242.3;8.5;534.4;
1708785749;24.02.2024;14:42:29;94.766;167.11;223.645;242.3;8.5;534.4;
1708786650;24.02.2024;14:57:30;94.767;167.112;223.651;242.3;8.5;534.4;
1708787550;24.02.2024;15:12:30;94.768;167.114;223.656;242.3;8.5;534.4;
1708788450;24.02.2024;15:27:30;94.77;167.119;223.66;242.3;8.5;534.4;
1708789351;24.02.2024;15:42:31;94.771;167.123;223.665;242.3;8.5;534.4;
1708790251;24.02.2024;15:57:31;94.772;167.125;223.67;242.3;8.5;534.4;
1708791151;24.02.2024;16:12:31;94.773;167.127;223.675;242.3;8.5;534.4;
1708792051;24.02.2024;16:27:31;94.775;167.131;223.679;242.3;8.5;534.4;
1708792952;24.02.2024;16:42:32;94.776;167.134;223.684;242.3;8.5;534.4;
1708793852;24.02.2024;16:57:32;94.777;167.137;223.69;242.3;8.5;534.4;
1708794752;24.02.2024;17:12:32;94.779;167.14;223.696;242.3;8.5;534.4;
1708795653;24.02.2024;17:27:33;94.78;167.143;223.7;242.3;8.5;534.4;
1708796553;24.02.2024;17:42:33;94.781;167.147;223.705;242.3;8.5;534.4;
1708797453;24.02.2024;17:57:33;94.783;167.15;223.71;242.3;8.5;534.4;
1708798354;24.02.2024;18:12:34;94.784;167.153;223.715;242.3;8.5;534.4;
1708799254;24.02.2024;18:27:34;94.786;167.156;223.72;242.3;8.5;534.4;
1708800154;24.02.2024;18:42:34;94.787;167.16;223.726;242.3;8.5;534.4;
1708801054;24.02.2024;18:57:34;94.788;167.163;223.732;242.3;8.5;534.4;
1708801955;24.02.2024;19:12:35;94.789;167.165;223.739;242.3;8.5;534.4;
1708802855;24.02.2024;19:27:35;94.79;167.166;223.745;242.3;8.5;534.4;
1708803755;24.02.2024;19:42:35;94.792;167.169;223.75;242.3;8.5;534.4;
1708804656;24.02.2024;19:57:36;94.794;167.174;223.756;242.3;8.5;534.4;
1708805556;24.02.2024;20:12:36;94.796;167.178;223.762;242.3;8.5;534.4;
1708806456;24.02.2024;20:27:36;94.798;167.181;223.767;242.3;8.5;534.4;
1708807357;24.02.2024;20:42:37;94.799;167.183;223.772;242.3;8.5;534.4;
1708808257;24.02.2024;20:57:37;94.8;167.186;223.777;242.3;8.5;534.4;
1708809157;24.02.2024;21:12:37;94.802;167.19;223.784;242.3;8.5;534.4;
1708810058;24.02.2024;21:27:38;94.803;167.194;223.792;242.3;8.5;534.4;
1708810958;24.02.2024;21:42:38;94.805;167.197;223.798;242.3;8.5;534.4;
1708811858;24.02.2024;21:57:38;94.806;167.201;223.804;242.3;8.5;534.4;
1708812758;24.02.2024;22:12:38;94.808;167.205;223.81;242.3;8.5;534.4;
1708813659;24.02.2024;22:27:39;94.811;167.209;223.816;242.3;8.5;534.4;
1708814559;24.02.2024;22:42:39;94.813;167.212;223.822;242.3;8.5;534.4;
1708815459;24.02.2024;22:57:39;94.814;167.215;223.831;242.3;8.5;534.4;
1708816360;24.02.2024;23:12:40;94.816;167.22;223.84;242.3;8.5;534.4;
1708817260;24.02.2024;23:27:40;94.818;167.225;223.849;242.3;8.5;534.4;
1708818160;24.02.2024;23:42:40;94.819;167.23;223.858;242.3;8.5;534.4;
1708819061;24.02.2024;23:57:41;94.821;167.233;223.866;242.3;8.5;534.4;
1708819961;25.02.2024;00:12:41;94.822;167.238;223.876;242.3;8.5;534.4;
1708820861;25.02.2024;00:27:41;94.823;167.241;223.888;242.3;8.5;534.4;
1708821762;25.02.2024;00:42:42;94.825;167.245;223.898;242.3;8.5;534.4;
1708822662;25.02.2024;00:57:42;94.827;167.247;223.907;242.3;8.5;534.4;
1708823562;25.02.2024;01:12:42;94.828;167.251;223.914;242.3;8.5;534.4;
1708824462;25.02.2024;01:27:42;94.829;167.256;223.921;242.3;8.5;534.4;
1708825363;25.02.2024;01:42:43;94.832;167.26;223.928;242.3;8.5;534.4;
1708826263;25.02.2024;01:57:43;94.834;167.264;223.936;242.3;8.5;534.4;
1708827163;25.02.2024;02:12:43;94.836;167.268;223.942;242.3;8.5;534.4;
1708828064;25.02.2024;02:27:44;94.838;167.272;223.949;242.3;8.5;534.4;
1708828964;25.02.2024;02:42:44;94.839;167.275;223.956;242.3;8.5;534.4;
1708829864;25.02.2024;02:57:44;94.841;167.278;223.964;242.3;8.5;534.4;
1708830765;25.02.2024;03:12:45;94.843;167.281;223.972;242.3;8.5;534.4;
1708831665;25.02.2024;03:27:45;94.844;167.285;223.98;242.3;8.5;534.4;
1708832565;25.02.2024;03:42:45;94.846;167.289;223.988;242.3;8.5;534.4;
1708833465;25.02.2024;03:57:45;94.847;167.294;223.997;242.3;8.5;534.4;
1708834366;25.02.2024;04:12:46;94.848;167.297;224.007;242.3;8.5;534.4;
1708835266;25.02.2024;04:27:46;94.85;167.302;224.015;242.3;8.5;534.4;
1708836166;25.02.2024;04:42:46;94.851;167.306;224.021;242.3;8.5;534.4;
1708837067;25.02.2024;04:57:47;94.852;167.309;224.028;242.3;8.5;534.4;
1708837967;25.02.2024;05:12:47;94.854;167.312;224.036;242.3;8.5;534.4;
1708838867;25.02.2024;05:27:47;94.855;167.316;224.045;242.3;8.5;534.4;
1708839768;25.02.2024;05:42:48;94.857;167.322;224.054;242.3;8.5;534.4;
1708840668;25.02.2024;05:57:48;94.86;167.326;224.063;242.3;8.5;534.4;
1708841568;25.02.2024;06:12:48;94.862;167.329;224.072;242.3;8.5;534.4;
1708842468;25.02.2024;06:27:48;94.864;167.332;224.08;242.3;8.5;534.4;
1708843369;25.02.2024;06:42:49;94.866;167.336;224.087;242.3;8.5;534.4;
1708844269;25.02.2024;06:57:49;94.868;167.341;224.096;242.3;8.5;534.4;
1708845169;25.02.2024;07:12:49;94.87;167.345;224.107;242.3;8.5;534.4;
1708846070;25.02.2024;07:27:50;94.872;167.348;224.118;242.3;8.5;534.4;
1708846970;25.02.2024;07:42:50;94.874;167.352;224.132;242.3;8.5;534.4;
1708847870;25.02.2024;07:57:50;94.876;167.357;224.144;242.3;8.5;534.4;
1708848771;25.02.2024;08:12:51;94.878;167.362;224.153;242.3;8.5;534.4;
1708849671;25.02.2024;08:27:51;94.88;167.365;224.161;242.3;8.5;534.4;
1708850571;25.02.2024;08:42:51;94.882;167.369;224.168;242.3;8.5;534.4;
1708851471;25.02.2024;08:57:51;94.883;167.373;224.174;242.3;8.5;534.4;
1708852372;25.02.2024;09:12:52;94.884;167.377;224.179;242.3;8.5;534.4;
1708853272;25.02.2024;09:27:52;94.886;167.38;224.185;242.3;8.5;534.4;
1708854172;25.02.2024;09:42:52;94.887;167.382;224.191;242.3;8.5;534.4;
1708855073;25.02.2024;09:57:53;94.888;167.387;224.197;242.3;8.5;534.4;
1708855973;25.02.2024;10:12:53;94.889;167.392;224.202;242.3;8.5;534.4;
1708856873;25.02.2024;10:27:53;94.891;167.395;224.209;242.3;8.5;534.4;
1708857773;25.02.2024;10:42:53;94.893;167.398;224.214;242.3;8.5;534.4;
1708858674;25.02.2024;10:57:54;94.894;167.402;224.219;242.3;8.5;534.4;
1708859574;25.02.2024;11:12:54;94.895;167.405;224.223;242.3;8.5;534.4;
1708860474;25.02.2024;11:27:54;94.896;167.408;224.229;242.3;8.5;534.4;
1708861375;25.02.2024;11:42:55;94.898;167.41;224.234;242.3;8.5;534.4;
1708862275;25.02.2024;11:57:55;94.899;167.414;224.24;242.3;8.5;534.4;
1708863175;25.02.2024;12:12:55;94.9;167.418;224.246;242.3;8.5;534.4;
1708864076;25.02.2024;12:27:56;94.902;167.422;224.251;242.3;8.5;534.4;
1708864976;25.02.2024;12:42:56;94.903;167.424;224.258;242.3;8.5;534.4;
1708865876;25.02.2024;12:57:56;94.904;167.426;224.265;242.3;8.5;534.4;
1708866777;25.02.2024;13:12:57;94.905;167.431;224.27;242.3;8.5;534.4;
1708867677;25.02.2024;13:27:57;94.907;167.435;224.275;242.3;8.5;534.4;
1708868577;25.02.2024;13:42:57;94.908;167.437;224.281;242.3;8.5;534.4;
1708869477;25.02.2024;13:57:57;94.91;167.439;224.286;242.3;8.5;534.4;
1708870378;25.02.2024;14:12:58;94.911;167.443;224.291;242.3;8.5;534.4;
1708871278;25.02.2024;14:27:58;94.912;167.447;224.297;242.3;8.5;534.4;
1708872178;25.02.2024;14:42:58;94.913;167.45;224.303;242.3;8.5;534.4;
1708873079;25.02.2024;14:57:59;94.915;167.452;224.308;242.3;8.5;534.4;
1708873979;25.02.2024;15:12:59;94.916;167.455;224.313;242.3;8.5;534.4;
1708874879;25.02.2024;15:27:59;94.917;167.46;224.318;242.3;8.5;534.4;
1708875780;25.02.2024;15:43:00;94.918;167.462;224.326;242.3;8.5;534.4;
1708876680;25.02.2024;15:58:00;94.92;167.465;224.334;242.3;8.5;534.4;
1708877580;25.02.2024;16:13:00;94.921;167.468;224.34;242.3;8.5;534.4;
1708878481;25.02.2024;16:28:01;94.923;167.472;224.345;242.3;8.5;534.4;
1708879381;25.02.2024;16:43:01;94.924;167.475;224.35;242.3;8.5;534.4;
1708880281;25.02.2024;16:58:01;94.925;167.478;224.356;242.3;8.5;534.4;
1708881181;25.02.2024;17:13:01;94.927;167.48;224.361;242.3;8.5;534.4;
1708882082;25.02.2024;17:28:02;94.928;167.484;224.367;242.3;8.5;534.4;
1708882982;25.02.2024;17:43:02;94.929;167.488;224.374;242.3;8.5;534.4;
1708883882;25.02.2024;17:58:02;94.931;167.49;224.383;242.3;8.5;534.4;
1708884783;25.02.2024;18:13:03;94.932;167.493;224.391;242.3;8.5;534.4;
1708885683;25.02.2024;18:28:03;94.935;167.496;224.397;242.3;8.5;534.4;
1708886583;25.02.2024;18:43:03;94.936;167.501;224.402;242.3;8.5;534.4;
1708887484;25.02.2024;18:58:04;94.938;167.504;224.409;242.3;8.5;534.4;
1708888384;25.02.2024;19:13:04;94.939;167.505;224.413;242.3;8.5;534.4;
1708889284;25.02.2024;19:28:04;94.941;167.505;224.419;242.3;8.5;534.4;
1708890184;25.02.2024;19:43:04;94.942;167.508;224.424;242.3;8.5;534.4;
1708891085;25.02.2024;19:58:05;94.944;167.513;224.431;242.3;8.5;534.4;
1708891985;25.02.2024;20:13:05;94.946;167.516;224.437;242.3;8.5;534.4;
1708892885;25.02.2024;20:28:05;94.948;167.518;224.443;242.3;8.5;534.4;
1708893786;25.02.2024;20:43:06;94.949;167.522;224.454;242.3;8.5;534.4;
1708894686;25.02.2024;20:58:06;94.951;167.527;224.464;242.3;8.5;534.4;
1708895586;25.02.2024;21:13:06;94.953;167.53;224.473;242.3;8.5;534.4;
1708896487;25.02.2024;21:28:07;94.954;167.532;224.48;242.3;8.5;534.4;
1708897387;25.02.2024;21:43:07;94.955;167.535;224.487;242.3;8.5;534.4;
1708898287;25.02.2024;21:58:07;94.956;167.539;224.493;242.3;8.5;534.4;
1708899188;25.02.2024;22:13:08;94.958;167.543;224.5;242.3;8.5;534.4;
1708900088;25.02.2024;22:28:08;94.96;167.545;224.507;242.3;8.5;534.4;
1708900988;25.02.2024;22:43:08;94.962;167.548;224.514;242.3;8.5;534.4;
1708901888;25.02.2024;22:58:08;94.963;167.552;224.522;242.3;8.5;534.4;
1708902789;25.02.2024;23:13:09;94.965;167.556;224.53;242.3;8.5;534.4;
1708903689;25.02.2024;23:28:09;94.967;167.559;224.538;242.3;8.5;534.4;
1708904589;25.02.2024;23:43:09;94.969;167.561;224.545;242.3;8.5;534.4;
1708905490;25.02.2024;23:58:10;94.97;167.564;224.552;242.3;8.5;534.4;
1708906390;26.02.2024;00:13:10;94.972;167.569;224.559;242.3;8.5;534.4;
1708907290;26.02.2024;00:28:10;94.973;167.572;224.565;242.3;8.5;534.4;
1708908191;26.02.2024;00:43:11;94.975;167.574;224.571;242.3;8.5;534.4;
1708909091;26.02.2024;00:58:11;94.977;167.577;224.576;242.3;8.5;534.4;
1708909991;26.02.2024;01:13:11;94.98;167.581;224.585;242.3;8.5;534.4;
1708910892;26.02.2024;01:28:12;94.982;167.585;224.596;242.3;8.5;534.4;
1708911792;26.02.2024;01:43:12;94.984;167.588;224.604;242.3;8.5;534.4;
1708912692;26.02.2024;01:58:12;94.985;167.59;224.611;242.3;8.5;534.4;
1708913593;26.02.2024;02:13:13;94.986;167.593;224.618;242.3;8.5;534.4;
1708914493;26.02.2024;02:28:13;94.988;167.598;224.624;242.3;8.5;534.4;
1708915393;26.02.2024;02:43:13;94.989;167.601;224.631;242.3;8.5;534.4;
1708916293;26.02.2024;02:58:13;94.991;167.603;224.637;242.3;8.5;534.4;
1708917194;26.02.2024;03:13:14;95;167.605;224.655;242.3;8.5;534.4;
1708918094;26.02.2024;03:28:14;95.006;167.61;224.684;242.3;8.5;534.4;
1708918994;26.02.2024;03:43:14;95.012;167.618;224.706;242.3;8.5;534.4;
1708919895;26.02.2024;03:58:15;95.018;167.623;224.725;242.3;8.5;534.4;
1708920795;26.02.2024;04:13:15;95.023;167.626;224.742;242.3;8.5;534.4;
1708921695;26.02.2024;04:28:15;95.028;167.63;224.758;242.3;8.5;534.4;
1708922596;26.02.2024;04:43:16;95.032;167.634;224.775;242.3;8.5;534.4;
1708923496;26.02.2024;04:58:16;95.037;167.639;224.792;242.3;8.5;534.4;
1708924396;26.02.2024;05:13:16;95.042;167.645;224.811;242.3;8.5;534.4;
1708925296;26.02.2024;05:28:16;95.047;167.65;224.829;242.3;8.5;534.5;
1708926197;26.02.2024;05:43:17;95.052;167.655;224.848;242.3;8.5;534.5;
1708927097;26.02.2024;05:58:17;95.057;167.66;224.866;242.3;8.5;534.5;
1708927997;26.02.2024;06:13:17;95.062;167.665;224.884;242.3;8.5;534.5;
1708928898;26.02.2024;06:28:18;95.067;167.669;224.902;242.3;8.5;534.5;
1708929798;26.02.2024;06:43:18;95.072;167.674;224.917;242.3;8.5;534.6;
1708930698;26.02.2024;06:58:18;95.076;167.677;224.932;242.3;8.5;534.6;
1708931599;26.02.2024;07:13:19;95.08;167.679;224.946;242.3;8.5;534.6;
1708932499;26.02.2024;07:28:19;95.083;167.681;224.957;242.3;8.5;534.6;
1708933399;26.02.2024;07:43:19;95.085;167.681;224.969;242.3;8.5;534.6;
1708934299;26.02.2024;07:58:19;95.087;167.683;224.979;242.3;8.5;534.6;
1708935200;26.02.2024;08:13:20;95.089;167.685;224.989;242.3;8.5;534.6;
1708936100;26.02.2024;08:28:20;95.091;167.687;224.997;242.3;8.5;534.6;
1708937000;26.02.2024;08:43:20;95.092;167.687;224.999;242.3;8.5;534.7;
1708937901;26.02.2024;08:58:21;95.092;167.687;225.001;242.3;8.5;534.7;
1708938801;26.02.2024;09:13:21;95.092;167.687;225.003;242.3;8.5;534.7;
1708939701;26.02.2024;09:28:21;95.092;167.687;225.004;242.3;8.5;534.8;
1708940601;26.02.2024;09:43:21;95.092;167.687;225.006;242.3;8.5;534.8;
1708941502;26.02.2024;09:58:22;95.092;167.687;225.008;242.3;8.5;534.9;
1708942402;26.02.2024;10:13:22;95.092;167.687;225.009;242.3;8.5;534.9;
1708943302;26.02.2024;10:28:22;95.092;167.688;225.009;242.3;8.5;534.9;
1708944203;26.02.2024;10:43:23;95.093;167.689;225.01;242.3;8.5;534.9;
1708945103;26.02.2024;10:58:23;95.093;167.689;225.011;242.3;8.5;534.9;
1708946003;26.02.2024;11:13:23;95.093;167.69;225.012;242.3;8.5;535;
1708946904;26.02.2024;11:28:24;95.093;167.691;225.012;242.3;8.5;535;
1708947804;26.02.2024;11:43:24;95.093;167.691;225.012;242.3;8.5;535;
1708948704;26.02.2024;11:58:24;95.093;167.692;225.012;242.3;8.5;535.1;
1708949604;26.02.2024;12:13:24;95.093;167.692;225.012;242.3;8.5;535.1;
1708950505;26.02.2024;12:28:25;95.093;167.693;225.012;242.3;8.5;535.2;
1708951405;26.02.2024;12:43:25;95.093;167.693;225.012;242.3;8.5;535.2;
1708952305;26.02.2024;12:58:25;95.093;167.694;225.012;242.3;8.5;535.2;
1708953206;26.02.2024;13:13:26;95.093;167.694;225.012;242.3;8.5;535.3;
1708954106;26.02.2024;13:28:26;95.093;167.694;225.012;242.3;8.5;535.3;
1708955006;26.02.2024;13:43:26;95.093;167.695;225.012;242.3;8.5;535.4;
1708955907;26.02.2024;13:58:27;95.093;167.695;225.012;242.3;8.5;535.4;
1708956807;26.02.2024;14:13:27;95.093;167.696;225.012;242.3;8.5;535.4;
1708957707;26.02.2024;14:28:27;95.093;167.696;225.012;242.3;8.5;535.4;
1708958608;26.02.2024;14:43:28;95.093;167.697;225.012;242.3;8.5;535.5;
1708959508;26.02.2024;14:58:28;95.093;167.697;225.012;242.3;8.5;535.5;
1708960408;26.02.2024;15:13:28;95.093;167.698;225.012;242.3;8.5;535.6;
1708961309;26.02.2024;15:28:29;95.093;167.698;225.012;242.3;8.5;535.6;
1708962209;26.02.2024;15:43:29;95.093;167.699;225.012;242.3;8.5;535.7;
1708963109;26.02.2024;15:58:29;95.093;167.7;225.012;242.3;8.5;535.8;
1708964009;26.02.2024;16:13:29;95.093;167.701;225.013;242.3;8.5;535.9;
1708964910;26.02.2024;16:28:30;95.093;167.702;225.013;242.3;8.5;536.1;
1708965810;26.02.2024;16:43:30;95.093;167.703;225.014;242.3;8.5;536.1;
1708966710;26.02.2024;16:58:30;95.093;167.704;225.014;242.3;8.5;536.1;
1708967611;26.02.2024;17:13:31;95.094;167.706;225.014;242.3;8.5;536.1;
1708968511;26.02.2024;17:28:31;95.094;167.707;225.015;242.3;8.5;536.1;
1708969411;26.02.2024;17:43:31;95.095;167.713;225.02;242.3;8.5;536.1;
1708970312;26.02.2024;17:58:32;95.1;167.726;225.035;242.3;8.5;536.2;
1708971212;26.02.2024;18:13:32;95.106;167.74;225.054;242.3;8.5;536.3;
1708972112;26.02.2024;18:28:32;95.112;167.75;225.071;242.3;8.5;536.3;
1708973013;26.02.2024;18:43:33;95.115;167.759;225.087;242.3;8.5;536.3;
1708973913;26.02.2024;18:58:33;95.117;167.765;225.1;242.3;8.5;536.3;
1708974813;26.02.2024;19:13:33;95.119;167.77;225.11;242.3;8.5;536.3;
1708975713;26.02.2024;19:28:33;95.122;167.776;225.117;242.3;8.5;536.3;
1708976614;26.02.2024;19:43:34;95.124;167.78;225.124;242.3;8.5;536.4;
1708977514;26.02.2024;19:58:34;95.126;167.782;225.131;242.3;8.5;536.4;
1708978414;26.02.2024;20:13:34;95.128;167.784;225.136;242.3;8.5;536.4;
1708979315;26.02.2024;20:28:35;95.129;167.786;225.142;242.3;8.5;536.4;
1708980215;26.02.2024;20:43:35;95.13;167.789;225.147;242.3;8.5;536.4;
1708981116;26.02.2024;20:58:36;95.131;167.792;225.153;242.3;8.5;536.4;
1708982017;26.02.2024;21:13:37;95.133;167.795;225.159;242.3;8.5;536.4;
1708982917;26.02.2024;21:28:37;95.134;167.797;225.165;242.3;8.5;536.4;
1708983818;26.02.2024;21:43:38;95.135;167.801;225.171;242.3;8.5;536.4;
1708984718;26.02.2024;21:58:38;95.136;167.804;225.177;242.3;8.5;536.4;
1708985618;26.02.2024;22:13:38;95.138;167.807;225.183;242.3;8.5;536.4;
1708986519;26.02.2024;22:28:39;95.139;167.809;225.189;242.3;8.5;536.4;
1708987419;26.02.2024;22:43:39;95.14;167.813;225.195;242.3;8.5;536.4;
1708988319;26.02.2024;22:58:39;95.142;167.816;225.201;242.3;8.5;536.4;
1708989220;26.02.2024;23:13:40;95.143;167.819;225.207;242.3;8.5;536.4;
1708990120;26.02.2024;23:28:40;95.144;167.821;225.217;242.3;8.5;536.4;
1708991020;26.02.2024;23:43:40;95.145;167.824;225.226;242.3;8.5;536.4;
1708991921;26.02.2024;23:58:41;95.146;167.828;225.232;242.3;8.5;536.4;
1708992821;27.02.2024;00:13:41;95.148;167.832;225.238;242.3;8.5;536.4;
1708993721;27.02.2024;00:28:41;95.149;167.834;225.245;242.3;8.5;536.4;
1708994622;27.02.2024;00:43:42;95.151;167.836;225.25;242.3;8.5;536.4;
1708995522;27.02.2024;00:58:42;95.152;167.839;225.255;242.3;8.5;536.4;
1708996422;27.02.2024;01:13:42;95.153;167.843;225.261;242.3;8.5;536.4;
1708997322;27.02.2024;01:28:42;95.154;167.846;225.267;242.3;8.5;536.4;
1708998223;27.02.2024;01:43:43;95.155;167.848;225.273;242.3;8.5;536.4;
1708999123;27.02.2024;01:58:43;95.158;167.852;225.278;242.3;8.5;536.4;
1709000023;27.02.2024;02:13:43;95.16;167.856;225.285;242.3;8.5;536.4;
1709000924;27.02.2024;02:28:44;95.162;167.859;225.291;242.3;8.5;536.4;
1709001824;27.02.2024;02:43:44;95.163;167.862;225.297;242.3;8.5;536.4;
1709002724;27.02.2024;02:58:44;95.166;167.865;225.303;242.3;8.5;536.4;
1709003624;27.02.2024;03:13:44;95.173;167.866;225.318;242.3;8.5;536.4;
1709004525;27.02.2024;03:28:45;95.177;167.866;225.335;242.3;8.5;536.4;
1709005425;27.02.2024;03:43:45;95.181;167.871;225.349;242.3;8.5;536.4;
1709006325;27.02.2024;03:58:45;95.184;167.876;225.362;242.3;8.5;536.4;
1709007226;27.02.2024;04:13:46;95.188;167.881;225.374;242.3;8.5;536.4;
1709008126;27.02.2024;04:28:46;95.192;167.886;225.387;242.3;8.5;536.4;
1709009026;27.02.2024;04:43:46;95.196;167.891;225.4;242.3;8.5;536.4;
1709009927;27.02.2024;04:58:47;95.2;167.896;225.413;242.3;8.5;536.4;
1709010827;27.02.2024;05:13:47;95.204;167.901;225.425;242.3;8.5;536.4;
1709011727;27.02.2024;05:28:47;95.207;167.906;225.438;242.3;8.5;536.4;
1709012628;27.02.2024;05:43:48;95.211;167.91;225.452;242.3;8.5;536.4;
1709013528;27.02.2024;05:58:48;95.215;167.915;225.465;242.3;8.5;536.4;
1709014428;27.02.2024;06:13:48;95.218;167.92;225.478;242.3;8.5;536.4;
1709015328;27.02.2024;06:28:48;95.222;167.924;225.493;242.3;8.5;536.5;
1709016229;27.02.2024;06:43:49;95.225;167.929;225.507;242.3;8.5;536.5;
1709017129;27.02.2024;06:58:49;95.228;167.934;225.52;242.3;8.5;536.5;
1709018029;27.02.2024;07:13:49;95.232;167.939;225.533;242.3;8.5;536.6;
1709018930;27.02.2024;07:28:50;95.235;167.944;225.547;242.3;8.5;536.6;
1709019830;27.02.2024;07:43:50;95.238;167.949;225.563;242.3;8.5;536.6;
1709020730;27.02.2024;07:58:50;95.242;167.954;225.578;242.3;8.5;536.6;
1709021631;27.02.2024;08:13:51;95.245;167.959;225.594;242.3;8.5;536.6;
1709022531;27.02.2024;08:28:51;95.249;167.965;225.609;242.3;8.5;536.7;
1709023431;27.02.2024;08:43:51;95.253;167.971;225.624;242.3;8.5;536.7;
1709024332;27.02.2024;08:58:52;95.255;167.972;225.63;242.3;8.5;536.7;
1709025232;27.02.2024;09:13:52;95.257;167.974;225.638;242.3;8.5;536.7;
1709026132;27.02.2024;09:28:52;95.258;167.977;225.644;242.3;8.5;536.7;
1709027032;27.02.2024;09:43:52;95.261;167.984;225.66;242.3;8.5;536.8;
1709027933;27.02.2024;09:58:53;95.266;167.993;225.679;242.3;8.5;536.9;
1709028833;27.02.2024;10:13:53;95.271;168.001;225.699;242.3;8.5;537.1;
1709029733;27.02.2024;10:28:53;95.277;168.009;225.718;242.3;8.5;537.3;
1709030634;27.02.2024;10:43:54;95.283;168.017;225.738;242.3;8.5;537.5;
1709031534;27.02.2024;10:58:54;95.289;168.026;225.758;242.3;8.5;537.7;
1709032434;27.02.2024;11:13:54;95.294;168.029;225.771;242.3;8.5;537.9;
1709033335;27.02.2024;11:28:55;95.298;168.031;225.782;242.3;8.5;538;
1709034235;27.02.2024;11:43:55;95.301;168.036;225.796;242.3;8.5;538.1;
1709035135;27.02.2024;11:58:55;95.305;168.04;225.81;242.3;8.5;538.1;
1709036036;27.02.2024;12:13:56;95.308;168.044;225.826;242.3;8.5;538.2;
1709036936;27.02.2024;12:28:56;95.311;168.049;225.841;242.3;8.5;538.2;
1709037836;27.02.2024;12:43:56;95.314;168.054;225.855;242.3;8.5;538.2;
1709038736;27.02.2024;12:58:56;95.316;168.058;225.869;242.3;8.5;538.3;
1709039637;27.02.2024;13:13:57;95.318;168.063;225.883;242.3;8.5;538.3;
1709040537;27.02.2024;13:28:57;95.321;168.067;225.895;242.3;8.5;538.4;
1709041437;27.02.2024;13:43:57;95.324;168.071;225.908;242.3;8.5;538.4;
1709042338;27.02.2024;13:58:58;95.326;168.074;225.923;242.3;8.5;538.4;
1709043238;27.02.2024;14:13:58;95.329;168.079;225.938;242.3;8.5;538.4;
1709044138;27.02.2024;14:28:58;95.332;168.084;225.953;242.3;8.5;538.5;
1709045039;27.02.2024;14:43:59;95.334;168.089;225.968;242.3;8.5;538.5;
1709045939;27.02.2024;14:58:59;95.336;168.093;225.981;242.3;8.5;538.6;
1709046839;27.02.2024;15:13:59;95.338;168.097;225.992;242.3;8.5;538.7;
1709047739;27.02.2024;15:28:59;95.34;168.1;226.003;242.3;8.5;538.7;
1709048640;27.02.2024;15:44:00;95.342;168.104;226.015;242.3;8.5;538.8;
1709049540;27.02.2024;15:59:00;95.345;168.108;226.03;242.3;8.5;538.8;
1709050440;27.02.2024;16:14:00;95.348;168.113;226.045;242.3;8.5;538.8;
1709051341;27.02.2024;16:29:01;95.35;168.118;226.061;242.3;8.5;538.9;
1709052241;27.02.2024;16:44:01;95.352;168.123;226.076;242.3;8.5;538.9;
1709053141;27.02.2024;16:59:01;95.355;168.127;226.088;242.3;8.5;538.9;
1709054042;27.02.2024;17:14:02;95.358;168.13;226.099;242.3;8.5;538.9;
1709054942;27.02.2024;17:29:02;95.362;168.134;226.112;242.3;8.5;539;
1709055842;27.02.2024;17:44:02;95.367;168.14;226.124;242.3;8.5;539;
1709056743;27.02.2024;17:59:03;95.371;168.146;226.136;242.3;8.5;539;
1709057643;27.02.2024;18:14:03;95.375;168.15;226.149;242.3;8.5;539.1;
1709058543;27.02.2024;18:29:03;95.376;168.155;226.164;242.3;8.5;539.1;
1709059443;27.02.2024;18:44:03;95.377;168.159;226.176;242.3;8.5;539.1;
1709060344;27.02.2024;18:59:04;95.378;168.16;226.184;242.3;8.5;539.1;
1709061244;27.02.2024;19:14:04;95.379;168.162;226.188;242.3;8.5;539.1;
1709062144;27.02.2024;19:29:04;95.381;168.164;226.192;242.3;8.5;539.1;
1709063045;27.02.2024;19:44:05;95.382;168.166;226.198;242.3;8.5;539.1;
1709063945;27.02.2024;19:59:05;95.384;168.169;226.203;242.3;8.5;539.2;
1709064845;27.02.2024;20:14:05;95.385;168.172;226.208;242.3;8.5;539.2;
1709065746;27.02.2024;20:29:06;95.387;168.175;226.213;242.3;8.5;539.2;
1709066646;27.02.2024;20:44:06;95.388;168.177;226.219;242.3;8.5;539.2;
1709067546;27.02.2024;20:59:06;95.39;168.179;226.224;242.3;8.5;539.2;
1709068446;27.02.2024;21:14:06;95.391;168.182;226.23;242.3;8.5;539.2;
1709069347;27.02.2024;21:29:07;95.392;168.186;226.235;242.3;8.5;539.2;
1709070247;27.02.2024;21:44:07;95.393;168.189;226.241;242.3;8.5;539.2;
1709071147;27.02.2024;21:59:07;95.394;168.192;226.25;242.3;8.5;539.2;
1709072048;27.02.2024;22:14:08;95.395;168.195;226.257;242.3;8.5;539.2;
1709072948;27.02.2024;22:29:08;95.397;168.198;226.262;242.3;8.5;539.2;
1709073848;27.02.2024;22:44:08;95.398;168.202;226.267;242.3;8.5;539.2;
1709074749;27.02.2024;22:59:09;95.399;168.205;226.273;242.3;8.5;539.2;
1709075649;27.02.2024;23:14:09;95.401;168.207;226.278;242.3;8.5;539.2;
1709076549;27.02.2024;23:29:09;95.402;168.21;226.284;242.3;8.5;539.2;
1709077449;27.02.2024;23:44:09;95.403;168.215;226.289;242.3;8.5;539.2;
1709078350;27.02.2024;23:59:10;95.404;168.219;226.298;242.3;8.5;539.2;
1709079250;28.02.2024;00:14:10;95.405;168.222;226.308;242.3;8.5;539.2;
1709080150;28.02.2024;00:29:10;95.407;168.225;226.315;242.3;8.5;539.2;
1709081051;28.02.2024;00:44:11;95.408;168.229;226.323;242.3;8.5;539.2;
1709081951;28.02.2024;00:59:11;95.41;168.233;226.33;242.3;8.5;539.2;
1709082851;28.02.2024;01:14:11;95.412;168.237;226.339;242.3;8.5;539.2;
1709083752;28.02.2024;01:29:12;95.414;168.24;226.347;242.3;8.5;539.2;
1709084652;28.02.2024;01:44:12;95.416;168.244;226.352;242.3;8.5;539.2;
1709085552;28.02.2024;01:59:12;95.418;168.247;226.358;242.3;8.5;539.2;
1709086452;28.02.2024;02:14:12;95.42;168.252;226.366;242.3;8.5;539.2;
1709087353;28.02.2024;02:29:13;95.421;168.256;226.373;242.3;8.5;539.2;
1709088253;28.02.2024;02:44:13;95.422;168.258;226.381;242.3;8.5;539.2;
1709089153;28.02.2024;02:59:13;95.425;168.262;226.389;242.3;8.5;539.2;
1709090054;28.02.2024;03:14:14;95.434;168.264;226.406;242.3;8.5;539.2;
1709090954;28.02.2024;03:29:14;95.441;168.27;226.434;242.3;8.5;539.2;
1709091854;28.02.2024;03:44:14;95.447;168.279;226.455;242.3;8.5;539.2;
1709092755;28.02.2024;03:59:15;95.453;168.285;226.474;242.4;8.5;539.2;
1709093655;28.02.2024;04:14:15;95.458;168.291;226.491;242.4;8.5;539.2;
1709094555;28.02.2024;04:29:15;95.463;168.297;226.508;242.4;8.5;539.2;
1709095455;28.02.2024;04:44:15;95.468;168.303;226.525;242.4;8.5;539.2;
1709096356;28.02.2024;04:59:16;95.473;168.309;226.541;242.4;8.5;539.2;
1709097256;28.02.2024;05:14:16;95.478;168.315;226.558;242.4;8.5;539.2;
1709098156;28.02.2024;05:29:16;95.482;168.321;226.574;242.4;8.5;539.2;
1709099057;28.02.2024;05:44:17;95.487;168.328;226.592;242.4;8.5;539.2;
1709099957;28.02.2024;05:59:17;95.492;168.334;226.611;242.4;8.5;539.2;
1709100857;28.02.2024;06:14:17;95.497;168.341;226.629;242.4;8.5;539.3;
1709101758;28.02.2024;06:29:18;95.501;168.347;226.645;242.4;8.5;539.3;
1709102658;28.02.2024;06:44:18;95.506;168.353;226.66;242.4;8.5;539.3;
1709103558;28.02.2024;06:59:18;95.51;168.359;226.675;242.4;8.5;539.3;
1709104459;28.02.2024;07:14:19;95.515;168.366;226.689;242.4;8.5;539.4;
1709105359;28.02.2024;07:29:19;95.519;168.372;226.704;242.4;8.5;539.4;
1709106259;28.02.2024;07:44:19;95.523;168.377;226.722;242.4;8.5;539.4;
1709107159;28.02.2024;07:59:19;95.527;168.383;226.742;242.4;8.5;539.4;
1709108060;28.02.2024;08:14:20;95.531;168.389;226.76;242.4;8.5;539.4;
1709108960;28.02.2024;08:29:20;95.536;168.395;226.776;242.4;8.5;539.4;
1709109860;28.02.2024;08:44:20;95.54;168.401;226.791;242.4;8.5;539.4;
1709110761;28.02.2024;08:59:21;95.544;168.408;226.807;242.4;8.5;539.4;
1709111661;28.02.2024;09:14:21;95.547;168.415;226.823;242.4;8.5;539.4;
1709112561;28.02.2024;09:29:21;95.55;168.421;226.838;242.4;8.5;539.5;
1709113461;28.02.2024;09:44:21;95.553;168.426;226.851;242.4;8.5;539.5;
1709114362;28.02.2024;09:59:22;95.557;168.431;226.863;242.4;8.5;539.5;
1709115262;28.02.2024;10:14:22;95.56;168.437;226.876;242.4;8.5;539.5;
1709116162;28.02.2024;10:29:22;95.562;168.443;226.889;242.4;8.5;539.6;
1709117063;28.02.2024;10:44:23;95.564;168.448;226.901;242.4;8.5;539.6;
1709117963;28.02.2024;10:59:23;95.566;168.453;226.915;242.4;8.5;539.7;
1709118863;28.02.2024;11:14:23;95.568;168.458;226.927;242.4;8.5;539.7;
1709119764;28.02.2024;11:29:24;95.57;168.464;226.938;242.4;8.5;539.7;
1709120664;28.02.2024;11:44:24;95.571;168.469;226.95;242.4;8.5;539.8;
1709121564;28.02.2024;11:59:24;95.573;168.473;226.963;242.4;8.5;539.8;
1709122465;28.02.2024;12:14:25;95.574;168.478;226.975;242.4;8.5;539.8;
1709123365;28.02.2024;12:29:25;95.576;168.483;226.986;242.4;8.5;539.8;
1709124265;28.02.2024;12:44:25;95.577;168.486;226.995;242.4;8.5;539.8;
1709125165;28.02.2024;12:59:25;95.578;168.491;227.005;242.4;8.5;539.9;
1709126066;28.02.2024;13:14:26;95.579;168.495;227.016;242.4;8.5;539.9;
1709126966;28.02.2024;13:29:26;95.58;168.499;227.027;242.4;8.5;540;
1709127866;28.02.2024;13:44:26;95.581;168.502;227.036;242.4;8.5;540;
1709128767;28.02.2024;13:59:27;95.581;168.506;227.045;242.4;8.5;540;
1709129667;28.02.2024;14:14:27;95.582;168.51;227.054;242.4;8.5;540;
1709130567;28.02.2024;14:29:27;95.583;168.513;227.063;242.4;8.5;540.1;
1709131467;28.02.2024;14:44:27;95.584;168.517;227.073;242.4;8.5;540.1;
1709132368;28.02.2024;14:59:28;95.585;168.521;227.081;242.4;8.5;540.1;
1709133268;28.02.2024;15:14:28;95.586;168.525;227.089;242.4;8.5;540.2;
1709134168;28.02.2024;15:29:28;95.587;168.528;227.1;242.4;8.5;540.3;
1709135069;28.02.2024;15:44:29;95.588;168.532;227.11;242.4;8.5;540.3;
1709135969;28.02.2024;15:59:29;95.589;168.534;227.116;242.4;8.5;540.3;
1709136869;28.02.2024;16:14:29;95.591;168.537;227.123;242.4;8.5;540.4;
1709137770;28.02.2024;16:29:30;95.592;168.542;227.132;242.4;8.5;540.4;
1709138670;28.02.2024;16:44:30;95.594;168.546;227.14;242.4;8.5;540.5;
1709139570;28.02.2024;16:59:30;95.596;168.55;227.148;242.4;8.5;540.5;
1709140470;28.02.2024;17:14:30;95.597;168.554;227.155;242.4;8.5;540.5;
1709141371;28.02.2024;17:29:31;95.599;168.557;227.164;242.4;8.5;540.5;
1709142271;28.02.2024;17:44:31;95.6;168.559;227.173;242.4;8.5;540.5;
1709143171;28.02.2024;17:59:31;95.602;168.563;227.182;242.4;8.5;540.6;
1709144072;28.02.2024;18:14:32;95.605;168.567;227.192;242.4;8.5;540.6;
1709144972;28.02.2024;18:29:32;95.606;168.572;227.201;242.4;8.5;540.6;
1709145872;28.02.2024;18:44:32;95.607;168.576;227.21;242.4;8.5;540.7;
1709146773;28.02.2024;18:59:33;95.608;168.578;227.217;242.4;8.5;540.7;
1709147673;28.02.2024;19:14:33;95.61;168.58;227.22;242.4;8.5;540.7;
1709148573;28.02.2024;19:29:33;95.612;168.581;227.224;242.4;8.5;540.7;
1709149473;28.02.2024;19:44:33;95.614;168.582;227.228;242.4;8.5;540.7;
1709150374;28.02.2024;19:59:34;95.615;168.585;227.232;242.4;8.5;540.7;
1709151274;28.02.2024;20:14:34;95.616;168.587;227.237;242.4;8.5;540.7;
1709152174;28.02.2024;20:29:34;95.618;168.591;227.242;242.4;8.5;540.7;
1709153075;28.02.2024;20:44:35;95.619;168.594;227.249;242.4;8.5;540.7;
1709153975;28.02.2024;20:59:35;95.62;168.596;227.254;242.4;8.5;540.7;
1709154875;28.02.2024;21:14:35;95.622;168.6;227.259;242.4;8.5;540.7;
1709155776;28.02.2024;21:29:36;95.623;168.603;227.265;242.4;8.5;540.7;
1709156676;28.02.2024;21:44:36;95.624;168.606;227.27;242.4;8.5;540.7;
1709157576;28.02.2024;21:59:36;95.625;168.608;227.275;242.4;8.5;540.7;
1709158476;28.02.2024;22:14:36;95.627;168.611;227.281;242.4;8.5;540.7;
1709159377;28.02.2024;22:29:37;95.628;168.616;227.286;242.4;8.5;540.7;
1709160277;28.02.2024;22:44:37;95.629;168.62;227.291;242.4;8.5;540.7;
1709161177;28.02.2024;22:59:37;95.63;168.623;227.297;242.4;8.5;540.7;
1709162078;28.02.2024;23:14:38;95.632;168.626;227.303;242.4;8.5;540.7;
1709162978;28.02.2024;23:29:38;95.633;168.63;227.308;242.4;8.5;540.7;
1709163878;28.02.2024;23:44:38;95.634;168.635;227.314;242.4;8.5;540.7;
1709164779;28.02.2024;23:59:39;95.636;168.638;227.32;242.4;8.5;540.7;
1709165679;29.02.2024;00:14:39;95.637;168.641;227.326;242.4;8.5;540.7;
1709166579;29.02.2024;00:29:39;95.639;168.645;227.331;242.4;8.5;540.7;
1709167480;29.02.2024;00:44:40;95.641;168.649;227.337;242.4;8.5;540.7;
1709168380;29.02.2024;00:59:40;95.643;168.654;227.345;242.4;8.5;540.7;
1709169280;29.02.2024;01:14:40;95.645;168.658;227.357;242.4;8.5;540.7;
1709170180;29.02.2024;01:29:40;95.647;168.661;227.364;242.4;8.5;540.7;
1709171081;29.02.2024;01:44:41;95.649;168.666;227.369;242.4;8.5;540.7;
1709171981;29.02.2024;01:59:41;95.65;168.67;227.374;242.4;8.5;540.7;
1709172881;29.02.2024;02:14:41;95.652;168.674;227.38;242.4;8.5;540.7;
1709173782;29.02.2024;02:29:42;95.653;168.676;227.385;242.4;8.5;540.7;
1709174682;29.02.2024;02:44:42;95.654;168.681;227.392;242.4;8.5;540.7;
1709175582;29.02.2024;02:59:42;95.656;168.685;227.399;242.4;8.5;540.7;
1709176483;29.02.2024;03:14:43;95.666;168.688;227.42;242.4;8.5;540.7;
1709177383;29.02.2024;03:29:43;95.673;168.695;227.449;242.4;8.5;540.7;
1709178283;29.02.2024;03:44:43;95.68;168.703;227.469;242.4;8.5;540.7;
1709179183;29.02.2024;03:59:43;95.685;168.709;227.487;242.4;8.5;540.7;
1709180084;29.02.2024;04:14:44;95.69;168.715;227.503;242.4;8.5;540.7;
1709180984;29.02.2024;04:29:44;95.695;168.722;227.52;242.4;8.5;540.7;
1709181884;29.02.2024;04:44:44;95.7;168.728;227.537;242.4;8.5;540.7;
1709182785;29.02.2024;04:59:45;95.705;168.735;227.554;242.4;8.5;540.7;
1709183685;29.02.2024;05:14:45;95.709;168.741;227.57;242.4;8.5;540.7;
1709184585;29.02.2024;05:29:45;95.714;168.748;227.586;242.4;8.5;540.7;
1709185485;29.02.2024;05:44:45;95.719;168.754;227.603;242.4;8.5;540.7;
1709186386;29.02.2024;05:59:46;95.723;168.761;227.618;242.4;8.5;540.8;
1709187286;29.02.2024;06:14:46;95.728;168.767;227.632;242.4;8.5;540.8;
1709188186;29.02.2024;06:29:46;95.732;168.773;227.646;242.4;8.5;540.8;
1709189087;29.02.2024;06:44:47;95.737;168.78;227.661;242.4;8.5;540.9;
1709189987;29.02.2024;06:59:47;95.742;168.787;227.674;242.4;8.5;540.9;
1709190887;29.02.2024;07:14:47;95.746;168.793;227.689;242.4;8.5;540.9;
1709191788;29.02.2024;07:29:48;95.75;168.799;227.704;242.4;8.5;540.9;
1709192688;29.02.2024;07:44:48;95.754;168.806;227.723;242.4;8.5;540.9;
1709193588;29.02.2024;07:59:48;95.758;168.813;227.743;242.4;8.5;540.9;
1709194488;29.02.2024;08:14:48;95.762;168.82;227.76;242.4;8.5;541;
1709195389;29.02.2024;08:29:49;95.766;168.826;227.774;242.4;8.5;541;
1709196289;29.02.2024;08:44:49;95.768;168.832;227.787;242.4;8.5;541;
1709197189;29.02.2024;08:59:49;95.771;168.836;227.802;242.4;8.5;541;
1709198090;29.02.2024;09:14:50;95.774;168.843;227.818;242.4;8.5;541;
1709198990;29.02.2024;09:29:50;95.776;168.85;227.834;242.4;8.5;541.1;
1709199890;29.02.2024;09:44:50;95.779;168.856;227.85;242.4;8.5;541.1;
1709200791;29.02.2024;09:59:51;95.782;168.862;227.863;242.4;8.5;541.1;
1709201691;29.02.2024;10:14:51;95.785;168.867;227.876;242.4;8.5;541.1;
1709202591;29.02.2024;10:29:51;95.787;168.871;227.888;242.4;8.5;541.1;
1709203492;29.02.2024;10:44:52;95.789;168.876;227.899;242.4;8.5;541.2;
1709204392;29.02.2024;10:59:52;95.791;168.88;227.909;242.4;8.5;541.2;
1709205292;29.02.2024;11:14:52;95.793;168.884;227.92;242.4;8.5;541.2;
1709206192;29.02.2024;11:29:52;95.794;168.888;227.929;242.4;8.5;541.2;
1709207093;29.02.2024;11:44:53;95.796;168.892;227.938;242.4;8.5;541.3;
1709207993;29.02.2024;11:59:53;95.797;168.896;227.946;242.4;8.5;541.3;
1709208893;29.02.2024;12:14:53;95.8;168.898;227.954;242.4;8.5;541.3;
1709209794;29.02.2024;12:29:54;95.802;168.902;227.962;242.4;8.5;541.3;
1709210694;29.02.2024;12:44:54;95.803;168.906;227.971;242.4;8.5;541.4;
1709211594;29.02.2024;12:59:54;95.805;168.91;227.979;242.4;8.5;541.4;
1709212495;29.02.2024;13:14:55;95.807;168.914;227.988;242.4;8.5;541.4;
1709213395;29.02.2024;13:29:55;95.809;168.918;227.996;242.4;8.5;541.5;
1709214295;29.02.2024;13:44:55;95.811;168.921;228.006;242.4;8.5;541.5;
1709215195;29.02.2024;13:59:55;95.812;168.924;228.016;242.4;8.5;541.5;
1709216096;29.02.2024;14:14:56;95.813;168.928;228.024;242.4;8.5;541.5;
1709216996;29.02.2024;14:29:56;95.814;168.931;228.032;242.4;8.5;541.6;
1709217896;29.02.2024;14:44:56;95.816;168.933;228.039;242.4;8.5;541.6;
1709218797;29.02.2024;14:59:57;95.817;168.936;228.047;242.4;8.5;541.6;
1709219697;29.02.2024;15:14:57;95.818;168.938;228.054;242.4;8.5;541.6;
1709220597;29.02.2024;15:29:57;95.819;168.941;228.06;242.4;8.5;541.6;
1709221498;29.02.2024;15:44:58;95.821;168.944;228.068;242.4;8.5;541.7;
1709222398;29.02.2024;15:59:58;95.822;168.946;228.075;242.4;8.5;541.7;
1709223298;29.02.2024;16:14:58;95.824;168.949;228.082;242.4;8.5;541.7;
1709224199;29.02.2024;16:29:59;95.826;168.951;228.089;242.4;8.5;541.7;
1709225099;29.02.2024;16:44:59;95.827;168.954;228.096;242.4;8.5;541.7;
1709225999;29.02.2024;16:59:59;95.829;168.957;228.103;242.4;8.5;541.8;
1709226899;29.02.2024;17:14:59;95.83;168.96;228.111;242.4;8.5;541.8;
1709227800;29.02.2024;17:30:00;95.832;168.963;228.118;242.4;8.5;541.8;
1709228700;29.02.2024;17:45:00;95.833;168.965;228.127;242.4;8.5;541.8;
1709229600;29.02.2024;18:00:00;95.835;168.968;228.136;242.4;8.5;541.8;
1709230501;29.02.2024;18:15:01;95.837;168.971;228.143;242.4;8.5;541.8;
1709231401;29.02.2024;18:30:01;95.84;168.975;228.151;242.4;8.5;541.9;
1709232301;29.02.2024;18:45:01;95.841;168.978;228.158;242.4;8.5;541.9;
1709233202;29.02.2024;19:00:02;95.843;168.982;228.165;242.4;8.5;541.9;
1709234102;29.02.2024;19:15:02;95.843;168.983;228.168;242.4;8.5;541.9;
1709235002;29.02.2024;19:30:02;95.844;168.983;228.17;242.4;8.5;541.9;
1709235903;29.02.2024;19:45:03;95.845;168.983;228.174;242.4;8.5;541.9;
1709236803;29.02.2024;20:00:03;95.846;168.984;228.178;242.4;8.5;541.9;
1709237703;29.02.2024;20:15:03;95.847;168.986;228.183;242.4;8.5;541.9;
1709238603;29.02.2024;20:30:03;95.849;168.989;228.187;242.4;8.5;541.9;
1709239504;29.02.2024;20:45:04;95.85;168.991;228.193;242.4;8.5;541.9;
1709240404;29.02.2024;21:00:04;95.852;168.993;228.198;242.4;8.5;541.9;
1709241304;29.02.2024;21:15:04;95.854;168.996;228.203;242.4;8.5;541.9;
1709242205;29.02.2024;21:30:05;95.855;168.999;228.207;242.4;8.5;541.9;
1709243105;29.02.2024;21:45:05;95.857;169.001;228.212;242.4;8.5;541.9;
1709244005;29.02.2024;22:00:05;95.858;169.003;228.217;242.4;8.5;541.9;
1709244906;29.02.2024;22:15:06;95.86;169.005;228.222;242.4;8.5;541.9;
1709245806;29.02.2024;22:30:06;95.861;169.009;228.227;242.4;8.5;541.9;
1709246706;29.02.2024;22:45:06;95.863;169.012;228.232;242.4;8.5;541.9;
1709247606;29.02.2024;23:00:06;95.865;169.014;228.237;242.4;8.5;541.9;
1709248507;29.02.2024;23:15:07;95.866;169.016;228.241;242.4;8.5;541.9;
1709249407;29.02.2024;23:30:07;95.868;169.019;228.246;242.4;8.5;541.9;
1709250307;29.02.2024;23:45:07;95.869;169.022;228.251;242.4;8.5;541.9;
1709251208;01.03.2024;00:00:08;95.871;169.024;228.256;242.4;8.5;541.9;
1709252108;01.03.2024;00:15:08;95.872;169.026;228.26;242.4;8.5;541.9;
1709253008;01.03.2024;00:30:08;95.874;169.029;228.265;242.4;8.5;541.9;
1709253908;01.03.2024;00:45:08;95.875;169.032;228.269;242.4;8.5;541.9;
1709254809;01.03.2024;01:00:09;95.877;169.034;228.275;242.4;8.5;541.9;
1709255709;01.03.2024;01:15:09;95.879;169.036;228.279;242.4;8.5;541.9;
1709256609;01.03.2024;01:30:09;95.88;169.039;228.284;242.4;8.5;541.9;
1709257510;01.03.2024;01:45:10;95.882;169.043;228.289;242.4;8.5;541.9;
1709258410;01.03.2024;02:00:10;95.883;169.046;228.295;242.4;8.5;541.9;
1709259310;01.03.2024;02:15:10;95.885;169.048;228.3;242.4;8.5;541.9;
1709260211;01.03.2024;02:30:11;95.887;169.051;228.305;242.4;8.5;541.9;
1709261111;01.03.2024;02:45:11;95.889;169.055;228.311;242.4;8.5;541.9;
1709262011;01.03.2024;03:00:11;95.891;169.057;228.321;242.4;8.5;541.9;
1709262911;01.03.2024;03:15:11;95.9;169.06;228.343;242.4;8.5;541.9;
1709263812;01.03.2024;03:30:12;95.905;169.064;228.367;242.4;8.5;541.9;
1709264712;01.03.2024;03:45:12;95.91;169.071;228.387;242.4;8.5;541.9;
1709265612;01.03.2024;04:00:12;95.916;169.077;228.405;242.4;8.5;541.9;
1709266513;01.03.2024;04:15:13;95.921;169.083;228.421;242.4;8.5;541.9;
1709267413;01.03.2024;04:30:13;95.925;169.088;228.438;242.4;8.5;541.9;
1709268313;01.03.2024;04:45:13;95.93;169.092;228.453;242.4;8.5;541.9;
1709269214;01.03.2024;05:00:14;95.934;169.097;228.469;242.4;8.5;541.9;
1709270114;01.03.2024;05:15:14;95.938;169.102;228.486;242.4;8.5;541.9;
1709271014;01.03.2024;05:30:14;95.942;169.108;228.502;242.4;8.5;541.9;
1709271914;01.03.2024;05:45:14;95.947;169.114;228.518;242.4;8.5;541.9;
1709272815;01.03.2024;06:00:15;95.951;169.119;228.532;242.4;8.5;541.9;
1709273715;01.03.2024;06:15:15;95.955;169.125;228.544;242.4;8.5;542;
1709274615;01.03.2024;06:30:15;95.958;169.13;228.557;242.4;8.5;542;
1709275516;01.03.2024;06:45:16;95.961;169.135;228.568;242.4;8.5;542;
1709276416;01.03.2024;07:00:16;95.964;169.139;228.578;242.4;8.5;542.1;
1709277316;01.03.2024;07:15:16;95.967;169.144;228.59;242.4;8.5;542.1;
1709278217;01.03.2024;07:30:17;95.969;169.148;228.603;242.4;8.5;542.1;
1709279117;01.03.2024;07:45:17;95.972;169.153;228.619;242.4;8.5;542.1;
1709280017;01.03.2024;08:00:17;95.975;169.159;228.633;242.4;8.5;542.1;
1709280917;01.03.2024;08:15:17;95.978;169.164;228.646;242.4;8.5;542.2;
1709281818;01.03.2024;08:30:18;95.983;169.169;228.657;242.4;8.5;542.2;
1709282718;01.03.2024;08:45:18;95.987;169.174;228.668;242.4;8.5;542.2;
1709283618;01.03.2024;09:00:18;95.99;169.179;228.678;242.4;8.5;542.2;
1709284519;01.03.2024;09:15:19;95.992;169.184;228.689;242.4;8.5;542.2;
1709285419;01.03.2024;09:30:19;95.994;169.189;228.7;242.4;8.5;542.2;
1709286319;01.03.2024;09:45:19;95.996;169.194;228.709;242.4;8.5;542.3;
1709287220;01.03.2024;10:00:20;95.998;169.197;228.717;242.4;8.5;542.4;
1709288120;01.03.2024;10:15:20;95.999;169.2;228.726;242.4;8.5;542.4;
1709289020;01.03.2024;10:30:20;96;169.205;228.735;242.4;8.5;542.4;
1709289921;01.03.2024;10:45:21;96.003;169.211;228.746;242.4;8.5;542.4;
1709290821;01.03.2024;11:00:21;96.005;169.216;228.757;242.4;8.5;542.5;
1709291721;01.03.2024;11:15:21;96.007;169.217;228.764;242.4;8.5;542.5;
1709292621;01.03.2024;11:30:21;96.008;169.219;228.771;242.4;8.5;542.5;
1709293522;01.03.2024;11:45:22;96.01;169.221;228.782;242.4;8.5;542.5;
1709294422;01.03.2024;12:00:22;96.011;169.225;228.792;242.4;8.5;542.6;
1709295322;01.03.2024;12:15:22;96.012;169.229;228.801;242.4;8.5;542.6;
1709296223;01.03.2024;12:30:23;96.014;169.232;228.809;242.4;8.5;542.6;
1709297123;01.03.2024;12:45:23;96.014;169.234;228.817;242.4;8.5;542.7;
1709298023;01.03.2024;13:00:23;96.015;169.236;228.824;242.4;8.5;542.7;
1709298924;01.03.2024;13:15:24;96.017;169.239;228.832;242.4;8.5;542.8;
1709299824;01.03.2024;13:30:24;96.018;169.243;228.84;242.4;8.5;542.8;
1709300724;01.03.2024;13:45:24;96.019;169.246;228.847;242.4;8.5;542.8;
1709301625;01.03.2024;14:00:25;96.02;169.248;228.854;242.4;8.5;542.8;
1709302525;01.03.2024;14:15:25;96.021;169.251;228.86;242.4;8.5;542.9;
1709303425;01.03.2024;14:30:25;96.023;169.254;228.867;242.4;8.5;543;
1709304325;01.03.2024;14:45:25;96.025;169.257;228.873;242.4;8.5;543;
1709305226;01.03.2024;15:00:26;96.026;169.26;228.881;242.4;8.5;543;
1709306126;01.03.2024;15:15:26;96.028;169.263;228.888;242.4;8.5;543.1;
1709307026;01.03.2024;15:30:26;96.029;169.266;228.896;242.4;8.5;543.1;
1709307927;01.03.2024;15:45:27;96.03;169.268;228.906;242.4;8.5;543.1;
1709308827;01.03.2024;16:00:27;96.032;169.271;228.915;242.4;8.5;543.2;
1709309727;01.03.2024;16:15:27;96.033;169.275;228.923;242.4;8.5;543.3;
1709310628;01.03.2024;16:30:28;96.035;169.278;228.931;242.4;8.5;543.3;
1709311528;01.03.2024;16:45:28;96.037;169.281;228.938;242.4;8.5;543.3;
1709312428;01.03.2024;17:00:28;96.038;169.284;228.946;242.4;8.5;543.3;
1709313328;01.03.2024;17:15:28;96.04;169.287;228.953;242.4;8.5;543.4;
1709314229;01.03.2024;17:30:29;96.042;169.29;228.961;242.4;8.5;543.4;
1709315129;01.03.2024;17:45:29;96.044;169.293;228.968;242.4;8.5;543.4;
1709316029;01.03.2024;18:00:29;96.046;169.296;228.976;242.4;8.5;543.4;
1709316930;01.03.2024;18:15:30;96.048;169.299;228.986;242.4;8.5;543.4;
1709317830;01.03.2024;18:30:30;96.05;169.302;228.996;242.4;8.5;543.5;
1709318730;01.03.2024;18:45:30;96.052;169.307;229.005;242.4;8.5;543.5;
1709319631;01.03.2024;19:00:31;96.053;169.31;229.012;242.4;8.5;543.5;
1709320531;01.03.2024;19:15:31;96.054;169.311;229.016;242.4;8.5;543.5;
1709321431;01.03.2024;19:30:31;96.055;169.311;229.019;242.4;8.5;543.5;
1709322331;01.03.2024;19:45:31;96.056;169.311;229.024;242.4;8.5;543.5;
1709323232;01.03.2024;20:00:32;96.057;169.313;229.029;242.4;8.5;543.5;
1709324132;01.03.2024;20:15:32;96.058;169.316;229.033;242.4;8.5;543.5;
1709325032;01.03.2024;20:30:32;96.06;169.318;229.039;242.4;8.5;543.5;
1709325933;01.03.2024;20:45:33;96.061;169.32;229.044;242.4;8.5;543.5;
1709326833;01.03.2024;21:00:33;96.062;169.323;229.049;242.4;8.5;543.5;
1709327733;01.03.2024;21:15:33;96.063;169.325;229.054;242.4;8.5;543.5;
1709328634;01.03.2024;21:30:34;96.065;169.327;229.059;242.4;8.5;543.5;
1709329534;01.03.2024;21:45:34;96.066;169.329;229.064;242.4;8.5;543.5;
1709330434;01.03.2024;22:00:34;96.067;169.331;229.069;242.4;8.5;543.5;
1709331334;01.03.2024;22:15:34;96.068;169.334;229.074;242.4;8.5;543.5;
1709332235;01.03.2024;22:30:35;96.07;169.336;229.079;242.4;8.5;543.5;
1709333135;01.03.2024;22:45:35;96.071;169.338;229.084;242.4;8.5;543.5;
1709334035;01.03.2024;23:00:35;96.072;169.34;229.089;242.4;8.5;543.5;
1709334936;01.03.2024;23:15:36;96.073;169.343;229.094;242.4;8.5;543.5;
1709335836;01.03.2024;23:30:36;96.075;169.346;229.1;242.4;8.5;543.5;
1709336736;01.03.2024;23:45:36;96.076;169.349;229.112;242.4;8.5;543.5;
1709337637;02.03.2024;00:00:37;96.078;169.353;229.12;242.4;8.5;543.5;
1709338537;02.03.2024;00:15:37;96.08;169.355;229.125;242.4;8.5;543.5;
1709339437;02.03.2024;00:30:37;96.081;169.358;229.13;242.4;8.5;543.5;
1709340338;02.03.2024;00:45:38;96.083;169.36;229.135;242.4;8.5;543.5;
1709341238;02.03.2024;01:00:38;96.085;169.362;229.14;242.4;8.5;543.5;
1709342138;02.03.2024;01:15:38;96.086;169.365;229.145;242.4;8.5;543.5;
1709343038;02.03.2024;01:30:38;96.087;169.368;229.15;242.4;8.5;543.5;
1709343939;02.03.2024;01:45:39;96.088;169.371;229.155;242.4;8.5;543.5;
1709344839;02.03.2024;02:00:39;96.09;169.373;229.16;242.4;8.5;543.5;
1709345739;02.03.2024;02:15:39;96.091;169.376;229.165;242.4;8.5;543.5;
1709346640;02.03.2024;02:30:40;96.092;169.379;229.17;242.4;8.5;543.5;
1709347540;02.03.2024;02:45:40;96.094;169.382;229.175;242.4;8.5;543.5;
1709348440;02.03.2024;03:00:40;96.095;169.385;229.181;242.4;8.5;543.5;
1709349341;02.03.2024;03:15:41;96.096;169.387;229.187;242.4;8.5;543.5;
1709350241;02.03.2024;03:30:41;96.098;169.39;229.192;242.4;8.5;543.5;
1709351141;02.03.2024;03:45:41;96.099;169.393;229.197;242.4;8.5;543.5;
1709352041;02.03.2024;04:00:41;96.1;169.396;229.203;242.4;8.5;543.5;
1709352942;02.03.2024;04:15:42;96.102;169.398;229.208;242.4;8.5;543.5;
1709353842;02.03.2024;04:30:42;96.103;169.401;229.213;242.4;8.5;543.5;
1709354742;02.03.2024;04:45:42;96.104;169.405;229.218;242.4;8.5;543.5;
1709355643;02.03.2024;05:00:43;96.106;169.407;229.223;242.4;8.5;543.5;
1709356543;02.03.2024;05:15:43;96.107;169.41;229.23;242.4;8.5;543.5;
1709357443;02.03.2024;05:30:43;96.109;169.413;229.236;242.4;8.5;543.5;
1709358344;02.03.2024;05:45:44;96.111;169.418;229.242;242.4;8.5;543.5;
1709359244;02.03.2024;06:00:44;96.113;169.422;229.248;242.4;8.5;543.5;
1709360144;02.03.2024;06:15:44;96.114;169.424;229.254;242.4;8.5;543.5;
1709361045;02.03.2024;06:30:45;96.116;169.426;229.259;242.4;8.5;543.5;
1709361945;02.03.2024;06:45:45;96.117;169.429;229.264;242.4;8.5;543.5;
1709362845;02.03.2024;07:00:45;96.118;169.433;229.27;242.4;8.5;543.5;
1709363746;02.03.2024;07:15:46;96.12;169.436;229.276;242.4;8.5;543.5;
1709364646;02.03.2024;07:30:46;96.121;169.438;229.282;242.4;8.5;543.5;
1709365546;02.03.2024;07:45:46;96.122;169.442;229.287;242.4;8.5;543.5;
1709366446;02.03.2024;08:00:46;96.124;169.445;229.292;242.4;8.5;543.5;
1709367347;02.03.2024;08:15:47;96.125;169.447;229.3;242.4;8.5;543.5;
1709368247;02.03.2024;08:30:47;96.126;169.45;229.307;242.4;8.5;543.5;
1709369147;02.03.2024;08:45:47;96.128;169.453;229.313;242.4;8.5;543.5;
1709370048;02.03.2024;09:00:48;96.129;169.457;229.318;242.4;8.5;543.5;
1709370948;02.03.2024;09:15:48;96.131;169.46;229.323;242.4;8.5;543.5;
1709371848;02.03.2024;09:30:48;96.132;169.463;229.329;242.4;8.5;543.5;
1709372749;02.03.2024;09:45:49;96.134;169.465;229.334;242.4;8.5;543.5;
1709373649;02.03.2024;10:00:49;96.135;169.469;229.339;242.4;8.5;543.5;
1709374549;02.03.2024;10:15:49;96.136;169.472;229.344;242.4;8.5;543.5;
1709375449;02.03.2024;10:30:49;96.138;169.474;229.349;242.4;8.5;543.5;
1709376350;02.03.2024;10:45:50;96.139;169.476;229.354;242.4;8.5;543.5;
1709377250;02.03.2024;11:00:50;96.14;169.48;229.36;242.4;8.5;543.5;
1709378150;02.03.2024;11:15:50;96.141;169.482;229.365;242.4;8.5;543.5;
1709379051;02.03.2024;11:30:51;96.143;169.485;229.37;242.4;8.5;543.5;
1709379951;02.03.2024;11:45:51;96.144;169.487;229.375;242.4;8.5;543.5;
1709380851;02.03.2024;12:00:51;96.145;169.488;229.38;242.4;8.5;543.5;
1709381752;02.03.2024;12:15:52;96.146;169.491;229.385;242.4;8.5;543.5;
1709382652;02.03.2024;12:30:52;96.147;169.494;229.39;242.4;8.5;543.5;
1709383552;02.03.2024;12:45:52;96.148;169.497;229.395;242.4;8.5;543.5;
1709384452;02.03.2024;13:00:52;96.149;169.499;229.401;242.4;8.5;543.5;
1709385353;02.03.2024;13:15:53;96.15;169.501;229.406;242.4;8.5;543.5;
1709386253;02.03.2024;13:30:53;96.152;169.503;229.411;242.4;8.5;543.5;
1709387153;02.03.2024;13:45:53;96.153;169.505;229.416;242.4;8.5;543.5;
1709388054;02.03.2024;14:00:54;96.154;169.507;229.421;242.4;8.5;543.5;
1709388954;02.03.2024;14:15:54;96.155;169.509;229.426;242.4;8.5;543.5;
1709389854;02.03.2024;14:30:54;96.157;169.513;229.431;242.4;8.5;543.5;
1709390755;02.03.2024;14:45:55;96.158;169.515;229.436;242.4;8.5;543.5;
1709391655;02.03.2024;15:00:55;96.159;169.517;229.442;242.4;8.5;543.5;
1709392555;02.03.2024;15:15:55;96.161;169.519;229.447;242.4;8.5;543.5;
1709393455;02.03.2024;15:30:55;96.162;169.522;229.452;242.4;8.5;543.5;
1709394356;02.03.2024;15:45:56;96.163;169.524;229.458;242.4;8.5;543.5;
1709395256;02.03.2024;16:00:56;96.164;169.526;229.462;242.4;8.5;543.5;
1709396156;02.03.2024;16:15:56;96.166;169.528;229.467;242.4;8.5;543.5;
1709397057;02.03.2024;16:30:57;96.167;169.53;229.473;242.4;8.5;543.5;
1709397957;02.03.2024;16:45:57;96.168;169.534;229.477;242.4;8.5;543.5;
1709398857;02.03.2024;17:00:57;96.17;169.536;229.483;242.4;8.5;543.5;
1709399758;02.03.2024;17:15:58;96.171;169.539;229.488;242.4;8.5;543.5;
1709400658;02.03.2024;17:30:58;96.172;169.541;229.494;242.4;8.5;543.5;
1709401558;02.03.2024;17:45:58;96.174;169.543;229.499;242.4;8.5;543.5;
1709402458;02.03.2024;18:00:58;96.175;169.545;229.504;242.4;8.5;543.5;
1709403359;02.03.2024;18:15:59;96.176;169.547;229.509;242.4;8.5;543.5;
1709404259;02.03.2024;18:30:59;96.178;169.549;229.514;242.4;8.5;543.5;
1709405159;02.03.2024;18:45:59;96.179;169.553;229.52;242.4;8.5;543.5;
1709406060;02.03.2024;19:01:00;96.18;169.556;229.525;242.4;8.5;543.5;
1709406960;02.03.2024;19:16:00;96.181;169.557;229.529;242.4;8.5;543.5;
1709407860;02.03.2024;19:31:00;96.182;169.558;229.533;242.4;8.5;543.5;
1709408761;02.03.2024;19:46:01;96.183;169.559;229.541;242.4;8.5;543.5;
1709409661;02.03.2024;20:01:01;96.185;169.564;229.548;242.4;8.5;543.5;
1709410561;02.03.2024;20:16:01;96.186;169.567;229.553;242.4;8.5;543.5;
1709411462;02.03.2024;20:31:02;96.187;169.569;229.558;242.4;8.5;543.5;
1709412363;02.03.2024;20:46:03;96.189;169.57;229.563;242.4;8.5;543.5;
1709413264;02.03.2024;21:01:04;96.19;169.574;229.568;242.4;8.5;543.5;
1709414164;02.03.2024;21:16:04;96.191;169.577;229.574;242.4;8.5;543.5;
1709415064;02.03.2024;21:31:04;96.192;169.579;229.579;242.4;8.5;543.5;
1709415965;02.03.2024;21:46:05;96.194;169.582;229.584;242.4;8.5;543.5;
1709416865;02.03.2024;22:01:05;96.195;169.585;229.589;242.4;8.5;543.5;
1709417765;02.03.2024;22:16:05;96.196;169.588;229.594;242.4;8.5;543.5;
1709418666;02.03.2024;22:31:06;96.197;169.59;229.599;242.4;8.5;543.5;
1709419566;02.03.2024;22:46:06;96.199;169.592;229.604;242.4;8.5;543.5;
1709420466;02.03.2024;23:01:06;96.2;169.595;229.609;242.4;8.5;543.5;
1709421366;02.03.2024;23:16:06;96.202;169.598;229.614;242.4;8.5;543.5;
1709422267;02.03.2024;23:31:07;96.204;169.601;229.619;242.4;8.5;543.5;
1709423167;02.03.2024;23:46:07;96.205;169.603;229.624;242.4;8.5;543.5;
1709424067;03.03.2024;00:01:07;96.206;169.606;229.629;242.4;8.5;543.5;
1709424968;03.03.2024;00:16:08;96.208;169.609;229.634;242.4;8.5;543.5;
1709425868;03.03.2024;00:31:08;96.209;169.612;229.639;242.4;8.5;543.5;
1709426768;03.03.2024;00:46:08;96.21;169.614;229.644;242.4;8.5;543.5;
1709427669;03.03.2024;01:01:09;96.211;169.616;229.649;242.4;8.5;543.5;
1709428569;03.03.2024;01:16:09;96.213;169.62;229.654;242.4;8.5;543.5;
1709429469;03.03.2024;01:31:09;96.214;169.624;229.659;242.4;8.5;543.5;
1709430370;03.03.2024;01:46:10;96.215;169.626;229.665;242.4;8.5;543.5;
1709431270;03.03.2024;02:01:10;96.217;169.628;229.671;242.4;8.5;543.5;
1709432170;03.03.2024;02:16:10;96.218;169.632;229.676;242.4;8.5;543.5;
1709433070;03.03.2024;02:31:10;96.22;169.635;229.681;242.4;8.5;543.5;
1709433971;03.03.2024;02:46:11;96.222;169.638;229.686;242.4;8.5;543.5;
1709434871;03.03.2024;03:01:11;96.223;169.64;229.691;242.4;8.5;543.5;
1709435771;03.03.2024;03:16:11;96.224;169.642;229.696;242.4;8.5;543.5;
1709436672;03.03.2024;03:31:12;96.226;169.646;229.702;242.4;8.5;543.5;
1709437572;03.03.2024;03:46:12;96.227;169.65;229.708;242.4;8.5;543.5;
1709438472;03.03.2024;04:01:12;96.228;169.652;229.714;242.4;8.5;543.5;
1709439372;03.03.2024;04:16:12;96.23;169.654;229.72;242.4;8.5;543.5;
1709440273;03.03.2024;04:31:13;96.231;169.658;229.725;242.4;8.5;543.5;
1709441173;03.03.2024;04:46:13;96.232;169.662;229.733;242.4;8.5;543.5;
1709442073;03.03.2024;05:01:13;96.234;169.665;229.744;242.4;8.5;543.5;
1709442974;03.03.2024;05:16:14;96.236;169.669;229.754;242.4;8.5;543.5;
1709443874;03.03.2024;05:31:14;96.238;169.674;229.763;242.4;8.5;543.5;
1709444774;03.03.2024;05:46:14;96.24;169.678;229.771;242.4;8.5;543.5;
1709445675;03.03.2024;06:01:15;96.241;169.681;229.779;242.4;8.5;543.5;
1709446575;03.03.2024;06:16:15;96.243;169.683;229.788;242.4;8.5;543.5;
1709447475;03.03.2024;06:31:15;96.244;169.686;229.796;242.4;8.5;543.5;
1709448375;03.03.2024;06:46:15;96.245;169.69;229.805;242.4;8.5;543.5;
1709449276;03.03.2024;07:01:16;96.247;169.693;229.814;242.4;8.5;543.5;
1709450176;03.03.2024;07:16:16;96.248;169.696;229.825;242.4;8.5;543.5;
1709451076;03.03.2024;07:31:16;96.25;169.699;229.834;242.4;8.5;543.5;
1709451977;03.03.2024;07:46:17;96.252;169.703;229.842;242.4;8.5;543.5;
1709452877;03.03.2024;08:01:17;96.254;169.707;229.85;242.4;8.5;543.5;
1709453777;03.03.2024;08:16:17;96.255;169.71;229.858;242.4;8.5;543.5;
1709454678;03.03.2024;08:31:18;96.257;169.713;229.865;242.4;8.5;543.5;
1709455578;03.03.2024;08:46:18;96.258;169.716;229.872;242.4;8.5;543.5;
1709456478;03.03.2024;09:01:18;96.259;169.72;229.88;242.4;8.5;543.5;
1709457378;03.03.2024;09:16:18;96.26;169.723;229.89;242.4;8.5;543.5;
1709458279;03.03.2024;09:31:19;96.262;169.727;229.898;242.4;8.5;543.5;
1709459179;03.03.2024;09:46:19;96.263;169.73;229.905;242.4;8.5;543.5;
1709460079;03.03.2024;10:01:19;96.265;169.733;229.915;242.4;8.5;543.5;
1709460980;03.03.2024;10:16:20;96.267;169.738;229.924;242.4;8.5;543.5;
1709461880;03.03.2024;10:31:20;96.269;169.742;229.933;242.4;8.5;543.5;
1709462780;03.03.2024;10:46:20;96.27;169.744;229.94;242.4;8.5;543.5;
1709463681;03.03.2024;11:01:21;96.272;169.748;229.946;242.4;8.5;543.5;
1709464581;03.03.2024;11:16:21;96.273;169.752;229.951;242.4;8.5;543.5;
1709465481;03.03.2024;11:31:21;96.274;169.755;229.957;242.4;8.5;543.5;
1709466381;03.03.2024;11:46:21;96.276;169.757;229.962;242.4;8.5;543.5;
1709467282;03.03.2024;12:01:22;96.277;169.761;229.969;242.4;8.5;543.5;
1709468182;03.03.2024;12:16:22;96.278;169.764;229.979;242.4;8.5;543.5;
1709469082;03.03.2024;12:31:22;96.28;169.769;229.987;242.4;8.5;543.5;
1709469983;03.03.2024;12:46:23;96.281;169.772;229.995;242.4;8.5;543.5;
1709470883;03.03.2024;13:01:23;96.283;169.774;230.004;242.4;8.5;543.5;
1709471783;03.03.2024;13:16:23;96.284;169.779;230.012;242.4;8.5;543.5;
1709472683;03.03.2024;13:31:23;96.286;169.783;230.02;242.4;8.5;543.5;
1709473584;03.03.2024;13:46:24;96.288;169.786;230.028;242.4;8.5;543.5;
1709474484;03.03.2024;14:01:24;96.289;169.788;230.037;242.4;8.5;543.5;
1709475384;03.03.2024;14:16:24;96.29;169.793;230.046;242.4;8.5;543.5;
1709476285;03.03.2024;14:31:25;96.292;169.797;230.056;242.4;8.5;543.5;
1709477185;03.03.2024;14:46:25;96.293;169.801;230.066;242.4;8.5;543.5;
1709478085;03.03.2024;15:01:25;96.295;169.803;230.074;242.4;8.5;543.5;
1709478986;03.03.2024;15:16:26;96.296;169.807;230.081;242.4;8.5;543.5;
1709479886;03.03.2024;15:31:26;96.298;169.81;230.089;242.4;8.5;543.5;
1709480786;03.03.2024;15:46:26;96.3;169.814;230.098;242.4;8.5;543.5;
1709481687;03.03.2024;16:01:27;96.301;169.817;230.108;242.4;8.5;543.5;
1709482587;03.03.2024;16:16:27;96.303;169.82;230.118;242.4;8.5;543.5;
1709483487;03.03.2024;16:31:27;96.304;169.825;230.127;242.4;8.5;543.5;
1709484388;03.03.2024;16:46:28;96.305;169.829;230.136;242.4;8.5;543.5;
1709485288;03.03.2024;17:01:28;96.307;169.833;230.145;242.4;8.5;543.5;
1709486188;03.03.2024;17:16:28;96.309;169.835;230.152;242.4;8.5;543.5;
1709487088;03.03.2024;17:31:28;96.31;169.839;230.158;242.4;8.5;543.5;
1709487989;03.03.2024;17:46:29;96.311;169.843;230.164;242.4;8.5;543.5;
1709488889;03.03.2024;18:01:29;96.313;169.846;230.171;242.4;8.5;543.5;
1709489789;03.03.2024;18:16:29;96.315;169.848;230.178;242.4;8.5;543.5;
1709490690;03.03.2024;18:31:30;96.317;169.852;230.185;242.4;8.5;543.5;
1709491590;03.03.2024;18:46:30;96.319;169.856;230.193;242.4;8.5;543.5;
1709492490;03.03.2024;19:01:30;96.32;169.861;230.203;242.4;8.5;543.5;
1709493391;03.03.2024;19:16:31;96.322;169.864;230.209;242.4;8.5;543.5;
1709494291;03.03.2024;19:31:31;96.323;169.865;230.217;242.4;8.5;543.5;
1709495191;03.03.2024;19:46:31;96.325;169.871;230.224;242.4;8.5;543.5;
1709496091;03.03.2024;20:01:31;96.327;169.876;230.233;242.4;8.5;543.5;
1709496992;03.03.2024;20:16:32;96.329;169.878;230.242;242.4;8.5;543.5;
1709497892;03.03.2024;20:31:32;96.33;169.881;230.253;242.4;8.5;543.5;
1709498792;03.03.2024;20:46:32;96.332;169.885;230.26;242.4;8.5;543.5;
1709499693;03.03.2024;21:01:33;96.333;169.889;230.269;242.4;8.5;543.5;
1709500593;03.03.2024;21:16:33;96.334;169.894;230.281;242.4;8.5;543.5;
1709501493;03.03.2024;21:31:33;96.336;169.898;230.289;242.4;8.5;543.5;
1709502394;03.03.2024;21:46:34;96.339;169.902;230.296;242.4;8.5;543.5;
1709503294;03.03.2024;22:01:34;96.34;169.906;230.303;242.4;8.5;543.5;
1709504194;03.03.2024;22:16:34;96.342;169.909;230.311;242.4;8.5;543.5;
1709505095;03.03.2024;22:31:35;96.344;169.912;230.319;242.4;8.5;543.5;
1709505995;03.03.2024;22:46:35;96.346;169.915;230.328;242.4;8.5;543.5;
1709506895;03.03.2024;23:01:35;96.348;169.92;230.336;242.4;8.5;543.5;
1709507795;03.03.2024;23:16:35;96.349;169.925;230.344;242.4;8.5;543.5;
1709508696;03.03.2024;23:31:36;96.351;169.93;230.355;242.4;8.5;543.5;
1709509596;03.03.2024;23:46:36;96.352;169.934;230.37;242.4;8.5;543.5;
1709510496;04.03.2024;00:01:36;96.354;169.939;230.38;242.4;8.5;543.5;
1709511397;04.03.2024;00:16:37;96.356;169.943;230.389;242.4;8.5;543.5;
1709512297;04.03.2024;00:31:37;96.357;169.946;230.397;242.4;8.5;543.5;
1709513197;04.03.2024;00:46:37;96.359;169.948;230.405;242.4;8.5;543.5;
1709514098;04.03.2024;01:01:38;96.36;169.951;230.412;242.4;8.5;543.5;
1709514998;04.03.2024;01:16:38;96.362;169.955;230.42;242.4;8.5;543.5;
1709515898;04.03.2024;01:31:38;96.364;169.96;230.428;242.4;8.5;543.5;
1709516798;04.03.2024;01:46:38;96.366;169.964;230.437;242.4;8.5;543.5;
1709517699;04.03.2024;02:01:39;96.368;169.966;230.445;242.4;8.5;543.5;
1709518599;04.03.2024;02:16:39;96.37;169.97;230.456;242.4;8.5;543.5;
1709519499;04.03.2024;02:31:39;96.371;169.976;230.468;242.4;8.5;543.5;
1709520400;04.03.2024;02:46:40;96.373;169.98;230.476;242.4;8.5;543.5;
1709521300;04.03.2024;03:01:40;96.377;169.982;230.484;242.4;8.5;543.5;
1709522200;04.03.2024;03:16:40;96.386;169.985;230.507;242.4;8.5;543.5;
1709523101;04.03.2024;03:31:41;96.392;169.992;230.533;242.4;8.5;543.5;
1709524001;04.03.2024;03:46:41;96.399;169.999;230.554;242.4;8.5;543.5;
1709524901;04.03.2024;04:01:41;96.404;170.004;230.572;242.4;8.5;543.5;
1709525801;04.03.2024;04:16:41;96.409;170.01;230.589;242.4;8.5;543.5;
1709526702;04.03.2024;04:31:42;96.415;170.015;230.607;242.4;8.5;543.5;
1709527602;04.03.2024;04:46:42;96.42;170.021;230.625;242.4;8.5;543.5;
1709528502;04.03.2024;05:01:42;96.425;170.026;230.642;242.4;8.5;543.5;
1709529403;04.03.2024;05:16:43;96.43;170.033;230.66;242.4;8.5;543.5;
1709530303;04.03.2024;05:31:43;96.434;170.038;230.677;242.4;8.5;543.5;
1709531203;04.03.2024;05:46:43;96.439;170.044;230.697;242.4;8.5;543.6;
1709532104;04.03.2024;06:01:44;96.444;170.051;230.716;242.4;8.5;543.6;
1709533004;04.03.2024;06:16:44;96.449;170.058;230.735;242.4;8.5;543.6;
1709533904;04.03.2024;06:31:44;96.454;170.063;230.754;242.4;8.5;543.6;
1709534805;04.03.2024;06:46:45;96.458;170.07;230.772;242.4;8.5;543.6;
1709535705;04.03.2024;07:01:45;96.464;170.076;230.789;242.4;8.5;543.6;
1709536605;04.03.2024;07:16:45;96.469;170.083;230.804;242.4;8.5;543.7;
1709537505;04.03.2024;07:31:45;96.473;170.089;230.821;242.4;8.5;543.7;
1709538406;04.03.2024;07:46:46;96.478;170.095;230.841;242.4;8.5;543.7;
1709539306;04.03.2024;08:01:46;96.483;170.102;230.86;242.4;8.5;543.7;
1709540206;04.03.2024;08:16:46;96.487;170.109;230.877;242.4;8.5;543.7;
1709541107;04.03.2024;08:31:47;96.492;170.114;230.894;242.4;8.5;543.7;
1709542007;04.03.2024;08:46:47;96.496;170.12;230.91;242.4;8.5;543.7;
1709542907;04.03.2024;09:01:47;96.5;170.126;230.926;242.4;8.5;543.8;
1709543808;04.03.2024;09:16:48;96.504;170.132;230.941;242.4;8.5;543.8;
1709544708;04.03.2024;09:31:48;96.508;170.137;230.954;242.4;8.5;543.9;
1709545608;04.03.2024;09:46:48;96.512;170.142;230.966;242.4;8.5;543.9;
1709546508;04.03.2024;10:01:48;96.515;170.151;230.983;242.4;8.5;544;
1709547409;04.03.2024;10:16:49;96.518;170.157;230.998;242.4;8.5;544;
1709548309;04.03.2024;10:31:49;96.522;170.164;231.012;242.4;8.5;544;
1709549209;04.03.2024;10:46:49;96.525;170.168;231.025;242.4;8.5;544.1;
1709550110;04.03.2024;11:01:50;96.528;170.172;231.035;242.4;8.5;544.1;
1709551010;04.03.2024;11:16:50;96.529;170.175;231.044;242.4;8.5;544.1;
1709551910;04.03.2024;11:31:50;96.531;170.179;231.053;242.4;8.5;544.2;
1709552811;04.03.2024;11:46:51;96.533;170.183;231.061;242.4;8.5;544.2;
1709553711;04.03.2024;12:01:51;96.534;170.186;231.07;242.4;8.5;544.3;
1709554611;04.03.2024;12:16:51;96.536;170.19;231.077;242.4;8.5;544.4;
1709555512;04.03.2024;12:31:52;96.537;170.193;231.085;242.4;8.5;544.4;
1709556412;04.03.2024;12:46:52;96.538;170.196;231.093;242.4;8.5;544.4;
1709557312;04.03.2024;13:01:52;96.54;170.2;231.101;242.4;8.5;544.5;
1709558212;04.03.2024;13:16:52;96.541;170.203;231.113;242.4;8.5;544.6;
1709559113;04.03.2024;13:31:53;96.543;170.207;231.121;242.4;8.5;544.7;
1709560013;04.03.2024;13:46:53;96.544;170.21;231.128;242.4;8.5;544.7;
1709560913;04.03.2024;14:01:53;96.546;170.213;231.137;242.4;8.5;544.8;
1709561814;04.03.2024;14:16:54;96.547;170.216;231.144;242.4;8.5;544.8;
1709562714;04.03.2024;14:31:54;96.548;170.219;231.151;242.4;8.5;544.9;
1709563614;04.03.2024;14:46:54;96.549;170.222;231.158;242.4;8.5;544.9;
1709564515;04.03.2024;15:01:55;96.551;170.225;231.165;242.4;8.5;545;
1709565415;04.03.2024;15:16:55;96.552;170.228;231.172;242.4;8.5;545;
1709566315;04.03.2024;15:31:55;96.553;170.231;231.178;242.4;8.5;545.1;
1709567216;04.03.2024;15:46:56;96.555;170.233;231.184;242.4;8.5;545.2;
1709568116;04.03.2024;16:01:56;96.557;170.236;231.19;242.4;8.5;545.2;
1709569016;04.03.2024;16:16:56;96.558;170.239;231.204;242.4;8.5;545.3;
1709569917;04.03.2024;16:31:57;96.559;170.242;231.218;242.4;8.5;545.3;
1709570817;04.03.2024;16:46:57;96.561;170.245;231.228;242.4;8.5;545.3;
1709571717;04.03.2024;17:01:57;96.562;170.248;231.237;242.4;8.5;545.4;
1709572617;04.03.2024;17:16:57;96.564;170.251;231.245;242.4;8.5;545.4;
1709573518;04.03.2024;17:31:58;96.565;170.255;231.254;242.4;8.5;545.5;
1709574418;04.03.2024;17:46:58;96.567;170.258;231.262;242.4;8.5;545.5;
1709575318;04.03.2024;18:01:58;96.568;170.262;231.27;242.4;8.5;545.5;
1709576219;04.03.2024;18:16:59;96.57;170.265;231.278;242.4;8.5;545.6;
1709577119;04.03.2024;18:31:59;96.571;170.269;231.289;242.4;8.5;545.6;
1709578019;04.03.2024;18:46:59;96.572;170.272;231.302;242.4;8.5;545.6;
1709578920;04.03.2024;19:02:00;96.574;170.274;231.312;242.4;8.5;545.6;
1709579820;04.03.2024;19:17:00;96.574;170.274;231.314;242.4;8.5;545.6;
1709580720;04.03.2024;19:32:00;96.575;170.274;231.317;242.4;8.5;545.7;
1709581621;04.03.2024;19:47:01;96.575;170.274;231.32;242.4;8.5;545.7;
1709582521;04.03.2024;20:02:01;96.576;170.274;231.325;242.4;8.5;545.8;
1709583421;04.03.2024;20:17:01;96.577;170.275;231.33;242.4;8.5;545.8;
1709584321;04.03.2024;20:32:01;96.578;170.278;231.335;242.4;8.5;545.8;
1709585222;04.03.2024;20:47:02;96.579;170.283;231.34;242.4;8.5;545.8;
1709586122;04.03.2024;21:02:02;96.581;170.285;231.345;242.4;8.5;545.8;
1709587022;04.03.2024;21:17:02;96.582;170.287;231.349;242.4;8.5;545.8;
1709587923;04.03.2024;21:32:03;96.584;170.289;231.354;242.4;8.5;545.8;
1709588823;04.03.2024;21:47:03;96.585;170.293;231.359;242.4;8.5;545.8;
1709589723;04.03.2024;22:02:03;96.586;170.297;231.364;242.4;8.5;545.8;
1709590624;04.03.2024;22:17:04;96.587;170.3;231.369;242.4;8.5;545.8;
1709591524;04.03.2024;22:32:04;96.589;170.302;231.374;242.4;8.5;545.8;
1709592424;04.03.2024;22:47:04;96.59;170.306;231.379;242.4;8.5;545.8;
1709593324;04.03.2024;23:02:04;96.591;170.309;231.385;242.4;8.5;545.8;
1709594225;04.03.2024;23:17:05;96.593;170.312;231.39;242.4;8.5;545.8;
1709595125;04.03.2024;23:32:05;96.594;170.314;231.395;242.4;8.5;545.8;
1709596025;04.03.2024;23:47:05;96.596;170.318;231.401;242.4;8.5;545.8;
1709596926;05.03.2024;00:02:06;96.597;170.321;231.406;242.4;8.5;545.8;
1709597826;05.03.2024;00:17:06;96.598;170.324;231.411;242.4;8.5;545.8;
1709598726;05.03.2024;00:32:06;96.599;170.327;231.415;242.4;8.5;545.8;
1709599627;05.03.2024;00:47:07;96.601;170.329;231.42;242.4;8.5;545.8;
1709600527;05.03.2024;01:02:07;96.602;170.333;231.425;242.4;8.5;545.8;
1709601427;05.03.2024;01:17:07;96.603;170.336;231.431;242.4;8.5;545.8;
1709602327;05.03.2024;01:32:07;96.604;170.339;231.438;242.4;8.5;545.8;
1709603228;05.03.2024;01:47:08;96.606;170.341;231.444;242.4;8.5;545.8;
1709604128;05.03.2024;02:02:08;96.607;170.345;231.449;242.4;8.5;545.8;
1709605028;05.03.2024;02:17:08;96.608;170.349;231.454;242.4;8.5;545.8;
1709605929;05.03.2024;02:32:09;96.609;170.352;231.46;242.4;8.5;545.8;
1709606829;05.03.2024;02:47:09;96.612;170.355;231.465;242.4;8.5;545.8;
1709607729;05.03.2024;03:02:09;96.615;170.358;231.47;242.4;8.5;545.8;
1709608630;05.03.2024;03:17:10;96.625;170.36;231.496;242.4;8.5;545.8;
1709609530;05.03.2024;03:32:10;96.632;170.365;231.522;242.4;8.5;545.8;
1709610430;05.03.2024;03:47:10;96.637;170.371;231.539;242.4;8.5;545.8;
1709611331;05.03.2024;04:02:11;96.642;170.376;231.554;242.4;8.5;545.8;
1709612231;05.03.2024;04:17:11;96.646;170.38;231.569;242.4;8.5;545.8;
1709613131;05.03.2024;04:32:11;96.65;170.385;231.583;242.4;8.5;545.8;
1709614032;05.03.2024;04:47:12;96.654;170.39;231.598;242.4;8.5;545.8;
1709614932;05.03.2024;05:02:12;96.658;170.395;231.611;242.4;8.5;545.8;
1709615832;05.03.2024;05:17:12;96.664;170.405;231.63;242.4;8.5;545.8;
1709616732;05.03.2024;05:32:12;96.669;170.412;231.648;242.4;8.5;545.8;
1709617633;05.03.2024;05:47:13;96.675;170.419;231.666;242.4;8.5;545.8;
1709618533;05.03.2024;06:02:13;96.681;170.425;231.682;242.4;8.5;545.8;
1709619433;05.03.2024;06:17:13;96.686;170.43;231.697;242.4;8.5;545.9;
1709620334;05.03.2024;06:32:14;96.69;170.434;231.71;242.4;8.5;545.9;
1709621234;05.03.2024;06:47:14;96.694;170.438;231.722;242.4;8.5;545.9;
1709622134;05.03.2024;07:02:14;96.698;170.443;231.734;242.4;8.5;546;
1709623035;05.03.2024;07:17:15;96.702;170.448;231.752;242.4;8.5;546;
1709623935;05.03.2024;07:32:15;96.705;170.452;231.771;242.4;8.5;546;
1709624835;05.03.2024;07:47:15;96.708;170.458;231.785;242.4;8.5;546;
1709625736;05.03.2024;08:02:16;96.711;170.464;231.798;242.4;8.5;546;
1709626636;05.03.2024;08:17:16;96.714;170.469;231.81;242.4;8.5;546;
1709627536;05.03.2024;08:32:16;96.717;170.473;231.821;242.4;8.5;546;
1709628436;05.03.2024;08:47:16;96.72;170.478;231.833;242.4;8.5;546;
1709629337;05.03.2024;09:02:17;96.723;170.482;231.845;242.4;8.5;546;
1709630237;05.03.2024;09:17:17;96.726;170.487;231.858;242.4;8.5;546.1;
1709631137;05.03.2024;09:32:17;96.728;170.492;231.871;242.4;8.5;546.1;
1709632038;05.03.2024;09:47:18;96.731;170.496;231.884;242.4;8.5;546.1;
1709632938;05.03.2024;10:02:18;96.733;170.5;231.897;242.4;8.5;546.1;
1709633838;05.03.2024;10:17:18;96.736;170.505;231.908;242.4;8.5;546.2;
1709634739;05.03.2024;10:32:19;96.738;170.508;231.918;242.4;8.5;546.2;
1709635639;05.03.2024;10:47:19;96.741;170.512;231.927;242.4;8.5;546.2;
1709636539;05.03.2024;11:02:19;96.743;170.516;231.936;242.4;8.5;546.3;
1709637440;05.03.2024;11:17:20;96.745;170.519;231.944;242.4;8.5;546.3;
1709638340;05.03.2024;11:32:20;96.747;170.523;231.952;242.4;8.5;546.3;
1709639240;05.03.2024;11:47:20;96.749;170.526;231.959;242.4;8.5;546.4;
1709640140;05.03.2024;12:02:20;96.751;170.53;231.967;242.4;8.5;546.4;
1709641041;05.03.2024;12:17:21;96.752;170.534;231.975;242.4;8.5;546.5;
1709641941;05.03.2024;12:32:21;96.754;170.539;231.984;242.4;8.5;546.5;
1709642841;05.03.2024;12:47:21;96.755;170.543;231.992;242.4;8.5;546.5;
1709643742;05.03.2024;13:02:22;96.757;170.546;231.999;242.4;8.5;546.6;
1709644642;05.03.2024;13:17:22;96.758;170.549;232.005;242.4;8.5;546.7;
1709645542;05.03.2024;13:32:22;96.759;170.552;232.012;242.4;8.5;546.8;
1709646443;05.03.2024;13:47:23;96.761;170.555;232.02;242.4;8.5;546.8;
1709647343;05.03.2024;14:02:23;96.763;170.559;232.027;242.4;8.5;546.9;
1709648243;05.03.2024;14:17:23;96.765;170.563;232.035;242.4;8.5;546.9;
1709649144;05.03.2024;14:32:24;96.766;170.566;232.042;242.4;8.5;546.9;
1709650044;05.03.2024;14:47:24;96.768;170.569;232.049;242.4;8.5;547;
1709650944;05.03.2024;15:02:24;96.769;170.573;232.058;242.4;8.5;547;
1709651845;05.03.2024;15:17:25;96.77;170.576;232.07;242.4;8.5;547;
1709652745;05.03.2024;15:32:25;96.772;170.58;232.082;242.4;8.5;547.1;
1709653645;05.03.2024;15:47:25;96.774;170.586;232.093;242.4;8.5;547.2;
1709654545;05.03.2024;16:02:25;96.775;170.59;232.101;242.4;8.5;547.3;
1709655446;05.03.2024;16:17:26;96.777;170.593;232.108;242.4;8.5;547.4;
1709656346;05.03.2024;16:32:26;96.778;170.597;232.116;242.4;8.5;547.4;
1709657246;05.03.2024;16:47:26;96.781;170.601;232.123;242.4;8.5;547.4;
1709658147;05.03.2024;17:02:27;96.785;170.604;232.13;242.4;8.5;547.4;
1709659047;05.03.2024;17:17:27;96.788;170.608;232.137;242.4;8.5;547.5;
1709659947;05.03.2024;17:32:27;96.79;170.611;232.143;242.4;8.5;547.5;
1709660848;05.03.2024;17:47:28;96.792;170.615;232.15;242.4;8.5;547.5;
1709661748;05.03.2024;18:02:28;96.793;170.619;232.157;242.4;8.5;547.5;
1709662648;05.03.2024;18:17:28;96.795;170.623;232.164;242.4;8.5;547.6;
1709663549;05.03.2024;18:32:29;96.797;170.627;232.17;242.4;8.5;547.6;
1709664449;05.03.2024;18:47:29;96.799;170.63;232.177;242.4;8.5;547.6;
1709665349;05.03.2024;19:02:29;96.801;170.633;232.183;242.4;8.5;547.6;
1709666249;05.03.2024;19:17:29;96.802;170.633;232.185;242.4;8.5;547.6;
1709667150;05.03.2024;19:32:30;96.803;170.633;232.187;242.4;8.5;547.6;
1709668050;05.03.2024;19:47:30;96.803;170.633;232.19;242.4;8.5;547.6;
1709668950;05.03.2024;20:02:30;96.805;170.633;232.194;242.4;8.5;547.6;
1709669851;05.03.2024;20:17:31;96.806;170.636;232.199;242.4;8.5;547.6;
1709670751;05.03.2024;20:32:31;96.808;170.64;232.204;242.4;8.5;547.6;
1709671651;05.03.2024;20:47:31;96.81;170.643;232.21;242.4;8.5;547.6;
1709672552;05.03.2024;21:02:32;96.811;170.646;232.215;242.4;8.5;547.6;
1709673452;05.03.2024;21:17:32;96.813;170.648;232.22;242.4;8.5;547.6;
1709674352;05.03.2024;21:32:32;96.815;170.651;232.224;242.4;8.5;547.6;
1709675253;05.03.2024;21:47:33;96.816;170.654;232.229;242.4;8.5;547.6;
1709676153;05.03.2024;22:02:33;96.818;170.656;232.234;242.4;8.5;547.6;
1709677053;05.03.2024;22:17:33;96.819;170.659;232.239;242.4;8.5;547.6;
1709677953;05.03.2024;22:32:33;96.821;170.662;232.244;242.4;8.5;547.6;
1709678854;05.03.2024;22:47:34;96.823;170.666;232.249;242.4;8.5;547.6;
1709679754;05.03.2024;23:02:34;96.824;170.669;232.254;242.4;8.5;547.6;
1709680654;05.03.2024;23:17:34;96.826;170.671;232.259;242.4;8.5;547.6;
1709681555;05.03.2024;23:32:35;96.828;170.673;232.264;242.4;8.5;547.6;
1709682455;05.03.2024;23:47:35;96.829;170.678;232.269;242.4;8.5;547.6;
1709683355;06.03.2024;00:02:35;96.831;170.681;232.274;242.4;8.5;547.6;
1709684256;06.03.2024;00:17:36;96.832;170.684;232.279;242.4;8.5;547.6;
1709685156;06.03.2024;00:32:36;96.834;170.687;232.284;242.4;8.5;547.6;
1709686056;06.03.2024;00:47:36;96.836;170.691;232.29;242.4;8.5;547.6;
1709686957;06.03.2024;01:02:37;96.838;170.695;232.294;242.4;8.5;547.6;
1709687857;06.03.2024;01:17:37;96.841;170.698;232.299;242.4;8.5;547.6;
1709688757;06.03.2024;01:32:37;96.843;170.7;232.306;242.4;8.5;547.6;
1709689658;06.03.2024;01:47:38;96.845;170.704;232.315;242.4;8.5;547.6;
1709690558;06.03.2024;02:02:38;96.847;170.708;232.322;242.4;8.5;547.6;
1709691458;06.03.2024;02:17:38;96.848;170.711;232.327;242.4;8.5;547.6;
1709692358;06.03.2024;02:32:38;96.85;170.714;232.332;242.4;8.5;547.6;
1709693259;06.03.2024;02:47:39;96.851;170.716;232.337;242.4;8.5;547.6;
1709694159;06.03.2024;03:02:39;96.855;170.72;232.342;242.4;8.5;547.6;
1709695059;06.03.2024;03:17:39;96.864;170.722;232.367;242.4;8.5;547.6;
1709695960;06.03.2024;03:32:40;96.87;170.728;232.392;242.4;8.5;547.6;
1709696860;06.03.2024;03:47:40;96.875;170.736;232.412;242.4;8.5;547.6;
1709697760;06.03.2024;04:02:40;96.881;170.742;232.429;242.4;8.5;547.6;
1709698661;06.03.2024;04:17:41;96.886;170.747;232.445;242.4;8.5;547.6;
1709699561;06.03.2024;04:32:41;96.89;170.752;232.46;242.4;8.5;547.6;
1709700461;06.03.2024;04:47:41;96.895;170.757;232.474;242.4;8.5;547.6;
1709701362;06.03.2024;05:02:42;96.899;170.763;232.488;242.4;8.5;547.6;
1709702262;06.03.2024;05:17:42;96.905;170.772;232.505;242.4;8.5;547.7;
1709703162;06.03.2024;05:32:42;96.91;170.78;232.522;242.4;8.5;547.7;
1709704062;06.03.2024;05:47:42;96.916;170.786;232.539;242.4;8.5;547.7;
1709704963;06.03.2024;06:02:43;96.921;170.793;232.554;242.4;8.5;547.7;
1709705863;06.03.2024;06:17:43;96.927;170.8;232.568;242.4;8.5;547.8;
1709706763;06.03.2024;06:32:43;96.932;170.806;232.582;242.4;8.5;547.8;
1709707664;06.03.2024;06:47:44;96.937;170.811;232.596;242.4;8.5;547.8;
1709708564;06.03.2024;07:02:44;96.94;170.816;232.612;242.4;8.5;547.8;
1709709464;06.03.2024;07:17:44;96.943;170.821;232.626;242.4;8.5;547.9;
1709710365;06.03.2024;07:32:45;96.946;170.825;232.641;242.4;8.5;547.9;
1709711265;06.03.2024;07:47:45;96.949;170.83;232.655;242.4;8.5;547.9;
1709712165;06.03.2024;08:02:45;96.952;170.836;232.668;242.4;8.5;547.9;
1709713066;06.03.2024;08:17:46;96.955;170.842;232.682;242.4;8.5;547.9;
1709713966;06.03.2024;08:32:46;96.958;170.847;232.694;242.4;8.5;547.9;
1709714866;06.03.2024;08:47:46;96.961;170.851;232.705;242.4;8.5;547.9;
1709715766;06.03.2024;09:02:46;96.964;170.855;232.718;242.4;8.5;547.9;
1709716667;06.03.2024;09:17:47;96.968;170.862;232.733;242.4;8.5;547.9;
1709717567;06.03.2024;09:32:47;96.974;170.869;232.748;242.4;8.5;548;
1709718467;06.03.2024;09:47:47;96.979;170.874;232.762;242.4;8.5;548;
1709719368;06.03.2024;10:02:48;96.983;170.88;232.777;242.4;8.5;548.1;
1709720268;06.03.2024;10:17:48;96.986;170.885;232.791;242.4;8.5;548.1;
1709721168;06.03.2024;10:32:48;96.99;170.89;232.806;242.4;8.5;548.2;
1709722069;06.03.2024;10:47:49;96.993;170.895;232.82;242.4;8.5;548.3;
1709722969;06.03.2024;11:02:49;96.996;170.9;232.834;242.4;8.5;548.4;
1709723869;06.03.2024;11:17:49;96.999;170.904;232.848;242.4;8.5;548.4;
1709724770;06.03.2024;11:32:50;97.001;170.908;232.862;242.4;8.5;548.5;
1709725670;06.03.2024;11:47:50;97.003;170.913;232.875;242.4;8.5;548.6;
1709726570;06.03.2024;12:02:50;97.006;170.918;232.887;242.4;8.5;548.8;
1709727471;06.03.2024;12:17:51;97.009;170.923;232.9;242.4;8.5;548.8;
1709728371;06.03.2024;12:32:51;97.011;170.927;232.912;242.4;8.5;548.9;
1709729271;06.03.2024;12:47:51;97.013;170.932;232.923;242.4;8.5;548.9;
1709730171;06.03.2024;13:02:51;97.015;170.936;232.934;242.4;8.5;549;
1709731072;06.03.2024;13:17:52;97.017;170.94;232.943;242.4;8.5;549;
1709731972;06.03.2024;13:32:52;97.018;170.944;232.951;242.4;8.5;549.1;
1709732872;06.03.2024;13:47:52;97.019;170.948;232.958;242.4;8.5;549.1;
1709733773;06.03.2024;14:02:53;97.021;170.953;232.966;242.4;8.5;549.2;
1709734673;06.03.2024;14:17:53;97.023;170.957;232.974;242.4;8.5;549.2;
1709735573;06.03.2024;14:32:53;97.024;170.961;232.982;242.4;8.5;549.2;
1709736474;06.03.2024;14:47:54;97.026;170.965;232.99;242.4;8.5;549.3;
1709737374;06.03.2024;15:02:54;97.028;170.969;232.999;242.4;8.5;549.4;
1709738274;06.03.2024;15:17:54;97.029;170.972;233.006;242.4;8.5;549.4;
1709739175;06.03.2024;15:32:55;97.031;170.976;233.014;242.4;8.5;549.5;
1709740075;06.03.2024;15:47:55;97.032;170.98;233.022;242.4;8.5;549.5;
1709740975;06.03.2024;16:02:55;97.034;170.984;233.03;242.4;8.5;549.5;
1709741875;06.03.2024;16:17:55;97.035;170.988;233.042;242.4;8.5;549.5;
1709742776;06.03.2024;16:32:56;97.037;170.992;233.055;242.4;8.5;549.6;
1709743676;06.03.2024;16:47:56;97.039;170.996;233.067;242.4;8.5;549.6;
1709744576;06.03.2024;17:02:56;97.041;171;233.078;242.4;8.5;549.7;
1709745477;06.03.2024;17:17:57;97.044;171.004;233.09;242.4;8.5;549.7;
1709746377;06.03.2024;17:32:57;97.045;171.008;233.101;242.4;8.5;549.7;
1709747277;06.03.2024;17:47:57;97.048;171.012;233.11;242.4;8.5;549.8;
1709748178;06.03.2024;18:02:58;97.051;171.015;233.117;242.4;8.5;549.8;
1709749078;06.03.2024;18:17:58;97.054;171.019;233.125;242.4;8.5;549.8;
1709749978;06.03.2024;18:32:58;97.056;171.023;233.134;242.4;8.5;549.9;
1709750879;06.03.2024;18:47:59;97.057;171.026;233.143;242.4;8.5;549.9;
1709751779;06.03.2024;19:02:59;97.059;171.029;233.15;242.4;8.5;549.9;
1709752679;06.03.2024;19:17:59;97.06;171.029;233.152;242.4;8.5;549.9;
1709753580;06.03.2024;19:33:00;97.06;171.029;233.154;242.4;8.5;550;
1709754480;06.03.2024;19:48:00;97.06;171.029;233.157;242.4;8.5;550;
1709755380;06.03.2024;20:03:00;97.061;171.029;233.162;242.4;8.5;550;
1709756281;06.03.2024;20:18:01;97.062;171.031;233.167;242.4;8.5;550;
1709757181;06.03.2024;20:33:01;97.063;171.035;233.172;242.4;8.5;550;
1709758081;06.03.2024;20:48:01;97.065;171.038;233.177;242.4;8.5;550.1;
1709758981;06.03.2024;21:03:01;97.066;171.04;233.182;242.4;8.5;550.1;
1709759882;06.03.2024;21:18:02;97.067;171.043;233.187;242.4;8.5;550.1;
1709760782;06.03.2024;21:33:02;97.068;171.046;233.193;242.4;8.5;550.2;
1709761682;06.03.2024;21:48:02;97.07;171.048;233.198;242.4;8.5;550.2;
1709762583;06.03.2024;22:03:03;97.071;171.051;233.203;242.4;8.5;550.3;
1709763483;06.03.2024;22:18:03;97.072;171.053;233.208;242.4;8.5;550.3;
1709764383;06.03.2024;22:33:03;97.074;171.057;233.213;242.4;8.5;550.4;
1709765284;06.03.2024;22:48:04;97.075;171.06;233.218;242.4;8.5;550.5;
1709766184;06.03.2024;23:03:04;97.076;171.063;233.223;242.4;8.5;550.5;
1709767084;06.03.2024;23:18:04;97.078;171.065;233.228;242.4;8.5;550.6;
1709767985;06.03.2024;23:33:05;97.079;171.068;233.232;242.4;8.5;550.6;
1709768885;06.03.2024;23:48:05;97.08;171.069;233.237;242.4;8.5;550.7;
1709769785;07.03.2024;00:03:05;97.081;171.073;233.242;242.4;8.5;550.7;
1709770685;07.03.2024;00:18:05;97.082;171.076;233.248;242.4;8.5;550.7;
1709771586;07.03.2024;00:33:06;97.083;171.08;233.254;242.4;8.5;550.7;
1709772486;07.03.2024;00:48:06;97.085;171.084;233.262;242.4;8.5;550.7;
1709773386;07.03.2024;01:03:06;97.086;171.088;233.269;242.4;8.5;550.7;
1709774287;07.03.2024;01:18:07;97.088;171.091;233.275;242.4;8.5;550.7;
1709775187;07.03.2024;01:33:07;97.09;171.093;233.28;242.4;8.5;550.7;
1709776087;07.03.2024;01:48:07;97.091;171.098;233.285;242.4;8.5;550.7;
1709776988;07.03.2024;02:03:08;97.092;171.102;233.29;242.4;8.5;550.7;
1709777888;07.03.2024;02:18:08;97.094;171.105;233.296;242.4;8.5;550.7;
1709778788;07.03.2024;02:33:08;97.096;171.108;233.301;242.4;8.5;550.7;
1709779689;07.03.2024;02:48:09;97.098;171.112;233.306;242.4;8.5;550.7;
1709780589;07.03.2024;03:03:09;97.103;171.115;233.311;242.4;8.5;550.7;
1709781489;07.03.2024;03:18:09;97.108;171.116;233.331;242.4;8.5;550.7;
1709782390;07.03.2024;03:33:10;97.111;171.121;233.345;242.4;8.5;550.7;
1709783290;07.03.2024;03:48:10;97.114;171.128;233.358;242.4;8.5;550.7;
1709784190;07.03.2024;04:03:10;97.118;171.135;233.369;242.4;8.5;550.7;
1709785090;07.03.2024;04:18:10;97.121;171.142;233.381;242.4;8.5;550.7;
1709785991;07.03.2024;04:33:11;97.125;171.149;233.393;242.4;8.5;550.7;
1709786891;07.03.2024;04:48:11;97.128;171.157;233.406;242.4;8.5;550.7;
1709787791;07.03.2024;05:03:11;97.132;171.164;233.418;242.4;8.5;550.7;
1709788692;07.03.2024;05:18:12;97.136;171.171;233.43;242.4;8.5;550.7;
1709789592;07.03.2024;05:33:12;97.139;171.178;233.442;242.4;8.5;550.8;
1709790492;07.03.2024;05:48:12;97.143;171.185;233.454;242.4;8.5;550.8;
1709791393;07.03.2024;06:03:13;97.146;171.192;233.465;242.4;8.5;550.8;
1709792293;07.03.2024;06:18:13;97.15;171.199;233.477;242.4;8.5;550.8;
1709793193;07.03.2024;06:33:13;97.153;171.205;233.488;242.4;8.5;550.9;
1709794094;07.03.2024;06:48:14;97.157;171.212;233.498;242.4;8.5;550.9;
1709794994;07.03.2024;07:03:14;97.16;171.218;233.508;242.4;8.5;551;
1709795894;07.03.2024;07:18:14;97.163;171.225;233.519;242.4;8.5;551;
1709796794;07.03.2024;07:33:14;97.166;171.232;233.532;242.4;8.5;551;
1709797695;07.03.2024;07:48:15;97.169;171.238;233.543;242.4;8.5;551;
1709798595;07.03.2024;08:03:15;97.173;171.246;233.556;242.4;8.5;551;
1709799495;07.03.2024;08:18:15;97.176;171.251;233.569;242.4;8.5;551;
1709800396;07.03.2024;08:33:16;97.18;171.257;233.58;242.4;8.5;551;
1709801296;07.03.2024;08:48:16;97.183;171.263;233.591;242.4;8.5;551.1;
1709802196;07.03.2024;09:03:16;97.186;171.27;233.602;242.4;8.5;551.1;
1709803097;07.03.2024;09:18:17;97.19;171.276;233.614;242.4;8.5;551.1;
1709803997;07.03.2024;09:33:17;97.193;171.283;233.627;242.4;8.5;551.1;
1709804897;07.03.2024;09:48:17;97.197;171.289;233.64;242.4;8.5;551.1;
1709805798;07.03.2024;10:03:18;97.201;171.296;233.653;242.4;8.5;551.2;
1709806698;07.03.2024;10:18:18;97.203;171.3;233.665;242.4;8.5;551.2;
1709807598;07.03.2024;10:33:18;97.205;171.306;233.677;242.4;8.5;551.2;
1709808498;07.03.2024;10:48:18;97.207;171.312;233.691;242.4;8.5;551.2;
1709809399;07.03.2024;11:03:19;97.208;171.317;233.703;242.4;8.5;551.3;
1709810299;07.03.2024;11:18:19;97.209;171.323;233.715;242.4;8.5;551.3;
1709811199;07.03.2024;11:33:19;97.211;171.328;233.727;242.4;8.5;551.3;
1709812100;07.03.2024;11:48:20;97.212;171.332;233.736;242.4;8.5;551.4;
1709813000;07.03.2024;12:03:20;97.215;171.338;233.747;242.4;8.5;551.4;
1709813900;07.03.2024;12:18:20;97.22;171.342;233.757;242.4;8.5;551.4;
1709814801;07.03.2024;12:33:21;97.223;171.343;233.764;242.4;8.5;551.4;
1709815701;07.03.2024;12:48:21;97.224;171.345;233.771;242.4;8.5;551.4;
1709816601;07.03.2024;13:03:21;97.226;171.348;233.779;242.4;8.5;551.5;
1709817501;07.03.2024;13:18:21;97.227;171.351;233.786;242.4;8.5;551.5;
1709818402;07.03.2024;13:33:22;97.228;171.354;233.794;242.4;8.5;551.6;
1709819302;07.03.2024;13:48:22;97.229;171.357;233.801;242.4;8.5;551.6;
1709820202;07.03.2024;14:03:22;97.231;171.36;233.81;242.4;8.5;551.6;
1709821103;07.03.2024;14:18:23;97.232;171.363;233.82;242.4;8.5;551.7;
1709822003;07.03.2024;14:33:23;97.233;171.366;233.829;242.4;8.5;551.7;
1709822903;07.03.2024;14:48:23;97.235;171.368;233.836;242.4;8.5;551.7;
1709823804;07.03.2024;15:03:24;97.236;171.37;233.843;242.4;8.5;551.7;
1709824704;07.03.2024;15:18:24;97.237;171.373;233.851;242.4;8.5;551.8;
1709825604;07.03.2024;15:33:24;97.238;171.376;233.861;242.4;8.5;551.8;
1709826505;07.03.2024;15:48:25;97.239;171.379;233.873;242.4;8.5;551.8;
1709827405;07.03.2024;16:03:25;97.24;171.382;233.882;242.4;8.5;551.8;
1709828305;07.03.2024;16:18:25;97.242;171.385;233.89;242.4;8.5;551.8;
1709829205;07.03.2024;16:33:25;97.243;171.388;233.898;242.4;8.5;551.9;
1709830106;07.03.2024;16:48:26;97.245;171.391;233.907;242.4;8.5;551.9;
1709831006;07.03.2024;17:03:26;97.246;171.394;233.915;242.4;8.5;551.9;
1709831906;07.03.2024;17:18:26;97.248;171.396;233.924;242.4;8.5;551.9;
1709832807;07.03.2024;17:33:27;97.249;171.4;233.934;242.4;8.5;551.9;
1709833707;07.03.2024;17:48:27;97.251;171.403;233.942;242.4;8.5;551.9;
1709834607;07.03.2024;18:03:27;97.253;171.406;233.95;242.4;8.5;552;
1709835508;07.03.2024;18:18:28;97.255;171.409;233.957;242.4;8.5;552;
1709836408;07.03.2024;18:33:28;97.256;171.412;233.965;242.4;8.5;552;
1709837308;07.03.2024;18:48:28;97.258;171.415;233.974;242.4;8.5;552;
1709838209;07.03.2024;19:03:29;97.26;171.417;233.98;242.4;8.5;552;
1709839109;07.03.2024;19:18:29;97.261;171.417;233.981;242.4;8.5;552;
1709840009;07.03.2024;19:33:29;97.261;171.417;233.983;242.4;8.5;552;
1709840909;07.03.2024;19:48:29;97.262;171.417;233.987;242.4;8.5;552;
1709841810;07.03.2024;20:03:30;97.263;171.417;233.991;242.4;8.5;552.1;
1709842710;07.03.2024;20:18:30;97.265;171.418;233.996;242.4;8.5;552.1;
1709843610;07.03.2024;20:33:30;97.266;171.42;234;242.4;8.5;552.1;
1709844511;07.03.2024;20:48:31;97.268;171.423;234.006;242.4;8.5;552.1;
1709845411;07.03.2024;21:03:31;97.27;171.426;234.011;242.4;8.5;552.1;
1709846311;07.03.2024;21:18:31;97.271;171.429;234.016;242.4;8.5;552.1;
1709847212;07.03.2024;21:33:32;97.273;171.433;234.021;242.4;8.5;552.1;
1709848112;07.03.2024;21:48:32;97.275;171.435;234.026;242.4;8.5;552.1;
1709849012;07.03.2024;22:03:32;97.276;171.437;234.032;242.4;8.5;552.1;
1709849913;07.03.2024;22:18:33;97.278;171.44;234.037;242.4;8.5;552.1;
1709850813;07.03.2024;22:33:33;97.28;171.444;234.042;242.4;8.5;552.1;
1709851713;07.03.2024;22:48:33;97.281;171.446;234.047;242.4;8.5;552.1;
1709852614;07.03.2024;23:03:34;97.283;171.449;234.054;242.4;8.5;552.1;
1709853514;07.03.2024;23:18:34;97.284;171.451;234.062;242.4;8.5;552.1;
1709854414;07.03.2024;23:33:34;97.286;171.455;234.067;242.4;8.5;552.1;
1709855315;07.03.2024;23:48:35;97.288;171.457;234.072;242.4;8.5;552.1;
1709856216;08.03.2024;00:03:36;97.289;171.46;234.077;242.4;8.5;552.1;
1709857117;08.03.2024;00:18:37;97.291;171.462;234.082;242.4;8.5;552.1;
1709858017;08.03.2024;00:33:37;97.293;171.466;234.087;242.4;8.5;552.1;
1709858917;08.03.2024;00:48:37;97.294;171.469;234.092;242.4;8.5;552.1;
1709859818;08.03.2024;01:03:38;97.296;171.472;234.098;242.4;8.5;552.1;
1709860718;08.03.2024;01:18:38;97.298;171.474;234.104;242.4;8.5;552.1;
1709861618;08.03.2024;01:33:38;97.299;171.478;234.11;242.4;8.5;552.1;
1709862519;08.03.2024;01:48:39;97.301;171.482;234.115;242.4;8.5;552.1;
1709863419;08.03.2024;02:03:39;97.303;171.485;234.121;242.4;8.5;552.1;
1709864319;08.03.2024;02:18:39;97.305;171.488;234.126;242.4;8.5;552.1;
1709865220;08.03.2024;02:33:40;97.306;171.491;234.131;242.4;8.5;552.1;
1709866120;08.03.2024;02:48:40;97.308;171.496;234.14;242.4;8.5;552.1;
1709867020;08.03.2024;03:03:40;97.313;171.5;234.15;242.4;8.5;552.1;
1709867920;08.03.2024;03:18:40;97.322;171.506;234.182;242.4;8.5;552.1;
1709868821;08.03.2024;03:33:41;97.329;171.513;234.208;242.4;8.5;552.1;
1709869721;08.03.2024;03:48:41;97.335;171.519;234.226;242.4;8.5;552.1;
1709870621;08.03.2024;04:03:41;97.339;171.524;234.242;242.4;8.5;552.1;
1709871522;08.03.2024;04:18:42;97.344;171.53;234.258;242.4;8.5;552.1;
1709872422;08.03.2024;04:33:42;97.349;171.537;234.275;242.4;8.5;552.1;
1709873322;08.03.2024;04:48:42;97.353;171.543;234.291;242.4;8.5;552.1;
1709874223;08.03.2024;05:03:43;97.358;171.55;234.308;242.4;8.5;552.1;
1709875123;08.03.2024;05:18:43;97.363;171.561;234.332;242.4;8.5;552.1;
1709876023;08.03.2024;05:33:43;97.369;171.57;234.355;242.4;8.5;552.1;
1709876923;08.03.2024;05:48:43;97.375;171.578;234.377;242.4;8.5;552.1;
1709877824;08.03.2024;06:03:44;97.381;171.585;234.395;242.4;8.5;552.1;
1709878724;08.03.2024;06:18:44;97.386;171.59;234.409;242.4;8.5;552.1;
1709879624;08.03.2024;06:33:44;97.39;171.597;234.423;242.4;8.5;552.2;
1709880525;08.03.2024;06:48:45;97.393;171.604;234.438;242.4;8.5;552.2;
1709881425;08.03.2024;07:03:45;97.397;171.61;234.453;242.4;8.5;552.2;
1709882325;08.03.2024;07:18:45;97.402;171.617;234.468;242.4;8.5;552.2;
1709883226;08.03.2024;07:33:46;97.406;171.623;234.485;242.4;8.5;552.2;
1709884126;08.03.2024;07:48:46;97.409;171.63;234.502;242.4;8.5;552.2;
1709885026;08.03.2024;08:03:46;97.412;171.637;234.522;242.4;8.5;552.2;
1709885927;08.03.2024;08:18:47;97.415;171.644;234.539;242.4;8.5;552.3;
1709886827;08.03.2024;08:33:47;97.419;171.65;234.552;242.4;8.5;552.3;
1709887727;08.03.2024;08:48:47;97.423;171.655;234.564;242.4;8.5;552.3;
1709888627;08.03.2024;09:03:47;97.426;171.659;234.574;242.4;8.5;552.3;
1709889528;08.03.2024;09:18:48;97.428;171.663;234.583;242.4;8.5;552.3;
1709890428;08.03.2024;09:33:48;97.429;171.668;234.592;242.4;8.5;552.4;
1709891328;08.03.2024;09:48:48;97.431;171.672;234.601;242.4;8.5;552.4;
1709892229;08.03.2024;10:03:49;97.433;171.675;234.609;242.4;8.5;552.4;
1709893129;08.03.2024;10:18:49;97.435;171.678;234.617;242.4;8.5;552.4;
1709894029;08.03.2024;10:33:49;97.436;171.682;234.625;242.4;8.5;552.4;
1709894930;08.03.2024;10:48:50;97.438;171.684;234.631;242.4;8.5;552.5;
1709895830;08.03.2024;11:03:50;97.44;171.687;234.638;242.4;8.5;552.5;
1709896730;08.03.2024;11:18:50;97.441;171.689;234.644;242.4;8.5;552.6;
1709897631;08.03.2024;11:33:51;97.443;171.691;234.65;242.4;8.5;552.6;
1709898531;08.03.2024;11:48:51;97.444;171.693;234.66;242.4;8.5;552.7;
1709899431;08.03.2024;12:03:51;97.445;171.695;234.667;242.4;8.5;552.7;
1709900331;08.03.2024;12:18:51;97.446;171.697;234.672;242.4;8.5;552.7;
1709901232;08.03.2024;12:33:52;97.448;171.699;234.678;242.4;8.5;552.8;
1709902132;08.03.2024;12:48:52;97.449;171.701;234.685;242.4;8.5;552.8;
1709903032;08.03.2024;13:03:52;97.45;171.704;234.691;242.4;8.5;552.8;
1709903933;08.03.2024;13:18:53;97.451;171.707;234.697;242.4;8.5;552.8;
1709904833;08.03.2024;13:33:53;97.452;171.709;234.704;242.4;8.5;552.9;
1709905733;08.03.2024;13:48:53;97.453;171.711;234.71;242.4;8.5;552.9;
1709906634;08.03.2024;14:03:54;97.454;171.713;234.715;242.4;8.5;553;
1709907534;08.03.2024;14:18:54;97.455;171.715;234.721;242.4;8.5;553;
1709908434;08.03.2024;14:33:54;97.456;171.717;234.728;242.4;8.5;553.1;
1709909334;08.03.2024;14:48:54;97.457;171.719;234.735;242.4;8.5;553.1;
1709910235;08.03.2024;15:03:55;97.459;171.722;234.741;242.4;8.5;553.1;
1709911135;08.03.2024;15:18:55;97.46;171.724;234.748;242.4;8.5;553.2;
1709912035;08.03.2024;15:33:55;97.461;171.726;234.753;242.4;8.5;553.2;
1709912936;08.03.2024;15:48:56;97.462;171.728;234.759;242.4;8.5;553.2;
1709913836;08.03.2024;16:03:56;97.463;171.73;234.764;242.4;8.5;553.2;
1709914736;08.03.2024;16:18:56;97.464;171.732;234.77;242.4;8.5;553.3;
1709915637;08.03.2024;16:33:57;97.466;171.735;234.776;242.4;8.5;553.3;
1709916537;08.03.2024;16:48:57;97.467;171.738;234.782;242.4;8.5;553.3;
1709917437;08.03.2024;17:03:57;97.469;171.74;234.788;242.4;8.5;553.3;
1709918338;08.03.2024;17:18:58;97.471;171.743;234.795;242.4;8.5;553.3;
1709919238;08.03.2024;17:33:58;97.472;171.746;234.804;242.4;8.5;553.3;
1709920138;08.03.2024;17:48:58;97.475;171.749;234.814;242.4;8.5;553.4;
1709921039;08.03.2024;18:03:59;97.476;171.752;234.824;242.4;8.5;553.4;
1709921939;08.03.2024;18:18:59;97.478;171.755;234.835;242.4;8.5;553.4;
1709922839;08.03.2024;18:33:59;97.48;171.759;234.845;242.4;8.5;553.4;
1709923739;08.03.2024;18:48:59;97.482;171.762;234.854;242.4;8.5;553.4;
1709924640;08.03.2024;19:04:00;97.484;171.764;234.861;242.4;8.5;553.4;
1709925540;08.03.2024;19:19:00;97.485;171.764;234.862;242.4;8.5;553.4;
1709926440;08.03.2024;19:34:00;97.485;171.764;234.864;242.4;8.5;553.4;
1709927341;08.03.2024;19:49:01;97.486;171.764;234.868;242.4;8.5;553.4;
1709928241;08.03.2024;20:04:01;97.487;171.764;234.872;242.4;8.5;553.4;
1709929141;08.03.2024;20:19:01;97.488;171.765;234.877;242.4;8.5;553.4;
1709930042;08.03.2024;20:34:02;97.49;171.766;234.882;242.4;8.5;553.4;
1709930942;08.03.2024;20:49:02;97.492;171.769;234.888;242.4;8.5;553.4;
1709931842;08.03.2024;21:04:02;97.493;171.772;234.893;242.4;8.5;553.4;
1709932743;08.03.2024;21:19:03;97.495;171.775;234.898;242.4;8.5;553.4;
1709933643;08.03.2024;21:34:03;97.496;171.777;234.903;242.4;8.5;553.4;
1709934543;08.03.2024;21:49:03;97.498;171.779;234.908;242.4;8.5;553.4;
1709935443;08.03.2024;22:04:03;97.499;171.781;234.913;242.4;8.5;553.4;
1709936344;08.03.2024;22:19:04;97.501;171.784;234.918;242.4;8.5;553.4;
1709937244;08.03.2024;22:34:04;97.502;171.786;234.923;242.4;8.5;553.4;
1709938144;08.03.2024;22:49:04;97.504;171.788;234.929;242.4;8.5;553.4;
1709939045;08.03.2024;23:04:05;97.506;171.79;234.934;242.4;8.5;553.4;
1709939945;08.03.2024;23:19:05;97.507;171.793;234.939;242.4;8.5;553.4;
1709940845;08.03.2024;23:34:05;97.509;171.796;234.944;242.4;8.5;553.4;
1709941746;08.03.2024;23:49:06;97.51;171.798;234.949;242.4;8.5;553.4;
1709942646;09.03.2024;00:04:06;97.512;171.8;234.954;242.4;8.5;553.4;
1709943546;09.03.2024;00:19:06;97.513;171.802;234.959;242.4;8.5;553.4;
1709944447;09.03.2024;00:34:07;97.515;171.805;234.964;242.4;8.5;553.4;
1709945347;09.03.2024;00:49:07;97.517;171.808;234.97;242.4;8.5;553.4;
1709946247;09.03.2024;01:04:07;97.518;171.81;234.975;242.4;8.5;553.4;
1709947147;09.03.2024;01:19:07;97.52;171.812;234.98;242.4;8.5;553.4;
1709948048;09.03.2024;01:34:08;97.521;171.815;234.985;242.4;8.5;553.4;
1709948948;09.03.2024;01:49:08;97.523;171.817;234.99;242.4;8.5;553.4;
1709949848;09.03.2024;02:04:08;97.524;171.82;234.995;242.4;8.5;553.4;
1709950749;09.03.2024;02:19:09;97.526;171.821;235;242.4;8.5;553.4;
1709951649;09.03.2024;02:34:09;97.527;171.824;235.005;242.4;8.5;553.4;
1709952549;09.03.2024;02:49:09;97.529;171.827;235.011;242.4;8.5;553.4;
1709953450;09.03.2024;03:04:10;97.531;171.83;235.016;242.4;8.5;553.4;
1709954350;09.03.2024;03:19:10;97.532;171.832;235.021;242.4;8.5;553.4;
1709955250;09.03.2024;03:34:10;97.534;171.834;235.027;242.5;8.5;553.4;
1709956151;09.03.2024;03:49:11;97.535;171.838;235.032;242.5;8.5;553.4;
1709957051;09.03.2024;04:04:11;97.537;171.841;235.037;242.5;8.5;553.4;
1709957951;09.03.2024;04:19:11;97.539;171.843;235.042;242.6;8.5;553.4;
1709958851;09.03.2024;04:34:11;97.54;171.845;235.047;242.6;8.5;553.4;
1709959752;09.03.2024;04:49:12;97.542;171.848;235.053;242.6;8.5;553.4;
1709960652;09.03.2024;05:04:12;97.543;171.851;235.059;242.6;8.5;553.4;
1709961552;09.03.2024;05:19:12;97.547;171.859;235.069;242.6;8.5;553.4;
1709962453;09.03.2024;05:34:13;97.55;171.865;235.078;242.6;8.5;553.4;
1709963353;09.03.2024;05:49:13;97.553;171.868;235.085;242.6;8.5;553.4;
1709964253;09.03.2024;06:04:13;97.554;171.872;235.091;242.6;8.5;553.4;
1709965154;09.03.2024;06:19:14;97.556;171.875;235.098;242.6;8.5;553.4;
1709966054;09.03.2024;06:34:14;97.558;171.877;235.104;242.6;8.5;553.4;
1709966954;09.03.2024;06:49:14;97.56;171.88;235.11;242.6;8.5;553.4;
1709967855;09.03.2024;07:04:15;97.562;171.884;235.117;242.6;8.5;553.4;
1709968755;09.03.2024;07:19:15;97.564;171.886;235.123;242.6;8.5;553.4;
1709969655;09.03.2024;07:34:15;97.566;171.888;235.13;242.6;8.5;553.4;
1709970555;09.03.2024;07:49:15;97.568;171.89;235.136;242.6;8.5;553.4;
1709971456;09.03.2024;08:04:16;97.569;171.894;235.143;242.6;8.5;553.4;
1709972356;09.03.2024;08:19:16;97.571;171.898;235.149;242.6;8.5;553.4;
1709973256;09.03.2024;08:34:16;97.573;171.9;235.155;242.6;8.5;553.4;
1709974157;09.03.2024;08:49:17;97.575;171.902;235.16;242.6;8.5;553.4;
1709975057;09.03.2024;09:04:17;97.577;171.905;235.166;242.6;8.5;553.4;
1709975957;09.03.2024;09:19:17;97.578;171.908;235.172;242.6;8.5;553.4;
1709976858;09.03.2024;09:34:18;97.58;171.91;235.178;242.6;8.5;553.4;
1709977758;09.03.2024;09:49:18;97.582;171.912;235.183;242.6;8.5;553.4;
1709978658;09.03.2024;10:04:18;97.583;171.913;235.189;242.6;8.5;553.4;
1709979559;09.03.2024;10:19:19;97.585;171.917;235.194;242.6;8.5;553.4;
1709980459;09.03.2024;10:34:19;97.586;171.92;235.2;242.6;8.5;553.4;
1709981359;09.03.2024;10:49:19;97.588;171.922;235.207;242.6;8.5;553.4;
1709982260;09.03.2024;11:04:20;97.589;171.924;235.212;242.6;8.5;553.4;
1709983160;09.03.2024;11:19:20;97.591;171.926;235.218;242.6;8.5;553.4;
1709984060;09.03.2024;11:34:20;97.593;171.928;235.224;242.6;8.5;553.5;
1709984960;09.03.2024;11:49:20;97.594;171.93;235.229;242.6;8.5;553.5;
1709985861;09.03.2024;12:04:21;97.596;171.932;235.235;242.6;8.5;553.5;
1709986761;09.03.2024;12:19:21;97.597;171.934;235.24;242.6;8.5;553.5;
1709987661;09.03.2024;12:34:21;97.599;171.937;235.245;242.6;8.5;553.5;
1709988562;09.03.2024;12:49:22;97.6;171.94;235.25;242.6;8.5;553.5;
1709989462;09.03.2024;13:04:22;97.602;171.941;235.255;242.6;8.5;553.5;
1709990362;09.03.2024;13:19:22;97.604;171.943;235.26;242.6;8.5;553.5;
1709991263;09.03.2024;13:34:23;97.605;171.945;235.267;242.6;8.5;553.5;
1709992163;09.03.2024;13:49:23;97.607;171.947;235.274;242.6;8.5;553.5;
1709993063;09.03.2024;14:04:23;97.609;171.95;235.279;242.6;8.5;553.5;
1709993963;09.03.2024;14:19:23;97.61;171.952;235.284;242.6;8.5;553.5;
1709994864;09.03.2024;14:34:24;97.612;171.956;235.289;242.6;8.5;553.5;
1709995764;09.03.2024;14:49:24;97.614;171.959;235.295;242.6;8.5;553.5;
1709996664;09.03.2024;15:04:24;97.616;171.961;235.3;242.6;8.5;553.5;
1709997565;09.03.2024;15:19:25;97.617;171.962;235.305;242.6;8.5;553.5;
1709998465;09.03.2024;15:34:25;97.619;171.964;235.311;242.6;8.5;553.5;
1709999365;09.03.2024;15:49:25;97.621;171.966;235.316;242.6;8.5;553.5;
1710000266;09.03.2024;16:04:26;97.623;171.968;235.321;242.6;8.5;553.5;
1710001166;09.03.2024;16:19:26;97.624;171.97;235.326;242.6;8.5;553.5;
1710002066;09.03.2024;16:34:26;97.626;171.972;235.331;242.6;8.5;553.5;
1710002966;09.03.2024;16:49:26;97.628;171.976;235.336;242.6;8.5;553.5;
1710003867;09.03.2024;17:04:27;97.629;171.979;235.342;242.6;8.5;553.5;
1710004767;09.03.2024;17:19:27;97.631;171.981;235.347;242.6;8.5;553.5;
1710005667;09.03.2024;17:34:27;97.633;171.982;235.352;242.6;8.5;553.5;
1710006568;09.03.2024;17:49:28;97.635;171.984;235.357;242.6;8.5;553.5;
1710007468;09.03.2024;18:04:28;97.636;171.986;235.363;242.6;8.5;553.5;
1710008368;09.03.2024;18:19:28;97.638;171.989;235.368;242.6;8.5;553.5;
1710009269;09.03.2024;18:34:29;97.64;171.991;235.374;242.6;8.5;553.5;
1710010169;09.03.2024;18:49:29;97.642;171.994;235.381;242.6;8.5;553.5;
1710011069;09.03.2024;19:04:29;97.643;171.997;235.388;242.6;8.5;553.5;
1710011970;09.03.2024;19:19:30;97.644;171.997;235.389;242.6;8.5;553.5;
1710012870;09.03.2024;19:34:30;97.644;171.997;235.391;242.6;8.5;553.5;
1710013770;09.03.2024;19:49:30;97.645;171.997;235.395;242.6;8.5;553.5;
1710014670;09.03.2024;20:04:30;97.646;171.997;235.4;242.6;8.5;553.5;
1710015571;09.03.2024;20:19:31;97.648;171.999;235.405;242.6;8.5;553.5;
1710016471;09.03.2024;20:34:31;97.65;172.001;235.409;242.6;8.5;553.5;
1710017371;09.03.2024;20:49:31;97.651;172.004;235.414;242.6;8.5;553.5;
1710018272;09.03.2024;21:04:32;97.653;172.008;235.418;242.6;8.5;553.5;
1710019172;09.03.2024;21:19:32;97.654;172.011;235.423;242.6;8.5;553.5;
1710020072;09.03.2024;21:34:32;97.656;172.013;235.427;242.6;8.5;553.5;
1710020973;09.03.2024;21:49:33;97.657;172.015;235.432;242.6;8.5;553.5;
1710021873;09.03.2024;22:04:33;97.659;172.017;235.437;242.6;8.5;553.5;
1710022773;09.03.2024;22:19:33;97.661;172.021;235.442;242.6;8.5;553.5;
1710023674;09.03.2024;22:34:34;97.662;172.024;235.448;242.6;8.5;553.5;
1710024574;09.03.2024;22:49:34;97.664;172.026;235.453;242.6;8.5;553.5;
1710025474;09.03.2024;23:04:34;97.665;172.029;235.458;242.6;8.5;553.5;
1710026374;09.03.2024;23:19:34;97.667;172.032;235.463;242.6;8.5;553.5;
1710027275;09.03.2024;23:34:35;97.668;172.034;235.468;242.6;8.5;553.5;
1710028175;09.03.2024;23:49:35;97.67;172.036;235.473;242.6;8.5;553.5;
1710029075;10.03.2024;00:04:35;97.672;172.038;235.477;242.6;8.5;553.5;
1710029976;10.03.2024;00:19:36;97.673;172.042;235.482;242.6;8.5;553.5;
1710030876;10.03.2024;00:34:36;97.675;172.046;235.488;242.6;8.5;553.5;
1710031776;10.03.2024;00:49:36;97.676;172.048;235.493;242.6;8.5;553.5;
1710032677;10.03.2024;01:04:37;97.678;172.05;235.498;242.6;8.5;553.5;
1710033577;10.03.2024;01:19:37;97.679;172.053;235.503;242.6;8.5;553.5;
1710034477;10.03.2024;01:34:37;97.681;172.057;235.508;242.6;8.5;553.5;
1710035378;10.03.2024;01:49:38;97.683;172.059;235.513;242.6;8.5;553.5;
1710036278;10.03.2024;02:04:38;97.685;172.061;235.518;242.6;8.5;553.5;
1710037178;10.03.2024;02:19:38;97.688;172.064;235.526;242.6;8.5;553.5;
1710038078;10.03.2024;02:34:38;97.69;172.068;235.535;242.6;8.5;553.5;
1710038979;10.03.2024;02:49:39;97.692;172.071;235.542;242.6;8.5;553.5;
1710039879;10.03.2024;03:04:39;97.694;172.073;235.548;242.6;8.5;553.5;
1710040779;10.03.2024;03:19:39;97.695;172.075;235.553;242.6;8.5;553.5;
1710041680;10.03.2024;03:34:40;97.697;172.078;235.558;242.6;8.5;553.5;
1710042580;10.03.2024;03:49:40;97.698;172.082;235.564;242.6;8.5;553.5;
1710043480;10.03.2024;04:04:40;97.7;172.084;235.569;242.6;8.5;553.5;
1710044381;10.03.2024;04:19:41;97.702;172.086;235.573;242.6;8.5;553.5;
1710045281;10.03.2024;04:34:41;97.703;172.089;235.578;242.6;8.5;553.5;
1710046181;10.03.2024;04:49:41;97.705;172.093;235.584;242.6;8.5;553.5;
1710047082;10.03.2024;05:04:42;97.706;172.097;235.59;242.6;8.5;553.5;
1710047982;10.03.2024;05:19:42;97.71;172.105;235.6;242.6;8.5;553.5;
1710048882;10.03.2024;05:34:42;97.713;172.111;235.609;242.6;8.5;553.5;
1710049782;10.03.2024;05:49:42;97.716;172.115;235.616;242.6;8.5;553.5;
1710050683;10.03.2024;06:04:43;97.717;172.117;235.622;242.6;8.5;553.5;
1710051583;10.03.2024;06:19:43;97.719;172.118;235.627;242.6;8.5;553.5;
1710052483;10.03.2024;06:34:43;97.721;172.122;235.633;242.6;8.5;553.5;
1710053384;10.03.2024;06:49:44;97.723;172.125;235.638;242.6;8.5;553.5;
1710054284;10.03.2024;07:04:44;97.727;172.129;235.645;242.6;8.5;553.5;
1710055184;10.03.2024;07:19:44;97.729;172.132;235.651;242.6;8.5;553.5;
1710056085;10.03.2024;07:34:45;97.732;172.134;235.658;242.6;8.5;553.5;
1710056985;10.03.2024;07:49:45;97.734;172.138;235.664;242.6;8.5;553.5;
1710057885;10.03.2024;08:04:45;97.735;172.142;235.67;242.6;8.5;553.5;
1710058785;10.03.2024;08:19:45;97.737;172.145;235.677;242.6;8.5;553.5;
1710059686;10.03.2024;08:34:46;97.739;172.147;235.683;242.6;8.5;553.5;
1710060586;10.03.2024;08:49:46;97.741;172.151;235.689;242.6;8.5;553.5;
1710061486;10.03.2024;09:04:46;97.743;172.155;235.695;242.6;8.5;553.5;
1710062387;10.03.2024;09:19:47;97.745;172.159;235.701;242.6;8.5;553.5;
1710063287;10.03.2024;09:34:47;97.747;172.161;235.707;242.6;8.5;553.5;
1710064187;10.03.2024;09:49:47;97.748;172.163;235.711;242.6;8.5;553.5;
1710065088;10.03.2024;10:04:48;97.75;172.167;235.717;242.6;8.5;553.5;
1710065988;10.03.2024;10:19:48;97.752;172.171;235.724;242.6;8.5;553.5;
1710066888;10.03.2024;10:34:48;97.754;172.174;235.731;242.6;8.5;553.5;
1710067789;10.03.2024;10:49:49;97.756;172.176;235.736;242.6;8.5;553.5;
1710068689;10.03.2024;11:04:49;97.758;172.18;235.742;242.6;8.5;553.5;
1710069589;10.03.2024;11:19:49;97.76;172.184;235.748;242.6;8.5;553.5;
1710070489;10.03.2024;11:34:49;97.762;172.187;235.755;242.6;8.5;553.5;
1710071390;10.03.2024;11:49:50;97.764;172.189;235.761;242.6;8.5;553.5;
1710072290;10.03.2024;12:04:50;97.765;172.192;235.766;242.6;8.5;553.5;
1710073190;10.03.2024;12:19:50;97.767;172.196;235.771;242.6;8.5;553.5;
1710074091;10.03.2024;12:34:51;97.769;172.198;235.776;242.6;8.5;553.5;
1710074991;10.03.2024;12:49:51;97.771;172.201;235.782;242.6;8.5;553.5;
1710075891;10.03.2024;13:04:51;97.772;172.203;235.787;242.6;8.5;553.5;
1710076792;10.03.2024;13:19:52;97.774;172.207;235.792;242.6;8.5;553.5;
1710077692;10.03.2024;13:34:52;97.776;172.211;235.797;242.6;8.5;553.5;
1710078592;10.03.2024;13:49:52;97.778;172.213;235.803;242.6;8.5;553.5;
1710079492;10.03.2024;14:04:52;97.78;172.216;235.808;242.6;8.5;553.5;
1710080393;10.03.2024;14:19:53;97.781;172.219;235.812;242.6;8.5;553.5;
1710081293;10.03.2024;14:34:53;97.783;172.221;235.817;242.6;8.5;553.5;
1710082193;10.03.2024;14:49:53;97.785;172.224;235.822;242.6;8.5;553.5;
1710083094;10.03.2024;15:04:54;97.787;172.226;235.827;242.6;8.5;553.5;
1710083994;10.03.2024;15:19:54;97.788;172.228;235.832;242.6;8.5;553.5;
1710084894;10.03.2024;15:34:54;97.79;172.232;235.837;242.6;8.5;553.5;
1710085795;10.03.2024;15:49:55;97.792;172.235;235.842;242.6;8.5;553.5;
1710086695;10.03.2024;16:04:55;97.793;172.238;235.847;242.6;8.5;553.5;
1710087595;10.03.2024;16:19:55;97.795;172.239;235.852;242.6;8.5;553.5;
1710088495;10.03.2024;16:34:55;97.796;172.241;235.857;242.6;8.5;553.5;
1710089396;10.03.2024;16:49:56;97.798;172.243;235.862;242.6;8.5;553.5;
1710090296;10.03.2024;17:04:56;97.799;172.246;235.867;242.6;8.5;553.5;
1710091196;10.03.2024;17:19:56;97.801;172.248;235.872;242.6;8.5;553.5;
1710092097;10.03.2024;17:34:57;97.803;172.251;235.877;242.6;8.5;553.5;
1710092997;10.03.2024;17:49:57;97.805;172.256;235.883;242.6;8.5;553.5;
1710093897;10.03.2024;18:04:57;97.807;172.259;235.888;242.6;8.5;553.5;
1710094798;10.03.2024;18:19:58;97.809;172.261;235.894;242.6;8.5;553.5;
1710095698;10.03.2024;18:34:58;97.81;172.263;235.9;242.6;8.5;553.5;
1710096598;10.03.2024;18:49:58;97.812;172.266;235.905;242.6;8.5;553.5;
1710097498;10.03.2024;19:04:58;97.814;172.267;235.909;242.6;8.5;553.5;
1710098399;10.03.2024;19:19:59;97.814;172.267;235.91;242.6;8.5;553.5;
1710099299;10.03.2024;19:34:59;97.815;172.267;235.912;242.6;8.5;553.5;
1710100199;10.03.2024;19:49:59;97.815;172.268;235.916;242.6;8.5;553.5;
1710101100;10.03.2024;20:05:00;97.817;172.27;235.921;242.6;8.5;553.5;
1710102000;10.03.2024;20:20:00;97.819;172.274;235.927;242.6;8.5;553.5;
1710102900;10.03.2024;20:35:00;97.82;172.277;235.932;242.6;8.5;553.5;
1710103801;10.03.2024;20:50:01;97.822;172.281;235.937;242.6;8.5;553.5;
1710104701;10.03.2024;21:05:01;97.824;172.284;235.942;242.6;8.5;553.5;
1710105601;10.03.2024;21:20:01;97.825;172.287;235.947;242.6;8.5;553.5;
1710106501;10.03.2024;21:35:01;97.827;172.289;235.953;242.6;8.5;553.5;
1710107402;10.03.2024;21:50:02;97.829;172.292;235.958;242.6;8.5;553.5;
1710108302;10.03.2024;22:05:02;97.831;172.296;235.963;242.6;8.5;553.5;
1710109202;10.03.2024;22:20:02;97.834;172.3;235.968;242.6;8.5;553.5;
1710110103;10.03.2024;22:35:03;97.836;172.302;235.973;242.6;8.5;553.5;
1710111003;10.03.2024;22:50:03;97.838;172.305;235.978;242.6;8.5;553.5;
1710111903;10.03.2024;23:05:03;97.84;172.309;235.984;242.6;8.5;553.5;
1710112804;10.03.2024;23:20:04;97.842;172.313;235.989;242.6;8.5;553.5;
1710113704;10.03.2024;23:35:04;97.844;172.316;235.995;242.6;8.5;553.5;
1710114604;10.03.2024;23:50:04;97.846;172.318;236.001;242.6;8.5;553.5;
1710115505;11.03.2024;00:05:05;97.847;172.321;236.006;242.6;8.5;553.5;
1710116405;11.03.2024;00:20:05;97.849;172.325;236.012;242.6;8.5;553.5;
1710117305;11.03.2024;00:35:05;97.85;172.329;236.017;242.6;8.5;553.5;
1710118205;11.03.2024;00:50:05;97.852;172.331;236.024;242.6;8.5;553.5;
1710119106;11.03.2024;01:05:06;97.853;172.335;236.032;242.6;8.5;553.5;
1710120006;11.03.2024;01:20:06;97.855;172.339;236.037;242.6;8.5;553.5;
1710120906;11.03.2024;01:35:06;97.857;172.343;236.043;242.6;8.5;553.5;
1710121807;11.03.2024;01:50:07;97.858;172.345;236.049;242.6;8.5;553.5;
1710122707;11.03.2024;02:05:07;97.86;172.347;236.054;242.6;8.5;553.5;
1710123607;11.03.2024;02:20:07;97.863;172.351;236.06;242.6;8.5;553.5;
1710124508;11.03.2024;02:35:08;97.865;172.355;236.065;242.6;8.5;553.5;
1710125408;11.03.2024;02:50:08;97.867;172.358;236.07;242.6;8.5;553.5;
1710126308;11.03.2024;03:05:08;97.872;172.36;236.077;242.6;8.5;553.5;
1710127209;11.03.2024;03:20:09;97.879;172.363;236.108;242.6;8.5;553.5;
1710128109;11.03.2024;03:35:09;97.884;172.369;236.13;242.6;8.5;553.5;
1710129009;11.03.2024;03:50:09;97.889;172.376;236.149;242.6;8.5;553.5;
1710129909;11.03.2024;04:05:09;97.895;172.383;236.168;242.6;8.5;553.5;
1710130810;11.03.2024;04:20:10;97.9;172.388;236.185;242.6;8.5;553.5;
1710131710;11.03.2024;04:35:10;97.905;172.394;236.203;242.6;8.5;553.5;
1710132610;11.03.2024;04:50:10;97.91;172.399;236.22;242.6;8.5;553.5;
1710133511;11.03.2024;05:05:11;97.915;172.405;236.238;242.6;8.5;553.5;
1710134411;11.03.2024;05:20:11;97.92;172.411;236.257;242.6;8.5;553.6;
1710135311;11.03.2024;05:35:11;97.925;172.417;236.276;242.6;8.5;553.6;
1710136212;11.03.2024;05:50:12;97.929;172.422;236.294;242.6;8.5;553.6;
1710137112;11.03.2024;06:05:12;97.934;172.427;236.311;242.6;8.5;553.6;
1710138012;11.03.2024;06:20:12;97.939;172.433;236.326;242.6;8.5;553.7;
1710138912;11.03.2024;06:35:12;97.943;172.439;236.34;242.6;8.5;553.8;
1710139813;11.03.2024;06:50:13;97.947;172.444;236.353;242.6;8.5;553.8;
1710140713;11.03.2024;07:05:13;97.951;172.45;236.366;242.6;8.5;553.8;
1710141613;11.03.2024;07:20:13;97.954;172.455;236.38;242.6;8.5;553.9;
1710142514;11.03.2024;07:35:14;97.957;172.459;236.397;242.6;8.5;553.9;
1710143414;11.03.2024;07:50:14;97.959;172.464;236.413;242.6;8.5;553.9;
1710144314;11.03.2024;08:05:14;97.961;172.469;236.428;242.6;8.5;553.9;
1710145215;11.03.2024;08:20:15;97.964;172.475;236.442;242.6;8.5;553.9;
1710146115;11.03.2024;08:35:15;97.966;172.481;236.456;242.6;8.5;553.9;
1710147015;11.03.2024;08:50:15;97.969;172.487;236.47;242.6;8.5;553.9;
1710147916;11.03.2024;09:05:16;97.973;172.495;236.484;242.6;8.5;553.9;
1710148816;11.03.2024;09:20:16;97.976;172.502;236.498;242.6;8.5;553.9;
1710149716;11.03.2024;09:35:16;97.979;172.509;236.512;242.6;8.5;554;
1710150616;11.03.2024;09:50:16;97.982;172.514;236.525;242.6;8.5;554;
1710151517;11.03.2024;10:05:17;97.984;172.517;236.536;242.6;8.5;554;
1710152417;11.03.2024;10:20:17;97.986;172.521;236.546;242.6;8.5;554;
1710153317;11.03.2024;10:35:17;97.988;172.525;236.557;242.6;8.5;554;
1710154218;11.03.2024;10:50:18;97.991;172.529;236.567;242.6;8.5;554;
1710155118;11.03.2024;11:05:18;97.993;172.532;236.577;242.6;8.5;554.1;
1710156018;11.03.2024;11:20:18;97.995;172.535;236.586;242.6;8.5;554.1;
1710156919;11.03.2024;11:35:19;97.997;172.538;236.594;242.6;8.5;554.1;
1710157819;11.03.2024;11:50:19;97.998;172.541;236.601;242.6;8.5;554.1;
1710158719;11.03.2024;12:05:19;98;172.543;236.607;242.6;8.5;554.1;
1710159620;11.03.2024;12:20:20;98.001;172.546;236.613;242.6;8.5;554.1;
1710160520;11.03.2024;12:35:20;98.002;172.549;236.62;242.6;8.5;554.2;
1710161420;11.03.2024;12:50:20;98.004;172.553;236.627;242.6;8.5;554.2;
1710162320;11.03.2024;13:05:20;98.006;172.556;236.635;242.6;8.5;554.2;
1710163221;11.03.2024;13:20:21;98.007;172.56;236.642;242.6;8.5;554.2;
1710164121;11.03.2024;13:35:21;98.008;172.562;236.652;242.6;8.5;554.3;
1710165021;11.03.2024;13:50:21;98.01;172.565;236.66;242.6;8.5;554.3;
1710165922;11.03.2024;14:05:22;98.011;172.568;236.666;242.6;8.5;554.4;
1710166822;11.03.2024;14:20:22;98.012;172.57;236.672;242.6;8.5;554.4;
1710167722;11.03.2024;14:35:22;98.013;172.572;236.677;242.6;8.5;554.4;
1710168623;11.03.2024;14:50:23;98.014;172.575;236.682;242.6;8.5;554.4;
1710169523;11.03.2024;15:05:23;98.016;172.577;236.688;242.6;8.5;554.4;
1710170423;11.03.2024;15:20:23;98.017;172.579;236.694;242.6;8.5;554.4;
1710171323;11.03.2024;15:35:23;98.018;172.582;236.705;242.6;8.5;554.5;
1710172224;11.03.2024;15:50:24;98.019;172.584;236.715;242.6;8.5;554.5;
1710173124;11.03.2024;16:05:24;98.02;172.587;236.724;242.6;8.5;554.6;
1710174024;11.03.2024;16:20:24;98.021;172.589;236.73;242.6;8.5;554.6;
1710174925;11.03.2024;16:35:25;98.022;172.591;236.736;242.6;8.5;554.6;
1710175825;11.03.2024;16:50:25;98.024;172.594;236.741;242.6;8.5;554.6;
1710176725;11.03.2024;17:05:25;98.025;172.597;236.746;242.6;8.5;554.7;
1710177626;11.03.2024;17:20:26;98.026;172.6;236.752;242.6;8.5;554.7;
1710178526;11.03.2024;17:35:26;98.028;172.603;236.757;242.6;8.5;554.7;
1710179426;11.03.2024;17:50:26;98.029;172.606;236.767;242.6;8.5;554.7;
1710180326;11.03.2024;18:05:26;98.031;172.61;236.78;242.6;8.5;554.7;
1710181227;11.03.2024;18:20:27;98.033;172.614;236.794;242.6;8.5;554.7;
1710182127;11.03.2024;18:35:27;98.035;172.619;236.806;242.6;8.5;554.7;
1710183027;11.03.2024;18:50:27;98.036;172.621;236.815;242.6;8.5;554.7;
1710183928;11.03.2024;19:05:28;98.038;172.623;236.82;242.6;8.5;554.7;
1710184828;11.03.2024;19:20:28;98.038;172.623;236.822;242.6;8.5;554.7;
1710185728;11.03.2024;19:35:28;98.038;172.623;236.823;242.6;8.5;554.7;
1710186628;11.03.2024;19:50:28;98.038;172.623;236.826;242.6;8.5;554.7;
1710187529;11.03.2024;20:05:29;98.039;172.623;236.83;242.6;8.5;554.7;
1710188429;11.03.2024;20:20:29;98.04;172.624;236.834;242.6;8.5;554.7;
1710189329;11.03.2024;20:35:29;98.041;172.626;236.839;242.6;8.5;554.7;
1710190230;11.03.2024;20:50:30;98.043;172.63;236.846;242.6;8.5;554.7;
1710191130;11.03.2024;21:05:30;98.044;172.633;236.851;242.6;8.5;554.7;
1710192030;11.03.2024;21:20:30;98.045;172.635;236.856;242.6;8.5;554.7;
1710192931;11.03.2024;21:35:31;98.047;172.637;236.861;242.6;8.5;554.7;
1710193831;11.03.2024;21:50:31;98.048;172.64;236.866;242.6;8.5;554.7;
1710194731;11.03.2024;22:05:31;98.049;172.644;236.871;242.6;8.5;554.7;
1710195632;11.03.2024;22:20:32;98.05;172.646;236.876;242.6;8.5;554.7;
1710196532;11.03.2024;22:35:32;98.052;172.648;236.881;242.6;8.5;554.7;
1710197432;11.03.2024;22:50:32;98.053;172.651;236.886;242.6;8.5;554.7;
1710198332;11.03.2024;23:05:32;98.054;172.655;236.891;242.6;8.5;554.7;
1710199233;11.03.2024;23:20:33;98.055;172.657;236.896;242.6;8.5;554.7;
1710200133;11.03.2024;23:35:33;98.057;172.659;236.901;242.6;8.5;554.7;
1710201033;11.03.2024;23:50:33;98.058;172.661;236.906;242.6;8.5;554.7;
1710201934;12.03.2024;00:05:34;98.059;172.664;236.91;242.6;8.5;554.7;
1710202834;12.03.2024;00:20:34;98.06;172.667;236.916;242.6;8.5;554.7;
1710203734;12.03.2024;00:35:34;98.062;172.67;236.921;242.6;8.5;554.7;
1710204635;12.03.2024;00:50:35;98.063;172.672;236.926;242.6;8.5;554.7;
1710205535;12.03.2024;01:05:35;98.064;172.675;236.931;242.6;8.5;554.7;
1710206435;12.03.2024;01:20:35;98.065;172.679;236.936;242.6;8.5;554.7;
1710207336;12.03.2024;01:35:36;98.067;172.681;236.94;242.6;8.5;554.7;
1710208236;12.03.2024;01:50:36;98.068;172.683;236.946;242.6;8.5;554.7;
1710209136;12.03.2024;02:05:36;98.069;172.686;236.95;242.6;8.5;554.7;
1710210036;12.03.2024;02:20:36;98.07;172.69;236.956;242.6;8.5;554.7;
1710210937;12.03.2024;02:35:37;98.071;172.693;236.961;242.6;8.5;554.7;
1710211837;12.03.2024;02:50:37;98.073;172.695;236.966;242.6;8.5;554.7;
1710212737;12.03.2024;03:05:37;98.077;172.698;236.972;242.6;8.5;554.7;
1710213638;12.03.2024;03:20:38;98.086;172.701;237.002;242.6;8.5;554.7;
1710214538;12.03.2024;03:35:38;98.092;172.705;237.026;242.6;8.5;554.7;
1710215438;12.03.2024;03:50:38;98.097;172.71;237.043;242.6;8.5;554.7;
1710216339;12.03.2024;04:05:39;98.101;172.714;237.057;242.6;8.5;554.7;
1710217239;12.03.2024;04:20:39;98.104;172.718;237.072;242.6;8.5;554.7;
1710218139;12.03.2024;04:35:39;98.108;172.723;237.086;242.6;8.5;554.7;
1710219040;12.03.2024;04:50:40;98.112;172.727;237.099;242.6;8.5;554.7;
1710219940;12.03.2024;05:05:40;98.115;172.733;237.114;242.6;8.5;554.7;
1710220840;12.03.2024;05:20:40;98.119;172.741;237.131;242.6;8.5;554.8;
1710221740;12.03.2024;05:35:40;98.123;172.748;237.147;242.6;8.5;554.8;
1710222641;12.03.2024;05:50:41;98.127;172.754;237.161;242.6;8.5;554.8;
1710223541;12.03.2024;06:05:41;98.131;172.76;237.175;242.6;8.5;554.8;
1710224441;12.03.2024;06:20:41;98.135;172.764;237.187;242.6;8.5;554.8;
1710225342;12.03.2024;06:35:42;98.138;172.768;237.198;242.6;8.5;554.9;
1710226242;12.03.2024;06:50:42;98.141;172.772;237.208;242.6;8.5;554.9;
1710227142;12.03.2024;07:05:42;98.145;172.777;237.218;242.6;8.5;555;
1710228043;12.03.2024;07:20:43;98.148;172.781;237.228;242.6;8.5;555;
1710228943;12.03.2024;07:35:43;98.151;172.786;237.24;242.6;8.5;555;
1710229843;12.03.2024;07:50:43;98.154;172.79;237.253;242.6;8.5;555;
1710230744;12.03.2024;08:05:44;98.156;172.795;237.267;242.6;8.5;555.1;
1710231644;12.03.2024;08:20:44;98.158;172.799;237.278;242.6;8.5;555.1;
1710232544;12.03.2024;08:35:44;98.16;172.803;237.287;242.6;8.5;555.1;
1710233444;12.03.2024;08:50:44;98.162;172.808;237.297;242.6;8.5;555.1;
1710234345;12.03.2024;09:05:45;98.165;172.813;237.306;242.6;8.5;555.1;
1710235245;12.03.2024;09:20:45;98.167;172.818;237.32;242.6;8.5;555.2;
1710236145;12.03.2024;09:35:45;98.169;172.823;237.335;242.6;8.5;555.2;
1710237046;12.03.2024;09:50:46;98.172;172.827;237.348;242.6;8.5;555.3;
1710237946;12.03.2024;10:05:46;98.175;172.83;237.361;242.6;8.5;555.3;
1710238846;12.03.2024;10:20:46;98.177;172.833;237.377;242.6;8.5;555.4;
1710239747;12.03.2024;10:35:47;98.18;172.838;237.392;242.6;8.5;555.4;
1710240647;12.03.2024;10:50:47;98.182;172.841;237.404;242.6;8.5;555.5;
1710241547;12.03.2024;11:05:47;98.184;172.845;237.415;242.6;8.5;555.6;
1710242448;12.03.2024;11:20:48;98.186;172.848;237.426;242.6;8.5;555.7;
1710243348;12.03.2024;11:35:48;98.188;172.852;237.438;242.6;8.5;555.8;
1710244248;12.03.2024;11:50:48;98.189;172.855;237.449;242.6;8.5;555.8;
1710245148;12.03.2024;12:05:48;98.191;172.858;237.459;242.6;8.5;555.9;
1710246049;12.03.2024;12:20:49;98.192;172.861;237.47;242.6;8.5;555.9;
1710246949;12.03.2024;12:35:49;98.193;172.864;237.479;242.6;8.5;555.9;
1710247849;12.03.2024;12:50:49;98.195;172.867;237.487;242.6;8.5;556;
1710248750;12.03.2024;13:05:50;98.196;172.87;237.495;242.6;8.5;556;
1710249650;12.03.2024;13:20:50;98.197;172.874;237.503;242.6;8.5;556.1;
1710250550;12.03.2024;13:35:50;98.198;172.877;237.513;242.6;8.5;556.1;
1710251451;12.03.2024;13:50:51;98.2;172.881;237.522;242.6;8.5;556.1;
1710252351;12.03.2024;14:05:51;98.201;172.884;237.531;242.6;8.5;556.2;
1710253251;12.03.2024;14:20:51;98.203;172.888;237.539;242.6;8.5;556.2;
1710254152;12.03.2024;14:35:52;98.204;172.892;237.548;242.6;8.5;556.3;
1710255052;12.03.2024;14:50:52;98.206;172.896;237.556;242.6;8.5;556.3;
1710255952;12.03.2024;15:05:52;98.208;172.899;237.565;242.6;8.5;556.3;
1710256852;12.03.2024;15:20:52;98.209;172.902;237.573;242.6;8.5;556.3;
1710257753;12.03.2024;15:35:53;98.21;172.905;237.581;242.6;8.5;556.4;
1710258653;12.03.2024;15:50:53;98.212;172.909;237.589;242.6;8.5;556.4;
1710259553;12.03.2024;16:05:53;98.213;172.913;237.597;242.6;8.5;556.4;
1710260454;12.03.2024;16:20:54;98.215;172.916;237.605;242.6;8.5;556.5;
1710261354;12.03.2024;16:35:54;98.217;172.92;237.618;242.6;8.5;556.5;
1710262254;12.03.2024;16:50:54;98.218;172.924;237.629;242.6;8.5;556.5;
1710263154;12.03.2024;17:05:54;98.22;172.927;237.639;242.6;8.5;556.5;
1710264055;12.03.2024;17:20:55;98.223;172.931;237.647;242.6;8.5;556.5;
1710264955;12.03.2024;17:35:55;98.225;172.934;237.655;242.6;8.5;556.5;
1710265855;12.03.2024;17:50:55;98.227;172.938;237.663;242.6;8.5;556.6;
1710266756;12.03.2024;18:05:56;98.229;172.942;237.672;242.6;8.5;556.6;
1710267656;12.03.2024;18:20:56;98.231;172.945;237.68;242.6;8.5;556.6;
1710268556;12.03.2024;18:35:56;98.233;172.948;237.688;242.6;8.5;556.6;
1710269457;12.03.2024;18:50:57;98.236;172.951;237.695;242.6;8.5;556.6;
1710270357;12.03.2024;19:05:57;98.237;172.952;237.7;242.6;8.5;556.6;
1710271257;12.03.2024;19:20:57;98.238;172.953;237.702;242.6;8.5;556.6;
1710272157;12.03.2024;19:35:57;98.239;172.953;237.704;242.6;8.5;556.6;
1710273058;12.03.2024;19:50:58;98.239;172.953;237.707;242.6;8.5;556.6;
1710273958;12.03.2024;20:05:58;98.24;172.953;237.711;242.6;8.5;556.6;
1710274858;12.03.2024;20:20:58;98.241;172.954;237.716;242.6;8.5;556.6;
1710275759;12.03.2024;20:35:59;98.243;172.956;237.72;242.6;8.5;556.6;
1710276659;12.03.2024;20:50:59;98.244;172.959;237.725;242.6;8.5;556.6;
1710277559;12.03.2024;21:05:59;98.246;172.961;237.729;242.6;8.5;556.6;
1710278460;12.03.2024;21:21:00;98.247;172.963;237.733;242.6;8.5;556.6;
1710279360;12.03.2024;21:36:00;98.248;172.965;237.737;242.6;8.5;556.6;
1710280260;12.03.2024;21:51:00;98.25;172.967;237.742;242.6;8.5;556.6;
1710281161;12.03.2024;22:06:01;98.251;172.969;237.746;242.6;8.5;556.6;
1710282061;12.03.2024;22:21:01;98.253;172.971;237.75;242.6;8.5;556.6;
1710282961;12.03.2024;22:36:01;98.254;172.973;237.754;242.6;8.5;556.6;
1710283861;12.03.2024;22:51:01;98.256;172.976;237.758;242.6;8.5;556.6;
1710284762;12.03.2024;23:06:02;98.257;172.978;237.762;242.6;8.5;556.6;
1710285662;12.03.2024;23:21:02;98.258;172.98;237.766;242.6;8.5;556.6;
1710286562;12.03.2024;23:36:02;98.26;172.981;237.77;242.6;8.5;556.6;
1710287463;12.03.2024;23:51:03;98.261;172.984;237.775;242.6;8.5;556.6;
1710288363;13.03.2024;00:06:03;98.263;172.986;237.779;242.6;8.5;556.6;
1710289263;13.03.2024;00:21:03;98.264;172.988;237.783;242.6;8.5;556.6;
1710290164;13.03.2024;00:36:04;98.265;172.99;237.788;242.6;8.5;556.6;
1710291064;13.03.2024;00:51:04;98.267;172.992;237.792;242.6;8.5;556.6;
1710291964;13.03.2024;01:06:04;98.268;172.996;237.796;242.6;8.5;556.6;
1710292865;13.03.2024;01:21:05;98.27;172.998;237.8;242.6;8.5;556.6;
1710293765;13.03.2024;01:36:05;98.271;173;237.805;242.6;8.5;556.6;
1710294665;13.03.2024;01:51:05;98.273;173.001;237.809;242.6;8.5;556.6;
1710295565;13.03.2024;02:06:05;98.274;173.004;237.813;242.6;8.5;556.6;
1710296466;13.03.2024;02:21:06;98.276;173.007;237.818;242.6;8.5;556.6;
1710297366;13.03.2024;02:36:06;98.277;173.009;237.822;242.6;8.5;556.6;
1710298266;13.03.2024;02:51:06;98.278;173.011;237.826;242.6;8.5;556.6;
1710299167;13.03.2024;03:06:07;98.283;173.013;237.832;242.6;8.5;556.6;
1710300067;13.03.2024;03:21:07;98.292;173.015;237.863;242.6;8.5;556.6;
1710300967;13.03.2024;03:36:07;98.297;173.018;237.883;242.6;8.5;556.6;
1710301868;13.03.2024;03:51:08;98.301;173.021;237.896;242.6;8.5;556.6;
1710302768;13.03.2024;04:06:08;98.304;173.024;237.909;242.6;8.5;556.6;
1710303668;13.03.2024;04:21:08;98.308;173.028;237.922;242.6;8.5;556.6;
1710304569;13.03.2024;04:36:09;98.312;173.031;237.933;242.6;8.5;556.6;
1710305469;13.03.2024;04:51:09;98.315;173.034;237.943;242.6;8.5;556.6;
1710306369;13.03.2024;05:06:09;98.318;173.039;237.956;242.6;8.5;556.6;
1710307269;13.03.2024;05:21:09;98.322;173.048;237.973;242.6;8.5;556.6;
1710308170;13.03.2024;05:36:10;98.327;173.053;237.986;242.6;8.5;556.6;
1710309070;13.03.2024;05:51:10;98.331;173.056;237.998;242.6;8.5;556.6;
1710309970;13.03.2024;06:06:10;98.334;173.059;238.008;242.6;8.5;556.6;
1710310871;13.03.2024;06:21:11;98.337;173.062;238.022;242.6;8.5;556.7;
1710311771;13.03.2024;06:36:11;98.339;173.066;238.035;242.6;8.5;556.7;
1710312671;13.03.2024;06:51:11;98.342;173.07;238.045;242.6;8.5;556.7;
1710313572;13.03.2024;07:06:12;98.344;173.073;238.054;242.6;8.5;556.8;
1710314472;13.03.2024;07:21:12;98.347;173.076;238.064;242.6;8.5;556.8;
1710315372;13.03.2024;07:36:12;98.349;173.08;238.075;242.6;8.5;556.8;
1710316272;13.03.2024;07:51:12;98.35;173.083;238.09;242.6;8.5;556.8;
1710317173;13.03.2024;08:06:13;98.352;173.087;238.107;242.6;8.5;556.8;
1710318073;13.03.2024;08:21:13;98.355;173.09;238.119;242.6;8.5;556.8;
1710318973;13.03.2024;08:36:13;98.358;173.094;238.129;242.6;8.5;556.8;
1710319874;13.03.2024;08:51:14;98.36;173.097;238.138;242.6;8.5;556.8;
1710320774;13.03.2024;09:06:14;98.362;173.1;238.146;242.6;8.5;556.8;
1710321674;13.03.2024;09:21:14;98.363;173.103;238.158;242.6;8.5;556.9;
1710322575;13.03.2024;09:36:15;98.364;173.107;238.171;242.6;8.5;556.9;
1710323475;13.03.2024;09:51:15;98.366;173.11;238.181;242.6;8.5;556.9;
1710324375;13.03.2024;10:06:15;98.367;173.113;238.192;242.6;8.5;556.9;
1710325276;13.03.2024;10:21:16;98.369;173.116;238.202;242.6;8.5;557;
1710326176;13.03.2024;10:36:16;98.37;173.119;238.212;242.6;8.5;557;
1710327076;13.03.2024;10:51:16;98.372;173.122;238.222;242.6;8.5;557.1;
1710327976;13.03.2024;11:06:16;98.374;173.124;238.232;242.6;8.5;557.1;
1710328877;13.03.2024;11:21:17;98.375;173.127;238.243;242.6;8.5;557.1;
1710329777;13.03.2024;11:36:17;98.376;173.13;238.254;242.6;8.5;557.2;
1710330677;13.03.2024;11:51:17;98.377;173.133;238.263;242.6;8.5;557.2;
1710331578;13.03.2024;12:06:18;98.379;173.136;238.272;242.6;8.5;557.2;
1710332478;13.03.2024;12:21:18;98.38;173.139;238.279;242.6;8.5;557.3;
1710333378;13.03.2024;12:36:18;98.381;173.141;238.286;242.6;8.5;557.3;
1710334279;13.03.2024;12:51:19;98.383;173.144;238.293;242.6;8.5;557.3;
1710335179;13.03.2024;13:06:19;98.384;173.147;238.3;242.6;8.5;557.3;
1710336079;13.03.2024;13:21:19;98.385;173.149;238.308;242.6;8.5;557.4;
1710336979;13.03.2024;13:36:19;98.386;173.153;238.32;242.6;8.5;557.5;
1710337880;13.03.2024;13:51:20;98.388;173.156;238.328;242.6;8.5;557.5;
1710338780;13.03.2024;14:06:20;98.389;173.158;238.336;242.6;8.5;557.6;
1710339680;13.03.2024;14:21:20;98.391;173.161;238.343;242.6;8.5;557.6;
1710340581;13.03.2024;14:36:21;98.392;173.163;238.353;242.6;8.5;557.8;
1710341481;13.03.2024;14:51:21;98.393;173.166;238.364;242.6;8.5;557.9;
1710342381;13.03.2024;15:06:21;98.394;173.168;238.374;242.6;8.5;557.9;
1710343282;13.03.2024;15:21:22;98.395;173.171;238.383;242.6;8.5;558;
1710344182;13.03.2024;15:36:22;98.397;173.173;238.392;242.6;8.5;558;
1710345082;13.03.2024;15:51:22;98.398;173.176;238.401;242.6;8.5;558;
1710345984;13.03.2024;16:06:24;98.399;173.178;238.408;242.6;8.5;558;
1710346884;13.03.2024;16:21:24;98.401;173.18;238.414;242.6;8.5;558.1;
1710347785;13.03.2024;16:36:25;98.402;173.183;238.421;242.6;8.5;558.1;
1710348685;13.03.2024;16:51:25;98.404;173.185;238.427;242.6;8.5;558.1;
1710349585;13.03.2024;17:06:25;98.405;173.188;238.433;242.6;8.5;558.1;
1710350486;13.03.2024;17:21:26;98.407;173.19;238.44;242.6;8.5;558.1;
1710351386;13.03.2024;17:36:26;98.408;173.193;238.446;242.6;8.5;558.1;
1710352286;13.03.2024;17:51:26;98.41;173.196;238.453;242.6;8.5;558.1;
1710353186;13.03.2024;18:06:26;98.411;173.198;238.46;242.6;8.5;558.1;
1710354087;13.03.2024;18:21:27;98.413;173.201;238.467;242.6;8.5;558.2;
1710354987;13.03.2024;18:36:27;98.414;173.204;238.474;242.6;8.5;558.2;
1710355887;13.03.2024;18:51:27;98.416;173.206;238.481;242.6;8.5;558.2;
1710356788;13.03.2024;19:06:28;98.417;173.207;238.487;242.6;8.5;558.2;
1710357688;13.03.2024;19:21:28;98.417;173.207;238.488;242.6;8.5;558.2;
1710358588;13.03.2024;19:36:28;98.417;173.207;238.49;242.6;8.5;558.2;
1710359489;13.03.2024;19:51:29;98.417;173.207;238.494;242.6;8.5;558.2;
1710360389;13.03.2024;20:06:29;98.418;173.207;238.498;242.6;8.5;558.2;
1710361289;13.03.2024;20:21:29;98.419;173.208;238.503;242.6;8.5;558.2;
1710362190;13.03.2024;20:36:30;98.42;173.209;238.508;242.6;8.5;558.2;
1710363090;13.03.2024;20:51:30;98.421;173.212;238.513;242.6;8.5;558.2;
1710363990;13.03.2024;21:06:30;98.423;173.215;238.518;242.6;8.5;558.2;
1710364891;13.03.2024;21:21:31;98.424;173.217;238.523;242.6;8.5;558.2;
1710365791;13.03.2024;21:36:31;98.425;173.22;238.528;242.6;8.5;558.2;
1710366691;13.03.2024;21:51:31;98.426;173.222;238.533;242.6;8.5;558.2;
1710367591;13.03.2024;22:06:31;98.428;173.223;238.538;242.6;8.5;558.2;
1710368492;13.03.2024;22:21:32;98.429;173.225;238.543;242.6;8.5;558.2;
1710369392;13.03.2024;22:36:32;98.43;173.229;238.548;242.6;8.5;558.2;
1710370292;13.03.2024;22:51:32;98.431;173.231;238.553;242.6;8.5;558.2;
1710371193;13.03.2024;23:06:33;98.432;173.233;238.558;242.6;8.5;558.2;
1710372093;13.03.2024;23:21:33;98.434;173.235;238.563;242.6;8.5;558.2;
1710372993;13.03.2024;23:36:33;98.435;173.238;238.568;242.6;8.5;558.2;
1710373894;13.03.2024;23:51:34;98.436;173.241;238.573;242.6;8.5;558.2;
1710374794;14.03.2024;00:06:34;98.437;173.243;238.578;242.6;8.5;558.2;
1710375694;14.03.2024;00:21:34;98.439;173.245;238.583;242.6;8.5;558.2;
1710376595;14.03.2024;00:36:35;98.44;173.247;238.588;242.6;8.5;558.2;
1710377495;14.03.2024;00:51:35;98.441;173.251;238.593;242.6;8.5;558.2;
1710378395;14.03.2024;01:06:35;98.442;173.253;238.598;242.6;8.5;558.2;
1710379295;14.03.2024;01:21:35;98.443;173.255;238.603;242.6;8.5;558.2;
1710380196;14.03.2024;01:36:36;98.445;173.257;238.608;242.6;8.5;558.2;
1710381096;14.03.2024;01:51:36;98.446;173.261;238.613;242.6;8.5;558.2;
1710381996;14.03.2024;02:06:36;98.447;173.264;238.618;242.6;8.5;558.2;
1710382897;14.03.2024;02:21:37;98.448;173.266;238.624;242.6;8.5;558.2;
1710383797;14.03.2024;02:36:37;98.45;173.268;238.629;242.6;8.5;558.2;
1710384697;14.03.2024;02:51:37;98.451;173.272;238.634;242.6;8.5;558.2;
1710385598;14.03.2024;03:06:38;98.456;173.275;238.641;242.6;8.5;558.2;
1710386498;14.03.2024;03:21:38;98.462;173.276;238.662;242.6;8.5;558.2;
1710387398;14.03.2024;03:36:38;98.466;173.281;238.678;242.6;8.5;558.2;
1710388299;14.03.2024;03:51:39;98.47;173.287;238.692;242.6;8.5;558.2;
1710389199;14.03.2024;04:06:39;98.474;173.293;238.704;242.6;8.5;558.2;
1710390099;14.03.2024;04:21:39;98.477;173.298;238.715;242.6;8.5;558.2;
1710390999;14.03.2024;04:36:39;98.481;173.304;238.727;242.6;8.5;558.2;
1710391900;14.03.2024;04:51:40;98.484;173.309;238.739;242.6;8.5;558.2;
1710392800;14.03.2024;05:06:40;98.487;173.314;238.75;242.6;8.5;558.2;
1710393700;14.03.2024;05:21:40;98.491;173.32;238.761;242.6;8.5;558.2;
1710394601;14.03.2024;05:36:41;98.494;173.325;238.773;242.6;8.5;558.2;
1710395501;14.03.2024;05:51:41;98.497;173.33;238.786;242.6;8.5;558.2;
1710396401;14.03.2024;06:06:41;98.499;173.336;238.798;242.6;8.5;558.2;
1710397302;14.03.2024;06:21:42;98.501;173.341;238.808;242.6;8.5;558.2;
1710398202;14.03.2024;06:36:42;98.503;173.346;238.818;242.6;8.5;558.2;
1710399102;14.03.2024;06:51:42;98.506;173.352;238.827;242.6;8.5;558.3;
1710400002;14.03.2024;07:06:42;98.508;173.357;238.835;242.6;8.5;558.3;
1710400903;14.03.2024;07:21:43;98.51;173.362;238.843;242.6;8.5;558.4;
1710401803;14.03.2024;07:36:43;98.512;173.367;238.851;242.6;8.5;558.4;
1710402703;14.03.2024;07:51:43;98.513;173.373;238.858;242.6;8.5;558.4;
1710403604;14.03.2024;08:06:44;98.515;173.378;238.866;242.6;8.5;558.4;
1710404504;14.03.2024;08:21:44;98.517;173.382;238.873;242.6;8.5;558.4;
1710405404;14.03.2024;08:36:44;98.519;173.387;238.88;242.6;8.5;558.4;
1710406305;14.03.2024;08:51:45;98.521;173.392;238.887;242.6;8.5;558.4;
1710407205;14.03.2024;09:06:45;98.523;173.396;238.894;242.6;8.5;558.4;
1710408105;14.03.2024;09:21:45;98.524;173.399;238.901;242.6;8.5;558.4;
1710409005;14.03.2024;09:36:45;98.526;173.404;238.909;242.6;8.5;558.4;
1710409906;14.03.2024;09:51:46;98.527;173.409;238.918;242.6;8.5;558.4;
1710410806;14.03.2024;10:06:46;98.528;173.414;238.926;242.6;8.5;558.4;
1710411706;14.03.2024;10:21:46;98.529;173.42;238.936;242.6;8.5;558.5;
1710412607;14.03.2024;10:36:47;98.531;173.425;238.946;242.6;8.5;558.5;
1710413507;14.03.2024;10:51:47;98.532;173.432;238.959;242.6;8.5;558.5;
1710414407;14.03.2024;11:06:47;98.534;173.438;238.97;242.6;8.5;558.5;
1710415308;14.03.2024;11:21:48;98.538;173.444;238.981;242.6;8.5;558.5;
1710416208;14.03.2024;11:36:48;98.541;173.446;238.988;242.6;8.5;558.6;
1710417108;14.03.2024;11:51:48;98.544;173.446;238.993;242.6;8.5;558.6;
1710418008;14.03.2024;12:06:48;98.545;173.447;239;242.6;8.5;558.6;
1710418909;14.03.2024;12:21:49;98.547;173.448;239.006;242.6;8.5;558.6;
1710419809;14.03.2024;12:36:49;98.548;173.45;239.013;242.6;8.5;558.6;
1710420709;14.03.2024;12:51:49;98.549;173.453;239.019;242.6;8.5;558.6;
1710421610;14.03.2024;13:06:50;98.55;173.454;239.025;242.6;8.5;558.6;
1710422510;14.03.2024;13:21:50;98.551;173.456;239.031;242.6;8.5;558.7;
1710423410;14.03.2024;13:36:50;98.552;173.457;239.037;242.6;8.5;558.7;
1710424311;14.03.2024;13:51:51;98.553;173.459;239.042;242.6;8.5;558.7;
1710425211;14.03.2024;14:06:51;98.554;173.46;239.048;242.6;8.5;558.7;
1710426111;14.03.2024;14:21:51;98.555;173.461;239.053;242.6;8.5;558.8;
1710427012;14.03.2024;14:36:52;98.556;173.463;239.059;242.6;8.5;558.8;
1710427912;14.03.2024;14:51:52;98.557;173.464;239.064;242.6;8.5;558.8;
1710428812;14.03.2024;15:06:52;98.558;173.465;239.069;242.6;8.5;558.8;
1710429712;14.03.2024;15:21:52;98.558;173.467;239.073;242.6;8.5;558.8;
1710430613;14.03.2024;15:36:53;98.559;173.467;239.077;242.6;8.5;558.8;
1710431513;14.03.2024;15:51:53;98.56;173.467;239.081;242.6;8.5;558.8;
1710432413;14.03.2024;16:06:53;98.56;173.468;239.085;242.6;8.5;558.9;
1710433314;14.03.2024;16:21:54;98.561;173.47;239.091;242.6;8.5;558.9;
1710434214;14.03.2024;16:36:54;98.562;173.473;239.096;242.6;8.5;558.9;
1710435114;14.03.2024;16:51:54;98.564;173.475;239.101;242.6;8.5;558.9;
1710436015;14.03.2024;17:06:55;98.565;173.477;239.107;242.6;8.5;558.9;
1710436915;14.03.2024;17:21:55;98.566;173.479;239.112;242.6;8.5;558.9;
1710437815;14.03.2024;17:36:55;98.567;173.481;239.117;242.6;8.5;558.9;
1710438715;14.03.2024;17:51:55;98.568;173.482;239.123;242.6;8.5;558.9;
1710439616;14.03.2024;18:06:56;98.57;173.484;239.128;242.6;8.5;558.9;
1710440516;14.03.2024;18:21:56;98.571;173.486;239.133;242.6;8.5;558.9;
1710441416;14.03.2024;18:36:56;98.572;173.488;239.139;242.6;8.5;558.9;
1710442317;14.03.2024;18:51:57;98.573;173.49;239.144;242.6;8.5;558.9;
1710443217;14.03.2024;19:06:57;98.574;173.492;239.148;242.6;8.5;558.9;
1710444117;14.03.2024;19:21:57;98.574;173.492;239.148;242.6;8.5;558.9;
1710445018;14.03.2024;19:36:58;98.574;173.492;239.15;242.6;8.5;558.9;
1710445918;14.03.2024;19:51:58;98.574;173.492;239.153;242.6;8.5;558.9;
1710446818;14.03.2024;20:06:58;98.575;173.492;239.158;242.6;8.5;558.9;
1710447719;14.03.2024;20:21:59;98.576;173.492;239.162;242.6;8.5;558.9;
1710448619;14.03.2024;20:36:59;98.577;173.493;239.167;242.6;8.5;558.9;
1710449519;14.03.2024;20:51:59;98.578;173.495;239.171;242.6;8.5;558.9;
1710450419;14.03.2024;21:06:59;98.579;173.497;239.176;242.6;8.5;558.9;
1710451320;14.03.2024;21:22:00;98.581;173.499;239.18;242.6;8.5;558.9;
1710452220;14.03.2024;21:37:00;98.582;173.501;239.185;242.6;8.5;558.9;
1710453120;14.03.2024;21:52:00;98.583;173.503;239.189;242.6;8.5;558.9;
1710454021;14.03.2024;22:07:01;98.584;173.504;239.193;242.6;8.5;558.9;
1710454921;14.03.2024;22:22:01;98.585;173.506;239.198;242.6;8.5;558.9;
1710455821;14.03.2024;22:37:01;98.586;173.507;239.203;242.6;8.5;558.9;
1710456722;14.03.2024;22:52:02;98.587;173.509;239.207;242.6;8.5;558.9;
1710457622;14.03.2024;23:07:02;98.588;173.511;239.212;242.6;8.5;558.9;
1710458522;14.03.2024;23:22:02;98.589;173.513;239.216;242.6;8.5;558.9;
1710459422;14.03.2024;23:37:02;98.59;173.514;239.22;242.6;8.5;558.9;
1710460323;14.03.2024;23:52:03;98.591;173.516;239.225;242.6;8.5;558.9;
1710461223;15.03.2024;00:07:03;98.592;173.517;239.229;242.6;8.5;558.9;
1710462123;15.03.2024;00:22:03;98.593;173.519;239.234;242.6;8.5;558.9;
1710463024;15.03.2024;00:37:04;98.595;173.521;239.238;242.6;8.5;558.9;
1710463924;15.03.2024;00:52:04;98.596;173.524;239.243;242.6;8.5;558.9;
1710464824;15.03.2024;01:07:04;98.597;173.526;239.248;242.6;8.5;558.9;
1710465725;15.03.2024;01:22:05;98.598;173.527;239.252;242.6;8.5;558.9;
1710466625;15.03.2024;01:37:05;98.599;173.53;239.258;242.6;8.5;558.9;
1710467525;15.03.2024;01:52:05;98.6;173.532;239.262;242.6;8.5;558.9;
1710468426;15.03.2024;02:07:06;98.602;173.535;239.267;242.6;8.5;558.9;
1710469326;15.03.2024;02:22:06;98.603;173.536;239.271;242.6;8.5;558.9;
1710470226;15.03.2024;02:37:06;98.604;173.538;239.275;242.6;8.5;558.9;
1710471126;15.03.2024;02:52:06;98.605;173.539;239.28;242.6;8.5;558.9;
1710472027;15.03.2024;03:07:07;98.609;173.541;239.288;242.6;8.5;558.9;
1710472927;15.03.2024;03:22:07;98.616;173.543;239.317;242.6;8.5;558.9;
1710473827;15.03.2024;03:37:07;98.62;173.547;239.333;242.6;8.5;558.9;
1710474728;15.03.2024;03:52:08;98.623;173.549;239.343;242.6;8.5;558.9;
1710475628;15.03.2024;04:07:08;98.625;173.551;239.351;242.6;8.5;558.9;
1710476528;15.03.2024;04:22:08;98.627;173.554;239.36;242.6;8.5;558.9;
1710477429;15.03.2024;04:37:09;98.63;173.556;239.368;242.6;8.5;558.9;
1710478329;15.03.2024;04:52:09;98.632;173.558;239.376;242.6;8.5;558.9;
1710479229;15.03.2024;05:07:09;98.634;173.564;239.386;242.6;8.5;558.9;
1710480129;15.03.2024;05:22:09;98.638;173.572;239.399;242.6;8.5;558.9;
1710481030;15.03.2024;05:37:10;98.641;173.576;239.41;242.6;8.5;558.9;
1710481930;15.03.2024;05:52:10;98.643;173.579;239.419;242.6;8.5;558.9;
1710482830;15.03.2024;06:07:10;98.645;173.581;239.427;242.6;8.5;559;
1710483731;15.03.2024;06:22:11;98.647;173.584;239.436;242.6;8.5;559;
1710484631;15.03.2024;06:37:11;98.648;173.587;239.444;242.6;8.5;559;
1710485531;15.03.2024;06:52:11;98.649;173.59;239.451;242.6;8.5;559.1;
1710486432;15.03.2024;07:07:12;98.65;173.592;239.459;242.6;8.5;559.1;
1710487332;15.03.2024;07:22:12;98.652;173.595;239.466;242.6;8.5;559.1;
1710488232;15.03.2024;07:37:12;98.653;173.598;239.475;242.6;8.5;559.1;
1710489133;15.03.2024;07:52:13;98.655;173.601;239.483;242.6;8.5;559.1;
1710490033;15.03.2024;08:07:13;98.657;173.604;239.493;242.6;8.5;559.1;
1710490933;15.03.2024;08:22:13;98.658;173.607;239.505;242.6;8.5;559.1;
1710491833;15.03.2024;08:37:13;98.66;173.609;239.514;242.6;8.5;559.1;
1710492734;15.03.2024;08:52:14;98.661;173.612;239.521;242.6;8.5;559.1;
1710493634;15.03.2024;09:07:14;98.663;173.615;239.528;242.6;8.5;559.1;
1710494534;15.03.2024;09:22:14;98.665;173.617;239.535;242.6;8.5;559.2;
1710495435;15.03.2024;09:37:15;98.667;173.62;239.542;242.6;8.5;559.2;
1710496335;15.03.2024;09:52:15;98.669;173.623;239.549;242.6;8.5;559.3;
1710497235;15.03.2024;10:07:15;98.671;173.625;239.556;242.6;8.5;559.3;
1710498136;15.03.2024;10:22:16;98.672;173.628;239.563;242.6;8.5;559.3;
1710499036;15.03.2024;10:37:16;98.674;173.631;239.57;242.6;8.5;559.3;
1710499936;15.03.2024;10:52:16;98.675;173.633;239.577;242.6;8.5;559.4;
1710500837;15.03.2024;11:07:17;98.676;173.635;239.583;242.6;8.5;559.4;
1710501737;15.03.2024;11:22:17;98.677;173.637;239.59;242.6;8.5;559.4;
1710502637;15.03.2024;11:37:17;98.678;173.64;239.596;242.6;8.5;559.4;
1710503537;15.03.2024;11:52:17;98.679;173.643;239.602;242.6;8.5;559.5;
1710504438;15.03.2024;12:07:18;98.681;173.646;239.608;242.6;8.5;559.5;
1710505338;15.03.2024;12:22:18;98.682;173.647;239.615;242.6;8.5;559.5;
1710506238;15.03.2024;12:37:18;98.683;173.649;239.621;242.6;8.5;559.5;
1710507139;15.03.2024;12:52:19;98.684;173.651;239.627;242.6;8.5;559.5;
1710508039;15.03.2024;13:07:19;98.685;173.654;239.634;242.6;8.5;559.5;
1710508939;15.03.2024;13:22:19;98.687;173.656;239.64;242.6;8.5;559.5;
1710509840;15.03.2024;13:37:20;98.688;173.658;239.645;242.6;8.5;559.6;
1710510740;15.03.2024;13:52:20;98.689;173.661;239.651;242.6;8.5;559.6;
1710511640;15.03.2024;14:07:20;98.69;173.663;239.657;242.6;8.5;559.6;
1710512540;15.03.2024;14:22:20;98.692;173.666;239.662;242.6;8.5;559.7;
1710513441;15.03.2024;14:37:21;98.693;173.668;239.668;242.6;8.5;559.7;
1710514341;15.03.2024;14:52:21;98.694;173.67;239.674;242.6;8.5;559.7;
1710515241;15.03.2024;15:07:21;98.695;173.672;239.679;242.6;8.5;559.7;
1710516142;15.03.2024;15:22:22;98.696;173.674;239.685;242.6;8.5;559.7;
1710517042;15.03.2024;15:37:22;98.698;173.676;239.692;242.6;8.5;559.7;
1710517942;15.03.2024;15:52:22;98.699;173.68;239.703;242.6;8.5;559.8;
1710518843;15.03.2024;16:07:23;98.702;173.684;239.71;242.6;8.5;559.8;
1710519743;15.03.2024;16:22:23;98.703;173.687;239.717;242.6;8.5;559.8;
1710520643;15.03.2024;16:37:23;98.705;173.69;239.723;242.6;8.5;559.8;
1710521544;15.03.2024;16:52:24;98.706;173.692;239.729;242.6;8.5;559.8;
1710522444;15.03.2024;17:07:24;98.708;173.695;239.735;242.6;8.5;559.8;
1710523344;15.03.2024;17:22:24;98.709;173.698;239.742;242.6;8.5;559.8;
1710524244;15.03.2024;17:37:24;98.711;173.7;239.75;242.6;8.5;559.8;
1710525145;15.03.2024;17:52:25;98.713;173.703;239.757;242.6;8.5;559.8;
1710526045;15.03.2024;18:07:25;98.715;173.705;239.763;242.6;8.5;559.8;
1710526945;15.03.2024;18:22:25;98.716;173.707;239.769;242.6;8.5;559.8;
1710527846;15.03.2024;18:37:26;98.717;173.71;239.776;242.6;8.5;559.8;
1710528746;15.03.2024;18:52:26;98.719;173.713;239.783;242.6;8.5;559.8;
1710529646;15.03.2024;19:07:26;98.721;173.714;239.788;242.6;8.5;559.8;
1710530547;15.03.2024;19:22:27;98.721;173.714;239.789;242.6;8.5;559.8;
1710531447;15.03.2024;19:37:27;98.721;173.714;239.792;242.6;8.5;559.9;
1710532347;15.03.2024;19:52:27;98.722;173.714;239.796;242.6;8.5;559.9;
1710533248;15.03.2024;20:07:28;98.723;173.714;239.8;242.6;8.5;559.9;
1710534148;15.03.2024;20:22:28;98.725;173.715;239.805;242.6;8.5;559.9;
1710535048;15.03.2024;20:37:28;98.726;173.716;239.809;242.6;8.5;559.9;
1710535948;15.03.2024;20:52:28;98.728;173.719;239.814;242.6;8.5;559.9;
1710536849;15.03.2024;21:07:29;98.729;173.721;239.819;242.6;8.5;559.9;
1710537749;15.03.2024;21:22:29;98.73;173.723;239.823;242.6;8.5;559.9;
1710538649;15.03.2024;21:37:29;98.732;173.725;239.828;242.6;8.5;559.9;
1710539550;15.03.2024;21:52:30;98.733;173.726;239.832;242.6;8.5;559.9;
1710540450;15.03.2024;22:07:30;98.734;173.728;239.837;242.6;8.5;559.9;
1710541350;15.03.2024;22:22:30;98.736;173.73;239.842;242.6;8.5;559.9;
1710542251;15.03.2024;22:37:31;98.737;173.732;239.847;242.6;8.5;559.9;
1710543151;15.03.2024;22:52:31;98.739;173.734;239.852;242.6;8.5;559.9;
1710544051;15.03.2024;23:07:31;98.74;173.735;239.856;242.6;8.5;559.9;
1710544952;15.03.2024;23:22:32;98.741;173.737;239.861;242.6;8.5;559.9;
1710545852;15.03.2024;23:37:32;98.743;173.739;239.866;242.6;8.5;559.9;
1710546752;15.03.2024;23:52:32;98.744;173.741;239.87;242.6;8.5;559.9;
1710547652;16.03.2024;00:07:32;98.746;173.743;239.875;242.6;8.5;559.9;
1710548553;16.03.2024;00:22:33;98.747;173.744;239.88;242.6;8.5;559.9;
1710549453;16.03.2024;00:37:33;98.748;173.747;239.884;242.6;8.5;559.9;
1710550353;16.03.2024;00:52:33;98.75;173.749;239.889;242.6;8.5;559.9;
1710551254;16.03.2024;01:07:34;98.751;173.75;239.894;242.6;8.5;559.9;
1710552154;16.03.2024;01:22:34;98.753;173.752;239.898;242.6;8.5;559.9;
1710553054;16.03.2024;01:37:34;98.754;173.754;239.903;242.6;8.5;559.9;
1710553955;16.03.2024;01:52:35;98.755;173.756;239.908;242.6;8.5;559.9;
1710554855;16.03.2024;02:07:35;98.757;173.758;239.913;242.6;8.5;559.9;
1710555755;16.03.2024;02:22:35;98.758;173.76;239.918;242.6;8.5;559.9;
1710556655;16.03.2024;02:37:35;98.76;173.762;239.922;242.6;8.5;559.9;
1710557556;16.03.2024;02:52:36;98.761;173.764;239.927;242.6;8.5;559.9;
1710558456;16.03.2024;03:07:36;98.762;173.766;239.932;242.6;8.5;559.9;
1710559356;16.03.2024;03:22:36;98.764;173.768;239.937;242.6;8.5;559.9;
1710560257;16.03.2024;03:37:37;98.765;173.77;239.941;242.6;8.5;559.9;
1710561157;16.03.2024;03:52:37;98.767;173.772;239.946;242.6;8.5;559.9;
1710562057;16.03.2024;04:07:37;98.768;173.774;239.951;242.6;8.5;559.9;
1710562958;16.03.2024;04:22:38;98.77;173.776;239.956;242.6;8.5;559.9;
1710563858;16.03.2024;04:37:38;98.771;173.778;239.961;242.6;8.5;559.9;
1710564758;16.03.2024;04:52:38;98.772;173.78;239.965;242.6;8.5;559.9;
1710565658;16.03.2024;05:07:38;98.774;173.786;239.973;242.6;8.5;559.9;
1710566559;16.03.2024;05:22:39;98.778;173.793;239.983;242.6;8.5;559.9;
1710567459;16.03.2024;05:37:39;98.781;173.796;239.991;242.6;8.5;559.9;
1710568359;16.03.2024;05:52:39;98.783;173.799;239.996;242.6;8.5;559.9;
1710569260;16.03.2024;06:07:40;98.784;173.802;240.002;242.6;8.5;559.9;
1710570160;16.03.2024;06:22:40;98.786;173.804;240.008;242.6;8.5;559.9;
1710571060;16.03.2024;06:37:40;98.788;173.806;240.014;242.6;8.5;559.9;
1710571961;16.03.2024;06:52:41;98.79;173.809;240.019;242.6;8.5;559.9;
1710572861;16.03.2024;07:07:41;98.791;173.811;240.025;242.6;8.5;559.9;
1710573761;16.03.2024;07:22:41;98.793;173.814;240.031;242.6;8.5;559.9;
1710574662;16.03.2024;07:37:42;98.795;173.816;240.037;242.6;8.5;559.9;
1710575562;16.03.2024;07:52:42;98.796;173.818;240.042;242.6;8.5;559.9;
1710576462;16.03.2024;08:07:42;98.798;173.821;240.048;242.6;8.5;559.9;
1710577363;16.03.2024;08:22:43;98.8;173.824;240.055;242.6;8.5;559.9;
1710578263;16.03.2024;08:37:43;98.802;173.826;240.06;242.6;8.5;559.9;
1710579163;16.03.2024;08:52:43;98.803;173.828;240.066;242.6;8.5;559.9;
1710580063;16.03.2024;09:07:43;98.805;173.83;240.071;242.6;8.5;559.9;
1710580964;16.03.2024;09:22:44;98.806;173.833;240.077;242.6;8.5;559.9;
1710581864;16.03.2024;09:37:44;98.808;173.835;240.083;242.6;8.5;559.9;
1710582764;16.03.2024;09:52:44;98.81;173.837;240.088;242.6;8.5;559.9;
1710583665;16.03.2024;10:07:45;98.811;173.839;240.094;242.6;8.5;559.9;
1710584565;16.03.2024;10:22:45;98.812;173.842;240.099;242.6;8.5;559.9;
1710585465;16.03.2024;10:37:45;98.814;173.844;240.105;242.6;8.5;559.9;
1710586366;16.03.2024;10:52:46;98.815;173.846;240.111;242.6;8.5;559.9;
1710587266;16.03.2024;11:07:46;98.817;173.848;240.116;242.6;8.5;559.9;
1710588166;16.03.2024;11:22:46;98.818;173.85;240.121;242.6;8.5;559.9;
1710589066;16.03.2024;11:37:46;98.82;173.853;240.127;242.6;8.5;559.9;
1710589967;16.03.2024;11:52:47;98.821;173.855;240.133;242.6;8.5;559.9;
1710590867;16.03.2024;12:07:47;98.822;173.856;240.139;242.6;8.5;559.9;
1710591767;16.03.2024;12:22:47;98.824;173.859;240.144;242.6;8.5;559.9;
1710592668;16.03.2024;12:37:48;98.825;173.862;240.15;242.6;8.5;559.9;
1710593568;16.03.2024;12:52:48;98.827;173.864;240.156;242.6;8.5;559.9;
1710594468;16.03.2024;13:07:48;98.829;173.866;240.161;242.6;8.5;559.9;
1710595369;16.03.2024;13:22:49;98.83;173.868;240.167;242.6;8.5;559.9;
1710596269;16.03.2024;13:37:49;98.832;173.87;240.172;242.6;8.5;559.9;
1710597169;16.03.2024;13:52:49;98.833;173.872;240.178;242.6;8.5;559.9;
1710598069;16.03.2024;14:07:49;98.835;173.874;240.184;242.6;8.5;559.9;
1710598970;16.03.2024;14:22:50;98.837;173.876;240.189;242.6;8.5;559.9;
1710599870;16.03.2024;14:37:50;98.838;173.879;240.194;242.6;8.5;559.9;
1710600770;16.03.2024;14:52:50;98.84;173.881;240.199;242.6;8.5;559.9;
1710601671;16.03.2024;15:07:51;98.841;173.883;240.205;242.6;8.5;559.9;
1710602571;16.03.2024;15:22:51;98.842;173.885;240.211;242.6;8.5;559.9;
1710603471;16.03.2024;15:37:51;98.844;173.886;240.216;242.6;8.5;559.9;
1710604372;16.03.2024;15:52:52;98.845;173.888;240.221;242.6;8.5;559.9;
1710605272;16.03.2024;16:07:52;98.846;173.89;240.226;242.6;8.5;559.9;
1710606172;16.03.2024;16:22:52;98.847;173.892;240.231;242.6;8.5;559.9;
1710607072;16.03.2024;16:37:52;98.848;173.894;240.236;242.6;8.5;559.9;
1710607973;16.03.2024;16:52:53;98.85;173.897;240.242;242.6;8.5;559.9;
1710608873;16.03.2024;17:07:53;98.851;173.899;240.247;242.6;8.5;559.9;
1710609773;16.03.2024;17:22:53;98.853;173.901;240.252;242.6;8.5;559.9;
1710610674;16.03.2024;17:37:54;98.854;173.902;240.257;242.6;8.5;559.9;
1710611574;16.03.2024;17:52:54;98.856;173.905;240.262;242.6;8.5;559.9;
1710612474;16.03.2024;18:07:54;98.857;173.907;240.268;242.6;8.5;559.9;
1710613375;16.03.2024;18:22:55;98.859;173.909;240.273;242.6;8.5;559.9;
1710614275;16.03.2024;18:37:55;98.861;173.911;240.279;242.6;8.5;559.9;
1710615175;16.03.2024;18:52:55;98.862;173.914;240.285;242.6;8.5;559.9;
1710616075;16.03.2024;19:07:55;98.864;173.916;240.288;242.6;8.5;559.9;
1710616976;16.03.2024;19:22:56;98.864;173.916;240.29;242.6;8.5;559.9;
1710617876;16.03.2024;19:37:56;98.864;173.916;240.292;242.6;8.5;559.9;
1710618776;16.03.2024;19:52:56;98.865;173.916;240.296;242.6;8.5;559.9;
1710619677;16.03.2024;20:07:57;98.866;173.916;240.301;242.6;8.5;559.9;
1710620577;16.03.2024;20:22:57;98.867;173.917;240.306;242.6;8.5;559.9;
1710621477;16.03.2024;20:37:57;98.869;173.919;240.311;242.6;8.5;559.9;
1710622378;16.03.2024;20:52:58;98.871;173.922;240.316;242.6;8.5;559.9;
1710623278;16.03.2024;21:07:58;98.872;173.925;240.321;242.6;8.5;559.9;
1710624178;16.03.2024;21:22:58;98.874;173.928;240.325;242.6;8.5;559.9;
1710625079;16.03.2024;21:37:59;98.875;173.93;240.331;242.6;8.5;559.9;
1710625979;16.03.2024;21:52:59;98.876;173.932;240.338;242.6;8.5;559.9;
1710626879;16.03.2024;22:07:59;98.878;173.934;240.343;242.6;8.5;559.9;
1710627779;16.03.2024;22:22:59;98.879;173.936;240.348;242.6;8.5;559.9;
1710628680;16.03.2024;22:38:00;98.881;173.938;240.353;242.6;8.5;559.9;
1710629580;16.03.2024;22:53:00;98.882;173.94;240.358;242.6;8.5;559.9;
1710630480;16.03.2024;23:08:00;98.884;173.942;240.362;242.6;8.5;559.9;
1710631381;16.03.2024;23:23:01;98.885;173.945;240.367;242.6;8.5;559.9;
1710632281;16.03.2024;23:38:01;98.887;173.948;240.372;242.6;8.5;559.9;
1710633181;16.03.2024;23:53:01;98.888;173.95;240.377;242.6;8.5;559.9;
1710634082;17.03.2024;00:08:02;98.89;173.952;240.383;242.6;8.5;559.9;
1710634982;17.03.2024;00:23:02;98.891;173.956;240.388;242.6;8.5;559.9;
1710635882;17.03.2024;00:38:02;98.893;173.959;240.394;242.6;8.5;559.9;
1710636783;17.03.2024;00:53:03;98.894;173.961;240.402;242.6;8.5;559.9;
1710637683;17.03.2024;01:08:03;98.896;173.963;240.407;242.6;8.5;559.9;
1710638583;17.03.2024;01:23:03;98.897;173.965;240.412;242.6;8.5;559.9;
1710639483;17.03.2024;01:38:03;98.899;173.968;240.417;242.6;8.5;559.9;
1710640384;17.03.2024;01:53:04;98.9;173.971;240.422;242.6;8.5;559.9;
1710641284;17.03.2024;02:08:04;98.902;173.973;240.427;242.6;8.5;559.9;
1710642184;17.03.2024;02:23:04;98.903;173.976;240.432;242.6;8.5;559.9;
1710643085;17.03.2024;02:38:05;98.905;173.979;240.437;242.6;8.5;559.9;
1710643985;17.03.2024;02:53:05;98.906;173.981;240.442;242.6;8.5;559.9;
1710644885;17.03.2024;03:08:05;98.908;173.983;240.447;242.6;8.5;559.9;
1710645786;17.03.2024;03:23:06;98.909;173.985;240.452;242.6;8.5;559.9;
1710646686;17.03.2024;03:38:06;98.911;173.989;240.457;242.6;8.5;559.9;
1710647586;17.03.2024;03:53:06;98.912;173.992;240.462;242.6;8.5;559.9;
1710648487;17.03.2024;04:08:07;98.914;173.994;240.467;242.6;8.5;559.9;
1710649387;17.03.2024;04:23:07;98.916;173.996;240.472;242.6;8.5;559.9;
1710650287;17.03.2024;04:38:07;98.918;173.999;240.478;242.6;8.5;559.9;
1710651187;17.03.2024;04:53:07;98.919;174.002;240.486;242.6;8.5;559.9;
1710652088;17.03.2024;05:08:08;98.921;174.007;240.494;242.6;8.5;559.9;
1710652988;17.03.2024;05:23:08;98.925;174.015;240.505;242.6;8.5;559.9;
1710653888;17.03.2024;05:38:08;98.928;174.019;240.513;242.6;8.5;559.9;
1710654789;17.03.2024;05:53:09;98.93;174.022;240.519;242.6;8.5;559.9;
1710655689;17.03.2024;06:08:09;98.931;174.024;240.525;242.6;8.5;559.9;
1710656589;17.03.2024;06:23:09;98.933;174.026;240.532;242.6;8.5;559.9;
1710657490;17.03.2024;06:38:10;98.936;174.029;240.538;242.6;8.5;559.9;
1710658390;17.03.2024;06:53:10;98.938;174.034;240.544;242.6;8.5;559.9;
1710659290;17.03.2024;07:08:10;98.94;174.036;240.55;242.6;8.5;559.9;
1710660190;17.03.2024;07:23:10;98.942;174.039;240.556;242.6;8.5;559.9;
1710661091;17.03.2024;07:38:11;98.943;174.04;240.562;242.6;8.5;559.9;
1710661991;17.03.2024;07:53:11;98.945;174.044;240.568;242.6;8.5;559.9;
1710662891;17.03.2024;08:08:11;98.947;174.048;240.574;242.6;8.5;559.9;
1710663792;17.03.2024;08:23:12;98.949;174.05;240.58;242.6;8.5;559.9;
1710664692;17.03.2024;08:38:12;98.95;174.052;240.587;242.6;8.5;559.9;
1710665592;17.03.2024;08:53:12;98.952;174.055;240.595;242.6;8.5;559.9;
1710666493;17.03.2024;09:08:13;98.954;174.058;240.602;242.6;8.5;559.9;
1710667393;17.03.2024;09:23:13;98.956;174.061;240.608;242.6;8.5;559.9;
1710668293;17.03.2024;09:38:13;98.957;174.063;240.613;242.6;8.5;559.9;
1710669193;17.03.2024;09:53:13;98.959;174.064;240.619;242.6;8.5;559.9;
1710670094;17.03.2024;10:08:14;98.961;174.068;240.625;242.6;8.5;559.9;
1710670994;17.03.2024;10:23:14;98.962;174.071;240.63;242.6;8.5;559.9;
1710671894;17.03.2024;10:38:14;98.964;174.074;240.636;242.6;8.5;559.9;
1710672795;17.03.2024;10:53:15;98.966;174.075;240.641;242.6;8.5;559.9;
1710673695;17.03.2024;11:08:15;98.967;174.077;240.647;242.6;8.5;559.9;
1710674595;17.03.2024;11:23:15;98.969;174.081;240.653;242.6;8.5;559.9;
1710675496;17.03.2024;11:38:16;98.971;174.083;240.658;242.6;8.5;559.9;
1710676396;17.03.2024;11:53:16;98.972;174.085;240.664;242.6;8.5;559.9;
1710677296;17.03.2024;12:08:16;98.974;174.087;240.669;242.6;8.5;559.9;
1710678197;17.03.2024;12:23:17;98.975;174.089;240.674;242.6;8.5;559.9;
1710679097;17.03.2024;12:38:17;98.977;174.091;240.68;242.6;8.5;559.9;
1710679997;17.03.2024;12:53:17;98.978;174.093;240.685;242.6;8.5;559.9;
1710680897;17.03.2024;13:08:17;98.98;174.095;240.69;242.6;8.5;559.9;
1710681798;17.03.2024;13:23:18;98.981;174.097;240.696;242.6;8.5;559.9;
1710682698;17.03.2024;13:38:18;98.982;174.101;240.701;242.6;8.5;559.9;
1710683598;17.03.2024;13:53:18;98.983;174.103;240.706;242.6;8.5;559.9;
1710684499;17.03.2024;14:08:19;98.984;174.104;240.712;242.6;8.5;559.9;
1710685399;17.03.2024;14:23:19;98.986;174.106;240.717;242.6;8.5;559.9;
1710686299;17.03.2024;14:38:19;98.988;174.108;240.723;242.6;8.5;559.9;
1710687200;17.03.2024;14:53:20;98.989;174.11;240.728;242.6;8.5;559.9;
1710688100;17.03.2024;15:08:20;98.991;174.111;240.733;242.6;8.5;559.9;
1710689000;17.03.2024;15:23:20;98.992;174.113;240.738;242.6;8.5;559.9;
1710689900;17.03.2024;15:38:20;98.993;174.116;240.743;242.6;8.5;559.9;
1710690801;17.03.2024;15:53:21;98.995;174.119;240.748;242.6;8.5;559.9;
1710691701;17.03.2024;16:08:21;98.996;174.121;240.753;242.6;8.5;559.9;
1710692601;17.03.2024;16:23:21;98.997;174.122;240.758;242.6;8.5;559.9;
1710693502;17.03.2024;16:38:22;98.998;174.124;240.763;242.6;8.5;559.9;
1710694402;17.03.2024;16:53:22;99;174.125;240.768;242.6;8.5;559.9;
1710695302;17.03.2024;17:08:22;99.002;174.127;240.773;242.6;8.5;559.9;
1710696203;17.03.2024;17:23:23;99.003;174.129;240.778;242.6;8.5;559.9;
1710697103;17.03.2024;17:38:23;99.005;174.131;240.783;242.6;8.5;559.9;
1710698003;17.03.2024;17:53:23;99.006;174.133;240.789;242.6;8.5;559.9;
1710698904;17.03.2024;18:08:24;99.008;174.135;240.794;242.6;8.5;559.9;
1710699804;17.03.2024;18:23:24;99.009;174.137;240.8;242.6;8.5;559.9;
1710700704;17.03.2024;18:38:24;99.01;174.139;240.806;242.6;8.5;559.9;
1710701604;17.03.2024;18:53:24;99.011;174.141;240.811;242.6;8.5;559.9;
1710702505;17.03.2024;19:08:25;99.013;174.142;240.815;242.6;8.5;559.9;
1710703405;17.03.2024;19:23:25;99.013;174.142;240.815;242.6;8.5;559.9;
1710704305;17.03.2024;19:38:25;99.013;174.142;240.817;242.6;8.5;559.9;
1710705206;17.03.2024;19:53:26;99.014;174.142;240.821;242.6;8.5;559.9;
1710706106;17.03.2024;20:08:26;99.015;174.142;240.826;242.6;8.5;559.9;
1710707006;17.03.2024;20:23:26;99.016;174.142;240.83;242.6;8.5;559.9;
1710707907;17.03.2024;20:38:27;99.018;174.143;240.835;242.6;8.5;559.9;
1710708807;17.03.2024;20:53:27;99.019;174.146;240.839;242.6;8.5;559.9;
1710709707;17.03.2024;21:08:27;99.021;174.15;240.844;242.6;8.5;559.9;
1710710607;17.03.2024;21:23:27;99.022;174.152;240.848;242.6;8.5;559.9;
1710711508;17.03.2024;21:38:28;99.023;174.154;240.853;242.6;8.5;559.9;
1710712408;17.03.2024;21:53:28;99.025;174.155;240.858;242.6;8.5;559.9;
1710713308;17.03.2024;22:08:28;99.026;174.157;240.863;242.6;8.5;559.9;
1710714209;17.03.2024;22:23:29;99.028;174.158;240.867;242.6;8.5;559.9;
1710715109;17.03.2024;22:38:29;99.029;174.16;240.871;242.6;8.5;559.9;
1710716009;17.03.2024;22:53:29;99.03;174.162;240.876;242.6;8.5;559.9;
1710716910;17.03.2024;23:08:30;99.032;174.165;240.88;242.6;8.5;559.9;
1710717810;17.03.2024;23:23:30;99.033;174.167;240.885;242.6;8.5;559.9;
1710718710;17.03.2024;23:38:30;99.034;174.169;240.889;242.6;8.5;559.9;
1710719611;17.03.2024;23:53:31;99.036;174.171;240.894;242.6;8.5;559.9;
1710720511;18.03.2024;00:08:31;99.037;174.172;240.898;242.6;8.5;559.9;
1710721411;18.03.2024;00:23:31;99.038;174.174;240.903;242.6;8.5;559.9;
1710722311;18.03.2024;00:38:31;99.04;174.175;240.908;242.6;8.5;559.9;
1710723212;18.03.2024;00:53:32;99.041;174.177;240.912;242.6;8.5;559.9;
1710724112;18.03.2024;01:08:32;99.043;174.179;240.917;242.6;8.5;559.9;
1710725012;18.03.2024;01:23:32;99.044;174.182;240.923;242.6;8.5;559.9;
1710725913;18.03.2024;01:38:33;99.045;174.185;240.928;242.6;8.5;559.9;
1710726813;18.03.2024;01:53:33;99.047;174.187;240.933;242.6;8.5;559.9;
1710727713;18.03.2024;02:08:33;99.048;174.188;240.938;242.6;8.5;559.9;
1710728614;18.03.2024;02:23:34;99.05;174.19;240.943;242.6;8.5;559.9;
1710729514;18.03.2024;02:38:34;99.051;174.192;240.947;242.6;8.5;559.9;
1710730414;18.03.2024;02:53:34;99.052;174.193;240.952;242.6;8.5;559.9;
1710731315;18.03.2024;03:08:35;99.059;174.195;240.961;242.6;8.5;559.9;
1710732215;18.03.2024;03:23:35;99.066;174.198;240.992;242.6;8.5;559.9;
1710733115;18.03.2024;03:38:35;99.07;174.202;241.009;242.6;8.5;559.9;
1710734015;18.03.2024;03:53:35;99.074;174.204;241.022;242.6;8.5;559.9;
1710734916;18.03.2024;04:08:36;99.078;174.207;241.034;242.6;8.5;559.9;
1710735816;18.03.2024;04:23:36;99.081;174.209;241.045;242.6;8.5;559.9;
1710736716;18.03.2024;04:38:36;99.084;174.212;241.055;242.6;8.5;559.9;
1710737617;18.03.2024;04:53:37;99.086;174.215;241.066;242.6;8.5;559.9;
1710738517;18.03.2024;05:08:37;99.089;174.221;241.08;242.6;8.5;559.9;
1710739417;18.03.2024;05:23:37;99.094;174.229;241.096;242.6;8.5;559.9;
1710740318;18.03.2024;05:38:38;99.099;174.233;241.107;242.6;8.5;559.9;
1710741218;18.03.2024;05:53:38;99.102;174.235;241.119;242.6;8.5;559.9;
1710742118;18.03.2024;06:08:38;99.105;174.238;241.129;242.6;8.5;559.9;
1710743018;18.03.2024;06:23:38;99.108;174.241;241.138;242.6;8.5;560;
1710743919;18.03.2024;06:38:39;99.111;174.244;241.148;242.6;8.5;560;
1710744819;18.03.2024;06:53:39;99.114;174.247;241.157;242.6;8.5;560;
1710745719;18.03.2024;07:08:39;99.116;174.25;241.166;242.6;8.5;560.1;
1710746620;18.03.2024;07:23:40;99.119;174.253;241.175;242.6;8.5;560.1;
1710747520;18.03.2024;07:38:40;99.121;174.256;241.185;242.6;8.5;560.1;
1710748420;18.03.2024;07:53:40;99.124;174.259;241.195;242.6;8.5;560.1;
1710749321;18.03.2024;08:08:41;99.126;174.262;241.209;242.6;8.5;560.1;
1710750221;18.03.2024;08:23:41;99.129;174.265;241.223;242.6;8.5;560.1;
1710751121;18.03.2024;08:38:41;99.131;174.268;241.237;242.6;8.5;560.1;
1710752021;18.03.2024;08:53:41;99.133;174.27;241.251;242.6;8.5;560.1;
1710752922;18.03.2024;09:08:42;99.135;174.273;241.26;242.6;8.5;560.1;
1710753822;18.03.2024;09:23:42;99.137;174.275;241.269;242.6;8.5;560.1;
1710754722;18.03.2024;09:38:42;99.138;174.277;241.28;242.6;8.5;560.1;
1710755623;18.03.2024;09:53:43;99.14;174.28;241.292;242.6;8.5;560.2;
1710756523;18.03.2024;10:08:43;99.142;174.282;241.303;242.6;8.5;560.2;
1710757423;18.03.2024;10:23:43;99.143;174.285;241.314;242.6;8.5;560.2;
1710758324;18.03.2024;10:38:44;99.145;174.287;241.327;242.6;8.5;560.2;
1710759224;18.03.2024;10:53:44;99.146;174.29;241.337;242.6;8.5;560.3;
1710760124;18.03.2024;11:08:44;99.148;174.292;241.345;242.6;8.5;560.3;
1710761025;18.03.2024;11:23:45;99.149;174.294;241.353;242.6;8.5;560.3;
1710761925;18.03.2024;11:38:45;99.15;174.296;241.365;242.6;8.5;560.4;
1710762825;18.03.2024;11:53:45;99.151;174.298;241.376;242.6;8.5;560.4;
1710763725;18.03.2024;12:08:45;99.152;174.3;241.383;242.6;8.5;560.4;
1710764626;18.03.2024;12:23:46;99.153;174.302;241.389;242.6;8.5;560.4;
1710765526;18.03.2024;12:38:46;99.154;174.303;241.395;242.6;8.5;560.5;
1710766426;18.03.2024;12:53:46;99.155;174.305;241.4;242.6;8.5;560.5;
1710767327;18.03.2024;13:08:47;99.156;174.307;241.406;242.6;8.5;560.6;
1710768227;18.03.2024;13:23:47;99.157;174.31;241.411;242.6;8.5;560.7;
1710769127;18.03.2024;13:38:47;99.158;174.312;241.416;242.6;8.5;560.7;
1710770028;18.03.2024;13:53:48;99.159;174.313;241.421;242.6;8.5;560.7;
1710770928;18.03.2024;14:08:48;99.161;174.315;241.426;242.6;8.5;560.8;
1710771828;18.03.2024;14:23:48;99.162;174.316;241.432;242.6;8.5;560.8;
1710772728;18.03.2024;14:38:48;99.163;174.317;241.437;242.6;8.5;560.8;
1710773629;18.03.2024;14:53:49;99.164;174.319;241.442;242.6;8.5;560.8;
1710774529;18.03.2024;15:08:49;99.165;174.32;241.447;242.6;8.5;560.8;
1710775429;18.03.2024;15:23:49;99.166;174.322;241.452;242.6;8.5;560.8;
1710776330;18.03.2024;15:38:50;99.167;174.323;241.456;242.6;8.5;560.8;
1710777230;18.03.2024;15:53:50;99.168;174.325;241.461;242.6;8.5;560.9;
1710778130;18.03.2024;16:08:50;99.169;174.326;241.465;242.6;8.5;560.9;
1710779031;18.03.2024;16:23:51;99.17;174.328;241.47;242.6;8.5;561;
1710779931;18.03.2024;16:38:51;99.171;174.329;241.474;242.6;8.5;561;
1710780831;18.03.2024;16:53:51;99.172;174.331;241.479;242.6;8.5;561;
1710781732;18.03.2024;17:08:52;99.173;174.333;241.484;242.6;8.5;561.1;
1710782632;18.03.2024;17:23:52;99.174;174.335;241.489;242.6;8.5;561.1;
1710783532;18.03.2024;17:38:52;99.175;174.337;241.493;242.6;8.5;561.1;
1710784432;18.03.2024;17:53:52;99.176;174.338;241.498;242.6;8.5;561.2;
1710785333;18.03.2024;18:08:53;99.177;174.34;241.502;242.6;8.5;561.3;
1710786233;18.03.2024;18:23:53;99.178;174.342;241.508;242.6;8.5;561.4;
1710787133;18.03.2024;18:38:53;99.179;174.344;241.513;242.6;8.5;561.4;
1710788034;18.03.2024;18:53:54;99.18;174.347;241.517;242.6;8.5;561.5;
1710788826;18.03.2024;19:07:06;0;0;0;0;0;0;
1710789726;18.03.2024;19:22:06;99.181;174.348;241.528;242.6;8.5;561.6;
1710790626;18.03.2024;19:37:06;99.183;174.348;241.539;242.6;8.5;561.6;
1710791527;18.03.2024;19:52:07;99.185;174.348;241.545;242.6;8.5;561.6;
1710792427;18.03.2024;20:07:07;99.186;174.348;241.55;242.6;8.5;561.6;
1710793327;18.03.2024;20:22:07;99.187;174.348;241.554;242.6;8.5;561.7;
1710794228;18.03.2024;20:37:08;99.188;174.349;241.558;242.6;8.5;561.8;
1710795128;18.03.2024;20:52:08;99.189;174.352;241.561;242.6;8.5;561.8;
1710796028;18.03.2024;21:07:08;99.19;174.354;241.564;242.6;8.5;561.9;
1710796929;18.03.2024;21:22:09;99.191;174.356;241.568;242.6;8.5;561.9;
1710797829;18.03.2024;21:37:09;99.192;174.357;241.571;242.6;8.5;562;
1710798729;18.03.2024;21:52:09;99.193;174.359;241.574;242.6;8.5;562.1;
1710799629;18.03.2024;22:07:09;99.194;174.36;241.578;242.6;8.5;562.1;
1710800530;18.03.2024;22:22:10;99.195;174.362;241.582;242.6;8.5;562.2;
1710801430;18.03.2024;22:37:10;99.197;174.364;241.587;242.6;8.5;562.3;
1710802330;18.03.2024;22:52:10;99.198;174.366;241.591;242.6;8.5;562.3;
1710803231;18.03.2024;23:07:11;99.199;174.367;241.595;242.6;8.5;562.4;
1710804131;18.03.2024;23:22:11;99.2;174.369;241.599;242.6;8.5;562.4;
1710805031;18.03.2024;23:37:11;99.201;174.371;241.603;242.6;8.5;562.5;
1710805932;18.03.2024;23:52:12;99.202;174.373;241.607;242.6;8.5;562.6;
1710806832;19.03.2024;00:07:12;99.203;174.374;241.611;242.6;8.5;562.6;
1710807732;19.03.2024;00:22:12;99.204;174.376;241.615;242.6;8.5;562.7;
1710808632;19.03.2024;00:37:12;99.205;174.378;241.62;242.6;8.5;562.8;
1710809533;19.03.2024;00:52:13;99.206;174.381;241.624;242.6;8.5;562.8;
1710810433;19.03.2024;01:07:13;99.207;174.383;241.628;242.6;8.5;562.9;
1710811333;19.03.2024;01:22:13;99.208;174.384;241.632;242.6;8.5;563;
1710812234;19.03.2024;01:37:14;99.209;174.386;241.636;242.6;8.5;563;
1710813134;19.03.2024;01:52:14;99.211;174.389;241.641;242.6;8.5;563.1;
1710814034;19.03.2024;02:07:14;99.212;174.391;241.646;242.6;8.5;563.1;
1710814935;19.03.2024;02:22:15;99.213;174.393;241.651;242.6;8.5;563.2;
1710815835;19.03.2024;02:37:15;99.214;174.395;241.655;242.6;8.5;563.3;
1710816735;19.03.2024;02:52:15;99.215;174.397;241.659;242.6;8.5;563.3;
1710817636;19.03.2024;03:07:16;99.22;174.4;241.665;242.6;8.5;563.4;
1710818536;19.03.2024;03:22:16;99.227;174.403;241.689;242.6;8.5;563.5;
1710819436;19.03.2024;03:37:16;99.23;174.407;241.703;242.6;8.5;563.5;
1710820336;19.03.2024;03:52:16;99.233;174.411;241.713;242.6;8.5;563.6;
1710821237;19.03.2024;04:07:17;99.236;174.414;241.723;242.6;8.5;563.7;
1710822137;19.03.2024;04:22:17;99.238;174.417;241.733;242.6;8.5;563.7;
1710823037;19.03.2024;04:37:17;99.241;174.421;241.743;242.6;8.5;563.8;
1710823938;19.03.2024;04:52:18;99.244;174.425;241.752;242.6;8.5;563.8;
1710824838;19.03.2024;05:07:18;99.247;174.431;241.762;242.6;8.5;563.9;
1710825738;19.03.2024;05:22:18;99.251;174.44;241.777;242.6;8.5;564;
1710826639;19.03.2024;05:37:19;99.255;174.446;241.789;242.6;8.5;564.1;
1710827539;19.03.2024;05:52:19;99.259;174.45;241.8;242.6;8.5;564.1;
1710828439;19.03.2024;06:07:19;99.262;174.453;241.808;242.6;8.5;564.2;
1710829340;19.03.2024;06:22:20;99.265;174.456;241.816;242.6;8.5;564.3;
1710830240;19.03.2024;06:37:20;99.267;174.46;241.823;242.6;8.5;564.3;
1710831140;19.03.2024;06:52:20;99.269;174.464;241.83;242.6;8.5;564.4;
1710832040;19.03.2024;07:07:20;99.271;174.468;241.839;242.6;8.5;564.4;
1710832941;19.03.2024;07:22:21;99.273;174.472;241.849;242.6;8.5;564.4;
1710833841;19.03.2024;07:37:21;99.274;174.476;241.86;242.6;8.5;564.4;
1710834741;19.03.2024;07:52:21;99.277;174.48;241.87;242.6;8.5;564.4;
1710835642;19.03.2024;08:07:22;99.278;174.483;241.879;242.6;8.5;564.4;
1710836542;19.03.2024;08:22:22;99.28;174.487;241.889;242.6;8.5;564.4;
1710837442;19.03.2024;08:37:22;99.282;174.491;241.897;242.6;8.5;564.4;
1710838342;19.03.2024;08:52:22;99.284;174.494;241.904;242.6;8.5;564.4;
1710839243;19.03.2024;09:07:23;99.285;174.497;241.91;242.6;8.5;564.4;
1710840143;19.03.2024;09:22:23;99.286;174.499;241.916;242.6;8.5;564.5;
1710841043;19.03.2024;09:37:23;99.288;174.503;241.924;242.6;8.5;564.5;
1710841944;19.03.2024;09:52:24;99.289;174.505;241.93;242.6;8.5;564.5;
1710842844;19.03.2024;10:07:24;99.29;174.507;241.935;242.6;8.5;564.5;
1710843744;19.03.2024;10:22:24;99.291;174.508;241.94;242.6;8.5;564.6;
1710844645;19.03.2024;10:37:25;99.292;174.51;241.945;242.6;8.5;564.6;
1710845545;19.03.2024;10:52:25;99.293;174.512;241.95;242.6;8.5;564.6;
1710846445;19.03.2024;11:07:25;99.294;174.514;241.956;242.6;8.5;564.6;
1710847346;19.03.2024;11:22:26;99.296;174.515;241.961;242.6;8.5;564.6;
1710848246;19.03.2024;11:37:26;99.297;174.517;241.965;242.6;8.5;564.7;
1710849146;19.03.2024;11:52:26;99.297;174.518;241.971;242.6;8.5;564.7;
1710850046;19.03.2024;12:07:26;99.298;174.519;241.976;242.6;8.5;564.8;
1710850947;19.03.2024;12:22:27;99.299;174.521;241.98;242.6;8.5;564.8;
1710851847;19.03.2024;12:37:27;99.3;174.522;241.985;242.6;8.5;564.8;
1710852747;19.03.2024;12:52:27;99.301;174.524;241.989;242.6;8.5;564.8;
1710853648;19.03.2024;13:07:28;99.302;174.525;241.993;242.6;8.5;564.9;
1710854548;19.03.2024;13:22:28;99.303;174.527;241.997;242.6;8.5;564.9;
1710855448;19.03.2024;13:37:28;99.304;174.528;242.001;242.6;8.5;564.9;
1710856349;19.03.2024;13:52:29;99.305;174.53;242.006;242.6;8.5;564.9;
1710857249;19.03.2024;14:07:29;99.306;174.531;242.01;242.6;8.5;564.9;
1710858149;19.03.2024;14:22:29;99.306;174.532;242.013;242.6;8.5;565;
1710859049;19.03.2024;14:37:29;99.307;174.533;242.018;242.6;8.5;565;
1710859950;19.03.2024;14:52:30;99.308;174.535;242.022;242.6;8.5;565.1;
1710860850;19.03.2024;15:07:30;99.309;174.537;242.026;242.6;8.5;565.1;
1710861750;19.03.2024;15:22:30;99.31;174.539;242.03;242.6;8.5;565.1;
1710862651;19.03.2024;15:37:31;99.311;174.54;242.034;242.6;8.5;565.1;
1710863551;19.03.2024;15:52:31;99.312;174.541;242.038;242.6;8.5;565.1;
1710864451;19.03.2024;16:07:31;99.313;174.542;242.042;242.6;8.5;565.1;
1710865352;19.03.2024;16:22:32;99.314;174.543;242.046;242.6;8.5;565.2;
1710866252;19.03.2024;16:37:32;99.314;174.544;242.05;242.6;8.5;565.2;
1710867152;19.03.2024;16:52:32;99.315;174.546;242.054;242.6;8.5;565.2;
1710868052;19.03.2024;17:07:32;99.316;174.548;242.058;242.6;8.5;565.2;
1710868953;19.03.2024;17:22:33;99.317;174.549;242.062;242.6;8.5;565.3;
1710869853;19.03.2024;17:37:33;99.318;174.55;242.067;242.6;8.5;565.3;
1710870753;19.03.2024;17:52:33;99.319;174.551;242.072;242.6;8.5;565.3;
1710871654;19.03.2024;18:07:34;99.32;174.554;242.076;242.6;8.5;565.3;
1710872554;19.03.2024;18:22:34;99.321;174.556;242.081;242.6;8.5;565.3;
1710873454;19.03.2024;18:37:34;99.322;174.558;242.087;242.6;8.5;565.3;
1710874355;19.03.2024;18:52:35;99.324;174.56;242.091;242.6;8.5;565.3;
1710875255;19.03.2024;19:07:35;99.324;174.561;242.094;242.6;8.5;565.3;
1710876155;19.03.2024;19:22:35;99.325;174.561;242.095;242.6;8.5;565.3;
1710877055;19.03.2024;19:37:35;99.325;174.561;242.096;242.6;8.5;565.3;
1710877956;19.03.2024;19:52:36;99.325;174.561;242.099;242.6;8.5;565.3;
1710878856;19.03.2024;20:07:36;99.325;174.561;242.102;242.6;8.5;565.3;
1710879756;19.03.2024;20:22:36;99.326;174.561;242.106;242.6;8.5;565.3;
1710880657;19.03.2024;20:37:37;99.327;174.562;242.11;242.6;8.5;565.3;
1710881557;19.03.2024;20:52:37;99.328;174.564;242.114;242.6;8.5;565.3;
1710882457;19.03.2024;21:07:37;99.329;174.567;242.118;242.6;8.5;565.3;
1710883358;19.03.2024;21:22:38;99.33;174.569;242.122;242.6;8.5;565.3;
1710884258;19.03.2024;21:37:38;99.331;174.571;242.126;242.6;8.5;565.3;
1710885158;19.03.2024;21:52:38;99.332;174.573;242.129;242.6;8.5;565.3;
1710886058;19.03.2024;22:07:38;99.333;174.574;242.133;242.6;8.5;565.3;
1710886959;19.03.2024;22:22:39;99.334;174.576;242.137;242.6;8.5;565.3;
1710887859;19.03.2024;22:37:39;99.335;174.578;242.141;242.6;8.5;565.3;
1710888759;19.03.2024;22:52:39;99.336;174.58;242.145;242.6;8.5;565.3;
1710889660;19.03.2024;23:07:40;99.337;174.582;242.149;242.6;8.5;565.3;
1710890560;19.03.2024;23:22:40;99.338;174.584;242.152;242.6;8.5;565.3;
1710891460;19.03.2024;23:37:40;99.339;174.586;242.156;242.6;8.5;565.3;
1710892361;19.03.2024;23:52:41;99.34;174.588;242.16;242.6;8.5;565.3;
1710893261;20.03.2024;00:07:41;99.341;174.589;242.164;242.6;8.5;565.3;
1710894161;20.03.2024;00:22:41;99.342;174.591;242.168;242.6;8.5;565.3;
1710895061;20.03.2024;00:37:41;99.344;174.594;242.172;242.6;8.5;565.3;
1710895962;20.03.2024;00:52:42;99.345;174.596;242.177;242.6;8.5;565.3;
1710896862;20.03.2024;01:07:42;99.346;174.598;242.181;242.6;8.5;565.3;
1710897762;20.03.2024;01:22:42;99.347;174.6;242.185;242.6;8.5;565.3;
1710898663;20.03.2024;01:37:43;99.348;174.602;242.189;242.6;8.5;565.3;
1710899563;20.03.2024;01:52:43;99.349;174.604;242.193;242.6;8.5;565.3;
1710900463;20.03.2024;02:07:43;99.35;174.606;242.197;242.6;8.5;565.3;
1710901364;20.03.2024;02:22:44;99.351;174.608;242.201;242.6;8.5;565.3;
1710902264;20.03.2024;02:37:44;99.352;174.611;242.205;242.6;8.5;565.3;
1710903164;20.03.2024;02:52:44;99.353;174.614;242.21;242.6;8.5;565.3;
1710904065;20.03.2024;03:07:45;99.357;174.617;242.218;242.6;8.5;565.3;
1710904965;20.03.2024;03:22:45;99.364;174.62;242.245;242.6;8.5;565.3;
1710905865;20.03.2024;03:37:45;99.367;174.624;242.262;242.6;8.5;565.3;
1710906765;20.03.2024;03:52:45;99.37;174.628;242.274;242.6;8.5;565.3;
1710907666;20.03.2024;04:07:46;99.372;174.632;242.284;242.6;8.5;565.3;
1710908566;20.03.2024;04:22:46;99.375;174.636;242.293;242.6;8.5;565.3;
1710909466;20.03.2024;04:37:46;99.377;174.639;242.301;242.6;8.5;565.3;
1710910367;20.03.2024;04:52:47;99.379;174.643;242.308;242.6;8.5;565.3;
1710911267;20.03.2024;05:07:47;99.381;174.65;242.317;242.6;8.5;565.3;
1710912167;20.03.2024;05:22:47;99.384;174.66;242.331;242.6;8.5;565.3;
1710913068;20.03.2024;05:37:48;99.387;174.665;242.344;242.6;8.5;565.3;
1710913968;20.03.2024;05:52:48;99.389;174.669;242.36;242.6;8.5;565.3;
1710914868;20.03.2024;06:07:48;99.392;174.674;242.371;242.6;8.5;565.4;
1710915769;20.03.2024;06:22:49;99.394;174.678;242.382;242.6;8.5;565.4;
1710916669;20.03.2024;06:37:49;99.395;174.682;242.392;242.6;8.5;565.5;
1710917569;20.03.2024;06:52:49;99.397;174.686;242.403;242.6;8.5;565.5;
1710918469;20.03.2024;07:07:49;99.399;174.691;242.412;242.6;8.5;565.6;
1710919370;20.03.2024;07:22:50;99.401;174.696;242.421;242.6;8.5;565.6;
1710920270;20.03.2024;07:37:50;99.403;174.7;242.43;242.6;8.5;565.6;
1710921170;20.03.2024;07:52:50;99.406;174.704;242.439;242.6;8.5;565.6;
1710922071;20.03.2024;08:07:51;99.408;174.709;242.449;242.6;8.5;565.6;
1710922971;20.03.2024;08:22:51;99.411;174.713;242.458;242.6;8.5;565.6;
1710923871;20.03.2024;08:37:51;99.413;174.717;242.467;242.6;8.5;565.6;
1710924772;20.03.2024;08:52:52;99.414;174.721;242.474;242.6;8.5;565.6;
1710925672;20.03.2024;09:07:52;99.416;174.724;242.481;242.6;8.5;565.6;
1710926572;20.03.2024;09:22:52;99.417;174.727;242.488;242.6;8.5;565.6;